6 19 720 4
420 185
420 185
420 185
420 185
1	70.769	-29.196	18	14	1	4	1	2	4	8	80	250
2	-79.231	74.084	15	7	1	4	1	2	4	8	148	294
3	97.576	-85.391	19	10	1	4	1	2	4	8	119	219
4	68.832	-19.019	21	5	1	4	1	2	4	8	440	587
5	-87.907	91.417	12	2	1	4	1	2	4	8	347	493
6	-27.185	1.319	14	5	1	4	1	2	4	8	354	448
7	49.321	40.594	2	1	1	4	1	2	4	8	62	225
8	93.058	62.799	16	22	1	4	1	2	4	8	190	316
9	66.827	-43.508	1	9	1	4	1	2	4	8	427	550
10	77.556	98.223	13	21	1	4	1	2	4	8	427	563
11	-60.744	86.188	9	25	1	4	1	2	4	8	431	576
12	79.995	-50.762	16	6	1	4	1	2	4	8	473	630
13	64.497	14.175	17	7	1	4	1	2	4	8	235	393
14	94.934	54.93	7	5	1	4	1	2	4	8	455	580
15	-52.087	66.721	21	8	1	4	1	2	4	8	94	263
16	15.07	8.961	9	7	1	4	1	2	4	8	227	384
17	35.846	-64.678	1	11	1	4	1	2	4	8	73	249
18	23.023	83.251	22	21	1	4	1	2	4	8	443	583
19	-11.115	10.705	23	20	1	4	1	2	4	8	93	229
20	64.93	39.527	5	7	1	4	1	2	4	8	396	566
21	-70.629	-90.927	22	9	1	4	1	2	4	8	189	285
22	-87.41	68.209	25	17	1	4	1	2	4	8	297	463
23	27.174	-34.118	2	16	1	4	1	2	4	8	334	475
24	-53.887	46.247	5	6	1	4	1	2	4	8	195	329
25	-95.191	-1.038	25	14	1	4	1	2	4	8	302	429
26	19.02	74.803	19	10	1	4	1	2	4	8	387	559
27	-26.046	-12.517	1	15	1	4	1	2	4	8	368	517
28	19.23	74.597	7	9	1	4	1	2	4	8	333	453
29	-95.339	60.508	16	22	1	4	1	2	4	8	353	483
30	48.564	-11.497	25	17	1	4	1	2	4	8	189	321
31	42.316	-4.864	3	10	1	4	1	2	4	8	145	300
32	43.546	61.968	24	25	1	4	1	2	4	8	462	607
33	29.527	-98.943	23	20	1	4	1	2	4	8	292	471
34	42.071	-69.016	8	2	1	4	1	2	4	8	239	374
35	-45.613	29.637	1	2	1	4	1	2	4	8	435	579
36	-9.572	-86.566	6	6	1	4	1	2	4	8	278	420
37	3.917	33.51	24	12	1	4	1	2	4	8	126	265
38	85.217	-79.948	17	3	1	4	1	2	4	8	399	505
39	57.628	80.163	22	17	1	4	1	2	4	8	216	356
40	96.538	57.972	15	19	1	4	1	2	4	8	290	453
41	91.649	-41.534	21	17	1	4	1	2	4	8	319	435
42	9.78	93.652	9	6	1	4	1	2	4	8	121	222
43	63.531	94.46	23	21	1	4	1	2	4	8	174	296
44	77.053	47.884	5	9	1	4	1	2	4	8	157	322
45	-36.597	-47.695	22	23	1	4	1	2	4	8	315	409
46	-72.402	23.878	18	6	1	4	1	2	4	8	472	584
47	-78.868	-50.176	5	16	1	4	1	2	4	8	140	278
48	4.082	-89.608	10	3	1	4	1	2	4	8	470	615
49	0.059	92.423	12	10	1	4	1	2	4	8	101	260
50	-76.866	47.64	19	22	1	4	1	2	4	8	98	203
51	83.604	-95.448	17	20	1	4	1	2	4	8	346	473
52	93.73	52.683	21	18	1	4	1	2	4	8	336	466
53	59.516	22.106	11	4	1	4	1	2	4	8	62	214
54	-77.177	-94.324	9	17	1	4	1	2	4	8	295	472
55	34.638	-85.192	11	12	1	4	1	2	4	8	442	583
56	-55.442	-62.205	15	17	1	4	1	2	4	8	92	240
57	-98.137	-73.146	14	20	1	4	1	2	4	8	129	298
58	-73.753	-18.809	13	3	1	4	1	2	4	8	299	416
59	-13.928	37.488	12	12	1	4	1	2	4	8	265	373
60	82.692	-16.542	5	5	1	4	1	2	4	8	144	289
61	19.734	73.01	16	11	1	4	1	2	4	8	150	308
62	-97.99	57.599	18	23	1	4	1	2	4	8	91	249
63	57.439	-82.957	7	25	1	4	1	2	4	8	388	500
64	-82.281	47.029	6	20	1	4	1	2	4	8	245	341
65	44.269	-40.427	23	8	1	4	1	2	4	8	157	258
66	95.576	-2.344	7	19	1	4	1	2	4	8	170	335
67	-8.428	-84.828	5	24	1	4	1	2	4	8	220	376
68	66.208	-86.82	15	5	1	4	1	2	4	8	362	479
69	66.656	-78.973	17	19	1	4	1	2	4	8	295	442
70	40.64	90.624	14	9	1	4	1	2	4	8	419	536
71	3.163	-41.893	7	11	1	4	1	2	4	8	421	579
72	62.926	93.578	16	20	1	4	1	2	4	8	411	526
73	-88.784	48.968	18	6	1	4	1	2	4	8	195	353
74	-35.348	69.916	15	16	1	4	1	2	4	8	240	364
75	48.137	21.153	21	18	1	4	1	2	4	8	422	555
76	-87.774	53.083	13	20	1	4	1	2	4	8	114	245
77	-33.654	28.555	3	5	1	4	1	2	4	8	274	388
78	-81.397	-82.066	6	15	1	4	1	2	4	8	283	449
79	92.41	-10.076	22	21	1	4	1	2	4	8	451	628
80	70.726	-85.392	14	15	1	4	1	2	4	8	340	465
81	35.108	40.007	13	25	1	4	1	2	4	8	126	295
82	-54.311	90.973	12	16	1	4	1	2	4	8	72	188
83	35.154	33.779	11	2	1	4	1	2	4	8	344	520
84	-33.562	-83.864	13	7	1	4	1	2	4	8	325	424
85	42.256	-55.045	12	3	1	4	1	2	4	8	337	435
86	-94.215	-36.933	12	10	1	4	1	2	4	8	142	234
87	89.73	42.601	16	14	1	4	1	2	4	8	438	544
88	-57.644	65.021	19	7	1	4	1	2	4	8	169	295
89	-78.914	80.272	8	20	1	4	1	2	4	8	407	530
90	23.701	24.168	5	4	1	4	1	2	4	8	288	427
91	79.622	96.988	8	7	1	4	1	2	4	8	63	163
92	-63.145	-5.725	14	2	1	4	1	2	4	8	186	313
93	93.216	8.942	7	22	1	4	1	2	4	8	314	492
94	-13.405	93.229	21	13	1	4	1	2	4	8	428	543
95	-50.427	-72.999	3	17	1	4	1	2	4	8	252	342
96	-84.72	-67.492	8	18	1	4	1	2	4	8	209	329
97	44.419	41.31	2	18	1	4	1	2	4	8	249	366
98	-62.745	65.696	22	14	1	4	1	2	4	8	250	384
99	56.967	40.619	1	7	1	4	1	2	4	8	122	246
100	60.497	-71.289	12	17	1	4	1	2	4	8	432	552
101	59.729	-28.772	20	14	1	4	1	2	4	8	133	230
102	27.977	10.761	23	17	1	4	1	2	4	8	454	558
103	-11.22	55.675	12	11	1	4	1	2	4	8	93	204
104	15.038	-71.58	18	23	1	4	1	2	4	8	83	255
105	2.362	-68.305	5	11	1	4	1	2	4	8	464	623
106	58.311	48.743	6	24	1	4	1	2	4	8	231	360
107	-68.317	85.241	12	21	1	4	1	2	4	8	86	230
108	61.408	-70.084	11	14	1	4	1	2	4	8	236	344
109	26.996	69.617	2	16	1	4	1	2	4	8	266	374
110	62.101	-59.575	24	25	1	4	1	2	4	8	67	195
111	65.2	-79.032	21	8	1	4	1	2	4	8	466	592
112	28.54	-57.815	19	18	1	4	1	2	4	8	94	255
113	-70.423	-80.983	20	24	1	4	1	2	4	8	94	247
114	88.97	-62.216	14	20	1	4	1	2	4	8	461	579
115	90.236	65.352	3	10	1	4	1	2	4	8	154	317
116	50.477	43.724	19	4	1	4	1	2	4	8	227	350
117	63.462	15.785	12	14	1	4	1	2	4	8	243	348
118	-96.279	-76.955	3	10	1	4	1	2	4	8	189	291
119	-6.412	-8.384	25	23	1	4	1	2	4	8	265	363
120	-88.11	36.757	21	14	1	4	1	2	4	8	203	320
121	57.635	74.254	5	2	1	4	1	2	4	8	382	516
122	75.649	-22.328	15	5	1	4	1	2	4	8	339	489
123	22.128	-58.142	19	21	1	4	1	2	4	8	201	339
124	-80.607	-68.704	25	7	1	4	1	2	4	8	217	328
125	77.577	55.188	25	21	1	4	1	2	4	8	323	421
126	44.177	29.352	11	12	1	4	1	2	4	8	134	281
127	31.48	34.232	13	20	1	4	1	2	4	8	207	354
128	-53.086	30.88	13	14	1	4	1	2	4	8	61	163
129	-29.757	-67.398	5	1	1	4	1	2	4	8	261	352
130	55.592	-74.02	1	7	1	4	1	2	4	8	149	240
131	-25.893	35.631	1	1	1	4	1	2	4	8	100	211
132	20.784	20.082	14	21	1	4	1	2	4	8	470	648
133	46.345	-91.145	25	11	1	4	1	2	4	8	305	410
134	-66.123	-46.35	11	6	1	4	1	2	4	8	389	540
135	75.201	-35.894	10	6	1	4	1	2	4	8	270	378
136	36.561	60.148	14	22	1	4	1	2	4	8	390	486
137	61.374	97.776	22	12	1	4	1	2	4	8	184	323
138	81.275	81.851	13	14	1	4	1	2	4	8	214	336
139	-49.189	-60.161	7	9	1	4	1	2	4	8	473	574
140	44.034	-53.23	3	4	1	4	1	2	4	8	424	575
141	37.828	-68.314	21	16	1	4	1	2	4	8	159	332
142	-53.671	-23.869	5	4	1	4	1	2	4	8	403	502
143	-57.209	44.528	10	7	1	4	1	2	4	8	87	267
144	39.521	-95.385	8	23	1	4	1	2	4	8	431	524
145	-91.131	-65.33	19	5	1	4	1	2	4	8	310	456
146	8.347	65.426	20	7	1	4	1	2	4	8	170	311
147	75.979	89.084	23	16	1	4	1	2	4	8	263	366
148	99.637	-49.794	3	21	1	4	1	2	4	8	424	571
149	-23.496	95.279	19	6	1	4	1	2	4	8	157	266
150	-79.277	-22.748	18	11	1	4	1	2	4	8	90	195
151	15.242	95.652	18	21	1	4	1	2	4	8	240	364
152	-84.997	-0.574	7	8	1	4	1	2	4	8	408	542
153	91.039	69.953	25	19	1	4	1	2	4	8	131	310
154	-60.235	81.351	16	2	1	4	1	2	4	8	142	312
155	17.006	56.009	13	10	1	4	1	2	4	8	128	268
156	-66.73	-41.659	17	25	1	4	1	2	4	8	113	278
157	-4.533	9.104	4	9	1	4	1	2	4	8	270	446
158	-6.237	85.991	15	15	1	4	1	2	4	8	359	532
159	-75.497	97.859	24	23	1	4	1	2	4	8	351	446
160	7.882	40.441	1	3	1	4	1	2	4	8	280	386
161	-52.731	99.84	1	5	1	4	1	2	4	8	133	237
162	89.001	21.294	14	4	1	4	1	2	4	8	233	404
163	-29.736	-36.741	17	16	1	4	1	2	4	8	340	462
164	19.658	-61.825	6	24	1	4	1	2	4	8	350	460
165	83.76	-44.755	6	11	1	4	1	2	4	8	378	471
166	-81.878	-88.726	24	24	1	4	1	2	4	8	369	483
167	15.145	38.068	13	8	1	4	1	2	4	8	282	382
168	71.735	46.04	23	22	1	4	1	2	4	8	339	452
169	58.221	92.206	9	7	1	4	1	2	4	8	358	507
170	-34.867	-90.024	25	25	1	4	1	2	4	8	246	338
171	4.769	90.88	8	10	1	4	1	2	4	8	96	211
172	-79.62	43.504	1	1	1	4	1	2	4	8	239	374
173	79.308	-61.354	5	16	1	4	1	2	4	8	346	511
174	-97.764	4.529	9	12	1	4	1	2	4	8	194	371
175	-71.019	18.95	12	11	1	4	1	2	4	8	260	413
176	-63.107	50.759	12	5	1	4	1	2	4	8	230	369
177	70.727	97.116	7	13	1	4	1	2	4	8	103	251
178	98.13	-21.122	19	4	1	4	1	2	4	8	454	613
179	90.441	89.427	17	14	1	4	1	2	4	8	75	225
180	-89.295	-86.07	20	11	1	4	1	2	4	8	325	468
181	54.095	31.333	1	18	1	4	1	2	4	8	231	358
182	-47.018	-99.842	14	5	1	4	1	2	4	8	212	326
183	77.426	-32.749	18	11	1	4	1	2	4	8	347	474
184	-50.837	44.492	10	12	1	4	1	2	4	8	170	274
185	-24.373	-41.795	21	19	1	4	1	2	4	8	333	484
186	-79.746	52.476	14	14	1	4	1	2	4	8	274	400
187	21.31	-51.234	8	12	1	4	1	2	4	8	225	323
188	57.616	68.896	18	1	1	4	1	2	4	8	444	615
189	-34.608	-70.334	8	14	1	4	1	2	4	8	450	630
190	-42.363	92.175	1	21	1	4	1	2	4	8	327	464
191	43.436	-18.255	23	18	1	4	1	2	4	8	155	248
192	-68.816	28.156	1	25	1	4	1	2	4	8	451	626
193	79.252	99.155	19	16	1	4	1	2	4	8	474	623
194	73.23	2.06	23	12	1	4	1	2	4	8	216	348
195	-8.354	41.97	8	3	1	4	1	2	4	8	434	534
196	56.291	-85.561	24	2	1	4	1	2	4	8	390	511
197	65.575	15.525	15	20	1	4	1	2	4	8	452	597
198	89.525	0.676	6	11	1	4	1	2	4	8	165	257
199	-86.819	-15.437	5	21	1	4	1	2	4	8	166	256
200	-75.8	30.985	11	2	1	4	1	2	4	8	177	318
201	28.025	64.54	8	9	1	4	1	2	4	8	434	536
202	-88.73	20.473	24	2	1	4	1	2	4	8	155	289
203	68.548	47.348	6	11	1	4	1	2	4	8	457	616
204	-67.247	-58.783	23	17	1	4	1	2	4	8	91	250
205	84.605	-23.11	1	18	1	4	1	2	4	8	83	262
206	-14.231	82.473	7	15	1	4	1	2	4	8	173	328
207	-40.406	-74.69	5	16	1	4	1	2	4	8	394	547
208	-24.282	78.877	1	17	1	4	1	2	4	8	259	373
209	-28.25	-84.13	9	11	1	4	1	2	4	8	378	468
210	64.565	-26.288	12	11	1	4	1	2	4	8	250	347
211	85.108	-52.882	15	24	1	4	1	2	4	8	330	504
212	-79.472	45.79	25	17	1	4	1	2	4	8	327	447
213	-5.336	88.046	10	10	1	4	1	2	4	8	308	448
214	-78.764	49.502	19	5	1	4	1	2	4	8	194	361
215	-63.111	73.002	8	9	1	4	1	2	4	8	436	543
216	-3.891	-99.948	9	23	1	4	1	2	4	8	153	263
217	7.549	-5.308	25	2	1	4	1	2	4	8	249	345
218	19.123	-27.018	19	10	1	4	1	2	4	8	90	195
219	44.737	-16.687	22	4	1	4	1	2	4	8	133	307
220	72.585	-74.851	21	17	1	4	1	2	4	8	259	431
221	-16.839	37.726	23	6	1	4	1	2	4	8	477	596
222	94.261	92.015	16	15	1	4	1	2	4	8	169	317
223	56.192	-84.283	23	20	1	4	1	2	4	8	464	643
224	68.635	26.727	7	5	1	4	1	2	4	8	121	258
225	-99.17	28.876	15	16	1	4	1	2	4	8	121	260
226	-45.074	50.54	5	22	1	4	1	2	4	8	467	637
227	3.857	92.612	19	15	1	4	1	2	4	8	142	261
228	20.222	-69.211	3	9	1	4	1	2	4	8	125	239
229	-40.476	-77.39	21	8	1	4	1	2	4	8	416	516
230	-57.198	-72.777	12	24	1	4	1	2	4	8	170	316
231	56.312	65.402	12	21	1	4	1	2	4	8	133	246
232	69.7	80.937	7	15	1	4	1	2	4	8	353	465
233	90.906	-9.33	3	22	1	4	1	2	4	8	172	312
234	-97.436	65.063	6	8	1	4	1	2	4	8	247	362
235	42.06	31.785	24	25	1	4	1	2	4	8	317	476
236	-73.499	21.246	6	3	1	4	1	2	4	8	281	399
237	-85.046	-27.866	3	25	1	4	1	2	4	8	402	566
238	49.337	-89.743	15	12	1	4	1	2	4	8	431	562
239	35.597	-19.54	7	12	1	4	1	2	4	8	410	583
240	-61.688	37.016	9	19	1	4	1	2	4	8	219	340
241	42.689	-45.019	18	21	1	4	1	2	4	8	162	332
242	92.79	-94.538	21	5	1	4	1	2	4	8	244	358
243	24.999	-60.03	20	5	1	4	1	2	4	8	153	285
244	-59.224	-77.116	24	17	1	4	1	2	4	8	176	269
245	90.548	30.961	7	7	1	4	1	2	4	8	255	409
246	-12.275	88.35	10	22	1	4	1	2	4	8	335	440
247	55.234	16.229	3	15	1	4	1	2	4	8	133	265
248	27.81	98.151	12	4	1	4	1	2	4	8	428	586
249	-3.149	-65.864	10	5	1	4	1	2	4	8	197	351
250	98.907	-38.92	3	20	1	4	1	2	4	8	428	602
251	32.179	79.962	18	14	1	4	1	2	4	8	155	284
252	28.28	68.653	16	23	1	4	1	2	4	8	304	483
253	18.019	-32.892	25	17	1	4	1	2	4	8	343	516
254	-6.911	-77.002	19	24	1	4	1	2	4	8	290	456
255	-11.851	64.795	18	2	1	4	1	2	4	8	134	292
256	51.136	-85.981	1	11	1	4	1	2	4	8	406	505
257	36.686	-22.851	14	21	1	4	1	2	4	8	339	455
258	-67.853	-98.845	19	24	1	4	1	2	4	8	102	195
259	-80.102	-3.15	18	1	1	4	1	2	4	8	304	406
260	87.073	-2.082	18	18	1	4	1	2	4	8	460	616
261	-57.074	2.351	18	17	1	4	1	2	4	8	417	576
262	75.097	74.816	11	11	1	4	1	2	4	8	220	384
263	73.501	3.689	20	16	1	4	1	2	4	8	425	520
264	68.862	74.515	19	13	1	4	1	2	4	8	151	245
265	-27.734	-38.551	18	23	1	4	1	2	4	8	175	316
266	81.097	89.536	1	9	1	4	1	2	4	8	230	322
267	78.878	-45.516	4	11	1	4	1	2	4	8	172	327
268	23.462	-92.327	7	11	1	4	1	2	4	8	341	462
269	-83.392	16.664	8	7	1	4	1	2	4	8	236	357
270	-67.957	94.658	1	25	1	4	1	2	4	8	306	468
271	7.112	-49.165	15	8	1	4	1	2	4	8	250	355
272	-83.452	73.871	6	2	1	4	1	2	4	8	389	516
273	94.96	-64.55	25	13	1	4	1	2	4	8	285	414
274	84.39	28.653	2	17	1	4	1	2	4	8	187	305
275	71.381	-95.378	6	21	1	4	1	2	4	8	306	400
276	-32.943	-64.505	4	11	1	4	1	2	4	8	326	443
277	-42.012	37.956	2	3	1	4	1	2	4	8	208	354
278	-27.482	-72.12	22	20	1	4	1	2	4	8	73	190
279	13.155	-61.826	13	12	1	4	1	2	4	8	103	283
280	88.124	54.19	25	22	1	4	1	2	4	8	176	344
281	-68.968	-71.299	25	22	1	4	1	2	4	8	417	578
282	-97.041	9.426	4	18	1	4	1	2	4	8	222	374
283	-81.893	-61.942	13	17	1	4	1	2	4	8	355	449
284	86.794	-37.83	14	10	1	4	1	2	4	8	440	606
285	18.363	29.664	17	10	1	4	1	2	4	8	102	266
286	-50.519	95.311	15	5	1	4	1	2	4	8	421	583
287	51.922	13.562	8	22	1	4	1	2	4	8	174	344
288	-63.163	-54.967	16	18	1	4	1	2	4	8	264	434
289	-97.65	23.888	25	20	1	4	1	2	4	8	67	195
290	-6.737	28.808	4	14	1	4	1	2	4	8	202	297
291	10.109	-92.166	23	7	1	4	1	2	4	8	398	512
292	-45.46	-3.36	3	21	1	4	1	2	4	8	319	499
293	81.001	47.966	11	7	1	4	1	2	4	8	385	508
294	-44.665	-58.114	13	4	1	4	1	2	4	8	446	620
295	55.571	-22.96	8	1	1	4	1	2	4	8	428	572
296	84.259	-75.528	7	10	1	4	1	2	4	8	305	408
297	84.793	68.606	5	24	1	4	1	2	4	8	326	473
298	34.711	-40.102	13	11	1	4	1	2	4	8	311	411
299	-89.04	-7.186	13	17	1	4	1	2	4	8	66	189
300	-61.039	40.829	1	11	1	4	1	2	4	8	331	510
301	-24.26	-11.067	1	8	1	4	1	2	4	8	356	528
302	64.501	-53.568	18	8	1	4	1	2	4	8	145	240
303	-0.296	83.299	13	8	1	4	1	2	4	8	376	540
304	-57.614	-52.736	25	7	1	4	1	2	4	8	75	183
305	49.224	34.873	14	16	1	4	1	2	4	8	318	495
306	-9.184	-93.817	20	3	1	4	1	2	4	8	464	638
307	32.108	-19.172	10	3	1	4	1	2	4	8	294	411
308	-88.309	-56.421	24	19	1	4	1	2	4	8	320	472
309	-80.604	-91.908	25	6	1	4	1	2	4	8	339	500
310	95.905	66.735	9	18	1	4	1	2	4	8	122	273
311	80.853	70.21	16	3	1	4	1	2	4	8	254	411
312	-15.086	86.436	19	7	1	4	1	2	4	8	354	498
313	-36.493	58.852	3	23	1	4	1	2	4	8	339	443
314	42.46	-68.931	18	24	1	4	1	2	4	8	116	230
315	-50.904	87.312	21	21	1	4	1	2	4	8	121	297
316	-71.612	-23.398	6	6	1	4	1	2	4	8	366	515
317	92.321	35.984	10	12	1	4	1	2	4	8	112	233
318	48.304	35.815	22	8	1	4	1	2	4	8	291	431
319	11.621	-71.534	14	10	1	4	1	2	4	8	404	541
320	-14.256	64.879	5	9	1	4	1	2	4	8	172	298
321	-23.533	40.119	25	1	1	4	1	2	4	8	339	505
322	-0.337	53.996	15	13	1	4	1	2	4	8	325	483
323	-53.791	73.958	11	13	1	4	1	2	4	8	411	505
324	-36.616	-99.178	7	6	1	4	1	2	4	8	98	270
325	33.47	-93.486	13	3	1	4	1	2	4	8	203	382
326	-98.427	-35.969	10	15	1	4	1	2	4	8	321	468
327	94.118	-46.456	18	9	1	4	1	2	4	8	361	493
328	15.39	26.725	25	11	1	4	1	2	4	8	218	370
329	12.05	27.397	24	20	1	4	1	2	4	8	241	400
330	-77.921	-31.492	21	7	1	4	1	2	4	8	247	394
331	62.305	72.457	2	5	1	4	1	2	4	8	323	465
332	87.468	8.826	19	9	1	4	1	2	4	8	64	172
333	-94.983	70.145	23	1	1	4	1	2	4	8	421	519
334	43.498	41.279	9	21	1	4	1	2	4	8	224	381
335	-70.285	31.852	9	20	1	4	1	2	4	8	408	554
336	80.375	27.776	11	15	1	4	1	2	4	8	306	438
337	8.985	93.313	20	3	1	4	1	2	4	8	288	449
338	92.54	-52.894	24	12	1	4	1	2	4	8	109	217
339	72.002	16.913	16	17	1	4	1	2	4	8	450	588
340	97.377	-23.339	2	5	1	4	1	2	4	8	129	303
341	36.717	47.516	19	2	1	4	1	2	4	8	108	275
342	7.149	-71.451	10	15	1	4	1	2	4	8	214	318
343	-43.206	42.939	3	22	1	4	1	2	4	8	169	266
344	-83.605	90.892	7	12	1	4	1	2	4	8	324	439
345	1.67	94.475	7	3	1	4	1	2	4	8	274	421
346	40.715	-1.898	22	15	1	4	1	2	4	8	303	417
347	-18.009	96.118	4	3	1	4	1	2	4	8	286	390
348	68.544	32.884	1	13	1	4	1	2	4	8	426	592
349	65.797	95.628	22	16	1	4	1	2	4	8	151	248
350	22.312	73.149	3	2	1	4	1	2	4	8	194	352
351	52.49	17.437	2	1	1	4	1	2	4	8	303	428
352	73.874	77.598	16	5	1	4	1	2	4	8	428	573
353	-92.253	-90.888	25	20	1	4	1	2	4	8	194	350
354	41.127	-58.161	24	7	1	4	1	2	4	8	313	471
355	96.775	-23.832	2	17	1	4	1	2	4	8	343	463
356	-74.067	-94.372	1	25	1	4	1	2	4	8	97	231
357	-0.832	-87.738	21	25	1	4	1	2	4	8	86	258
358	38.495	1.565	15	14	1	4	1	2	4	8	466	596
359	61.817	-2.644	20	13	1	4	1	2	4	8	103	197
360	-73.967	-4.3	11	25	1	4	1	2	4	8	151	326
361	-60.871	81.892	1	23	1	4	1	2	4	8	370	521
362	60.472	-30.597	10	16	1	4	1	2	4	8	336	451
363	85.386	-28.128	13	23	1	4	1	2	4	8	132	285
364	62.164	34.636	10	2	1	4	1	2	4	8	387	558
365	83.207	-9.123	10	12	1	4	1	2	4	8	210	384
366	82.309	29.769	7	3	1	4	1	2	4	8	201	315
367	42.677	90.018	11	15	1	4	1	2	4	8	138	277
368	63.058	-83.133	18	5	1	4	1	2	4	8	81	197
369	57.468	44.776	11	12	1	4	1	2	4	8	375	480
370	-7.174	15.914	18	4	1	4	1	2	4	8	420	555
371	64.042	93.588	22	18	1	4	1	2	4	8	314	452
372	80.888	-79.97	15	16	1	4	1	2	4	8	364	503
373	-48.211	61.308	9	9	1	4	1	2	4	8	73	246
374	46	49.296	9	3	1	4	1	2	4	8	358	528
375	-20.976	-33.139	10	24	1	4	1	2	4	8	297	419
376	-6.022	78.92	25	14	1	4	1	2	4	8	449	580
377	68.822	91.597	19	13	1	4	1	2	4	8	383	485
378	42.975	-20.081	21	2	1	4	1	2	4	8	391	554
379	71.159	-32.69	23	17	1	4	1	2	4	8	181	333
380	16.073	-74.893	1	1	1	4	1	2	4	8	263	353
381	16.044	68.169	4	18	1	4	1	2	4	8	166	289
382	-84.073	28.892	16	13	1	4	1	2	4	8	358	498
383	-90.873	73.607	1	25	1	4	1	2	4	8	376	527
384	-77.124	63.195	5	19	1	4	1	2	4	8	230	394
385	20.298	46.353	4	16	1	4	1	2	4	8	248	366
386	28.419	43.747	7	16	1	4	1	2	4	8	98	228
387	-33.562	-30.091	8	11	1	4	1	2	4	8	362	505
388	-16.029	-76.392	2	24	1	4	1	2	4	8	330	508
389	-64.067	26.829	5	9	1	4	1	2	4	8	393	497
390	-22.846	-69.793	4	14	1	4	1	2	4	8	147	322
391	12.682	-95.128	23	6	1	4	1	2	4	8	197	337
392	87.071	33.365	8	5	1	4	1	2	4	8	225	349
393	-77.532	-96.939	10	18	1	4	1	2	4	8	285	460
394	-39.146	45.573	16	9	1	4	1	2	4	8	169	273
395	-35.479	10.24	9	17	1	4	1	2	4	8	350	526
396	-65.554	-65.485	25	6	1	4	1	2	4	8	462	571
397	-83.83	86.488	23	1	1	4	1	2	4	8	440	593
398	-68.427	46.705	1	1	1	4	1	2	4	8	341	444
399	58.965	42.187	16	17	1	4	1	2	4	8	440	589
400	-60.307	-4.92	4	14	1	4	1	2	4	8	251	406
401	-28.404	90.417	9	21	1	4	1	2	4	8	454	550
402	-36.312	81.37	16	24	1	4	1	2	4	8	151	249
403	5.959	-95.856	21	14	1	4	1	2	4	8	369	490
404	47.945	-24.239	14	15	1	4	1	2	4	8	358	502
405	59.546	69.268	4	25	1	4	1	2	4	8	100	229
406	-60.668	81.323	7	7	1	4	1	2	4	8	118	234
407	96.854	-91.124	10	5	1	4	1	2	4	8	466	574
408	-40.165	-59.739	14	2	1	4	1	2	4	8	163	257
409	92.492	48.342	1	21	1	4	1	2	4	8	361	511
410	-99.176	-50.842	19	21	1	4	1	2	4	8	459	608
411	-57.212	86.088	3	22	1	4	1	2	4	8	102	214
412	-2.321	53.219	18	11	1	4	1	2	4	8	315	446
413	-18.476	26.456	19	11	1	4	1	2	4	8	70	182
414	86.736	-91.984	20	3	1	4	1	2	4	8	307	445
415	-62.626	-85.132	19	23	1	4	1	2	4	8	111	246
416	-22.398	5.252	11	4	1	4	1	2	4	8	319	473
417	-98.833	-67.259	4	3	1	4	1	2	4	8	93	260
418	-4.144	-94.902	15	20	1	4	1	2	4	8	281	414
419	1.006	-44.857	17	9	1	4	1	2	4	8	290	435
420	71.322	-85.45	15	21	1	4	1	2	4	8	394	541
421	-26.819	56.631	9	7	1	4	1	2	4	8	147	262
422	80.4	-74.653	24	21	1	4	1	2	4	8	408	566
423	-53.784	-19.964	14	24	1	4	1	2	4	8	301	470
424	30.723	-62.044	8	3	1	4	1	2	4	8	73	235
425	-56.908	-51.124	5	14	1	4	1	2	4	8	183	346
426	64.213	-10.371	6	14	1	4	1	2	4	8	402	520
427	-0.891	-33.581	4	19	1	4	1	2	4	8	218	380
428	67.054	76.331	2	15	1	4	1	2	4	8	141	253
429	44.651	-94.292	17	10	1	4	1	2	4	8	293	419
430	-15.677	-12.886	23	11	1	4	1	2	4	8	427	533
431	85.256	45.798	18	19	1	4	1	2	4	8	124	270
432	16.507	-18.696	6	6	1	4	1	2	4	8	205	359
433	-91.634	-14.836	4	18	1	4	1	2	4	8	222	364
434	-67.361	-2.449	18	23	1	4	1	2	4	8	140	278
435	93.633	-90.12	2	7	1	4	1	2	4	8	348	484
436	69.659	-41.857	23	9	1	4	1	2	4	8	95	207
437	-19.218	75.851	6	15	1	4	1	2	4	8	94	190
438	-27.041	17.219	20	18	1	4	1	2	4	8	100	249
439	-35.358	45.51	22	18	1	4	1	2	4	8	350	510
440	-90.176	-14.341	17	8	1	4	1	2	4	8	68	191
441	-74.069	86.853	19	24	1	4	1	2	4	8	167	316
442	96.223	-15.119	23	18	1	4	1	2	4	8	257	414
443	-45.816	-55.769	8	24	1	4	1	2	4	8	276	414
444	-35.536	-29.582	5	3	1	4	1	2	4	8	445	564
445	-14.635	80.153	6	9	1	4	1	2	4	8	95	195
446	-77.263	78.472	13	4	1	4	1	2	4	8	61	178
447	-28.877	3.705	1	22	1	4	1	2	4	8	104	211
448	55.512	84.718	5	24	1	4	1	2	4	8	71	177
449	65.973	-36.891	22	22	1	4	1	2	4	8	87	250
450	52.071	-25.238	13	11	1	4	1	2	4	8	383	524
451	-85.187	-75.767	13	11	1	4	1	2	4	8	62	164
452	-90.918	-90.735	17	20	1	4	1	2	4	8	332	454
453	93.824	-16.043	19	21	1	4	1	2	4	8	382	503
454	33.038	61.774	10	6	1	4	1	2	4	8	139	278
455	-75.614	84.94	16	13	1	4	1	2	4	8	152	262
456	-45.421	-78.252	22	19	1	4	1	2	4	8	375	518
457	49.961	-38.581	4	2	1	4	1	2	4	8	99	189
458	57.311	-44.891	14	9	1	4	1	2	4	8	227	352
459	97.436	10.077	6	10	1	4	1	2	4	8	143	278
460	41.046	41.948	19	19	1	4	1	2	4	8	195	326
461	-77.767	-54.771	11	23	1	4	1	2	4	8	239	380
462	-2.462	58.478	4	17	1	4	1	2	4	8	204	302
463	26.917	-63.358	19	17	1	4	1	2	4	8	117	237
464	-83.593	-42.26	17	4	1	4	1	2	4	8	251	373
465	69.486	66.834	10	15	1	4	1	2	4	8	85	202
466	-57.189	-95.577	24	12	1	4	1	2	4	8	103	240
467	-88.043	48.024	8	25	1	4	1	2	4	8	222	386
468	-18.915	-81.715	8	6	1	4	1	2	4	8	398	499
469	45.583	-87.733	21	13	1	4	1	2	4	8	426	549
470	85.66	-27.88	5	18	1	4	1	2	4	8	266	440
471	-41.68	-79.082	12	21	1	4	1	2	4	8	279	435
472	21.198	-18.956	18	24	1	4	1	2	4	8	438	562
473	1.735	53.347	12	15	1	4	1	2	4	8	191	284
474	23.321	78.706	5	23	1	4	1	2	4	8	227	334
475	77.76	-93.858	12	21	1	4	1	2	4	8	249	402
476	21.941	-81.506	20	20	1	4	1	2	4	8	390	481
477	34.05	77.64	22	18	1	4	1	2	4	8	467	565
478	-93.241	73.426	3	22	1	4	1	2	4	8	183	331
479	-84.527	-85.113	9	23	1	4	1	2	4	8	68	182
480	-50.976	-81.99	8	8	1	4	1	2	4	8	292	406
481	88.528	6.919	11	14	1	4	1	2	4	8	97	266
482	-57.178	43.544	18	21	1	4	1	2	4	8	172	273
483	-74.923	58.584	21	18	1	4	1	2	4	8	192	366
484	-89.793	-92.593	11	19	1	4	1	2	4	8	360	498
485	-41.034	-36.772	9	15	1	4	1	2	4	8	98	189
486	-65.355	-11.517	23	12	1	4	1	2	4	8	131	256
487	82.661	46.228	21	12	1	4	1	2	4	8	140	255
488	23.438	-37.396	2	17	1	4	1	2	4	8	364	528
489	53.306	-64.271	7	2	1	4	1	2	4	8	387	533
490	89.277	22.37	6	19	1	4	1	2	4	8	63	184
491	15.57	96.585	7	20	1	4	1	2	4	8	150	293
492	1.772	48.199	10	17	1	4	1	2	4	8	111	205
493	71.348	98.848	11	7	1	4	1	2	4	8	241	397
494	13.373	22.73	20	18	1	4	1	2	4	8	247	358
495	-6.141	-51.58	10	15	1	4	1	2	4	8	452	595
496	-34.736	20.601	10	25	1	4	1	2	4	8	144	293
497	95.286	-56.926	19	1	1	4	1	2	4	8	319	453
498	-87.406	-38.125	13	25	1	4	1	2	4	8	60	223
499	-59.317	-85.907	22	20	1	4	1	2	4	8	108	253
500	-14.565	76.532	7	12	1	4	1	2	4	8	275	422
501	89.762	-27.029	8	20	1	4	1	2	4	8	268	426
502	-18.774	-22.189	22	18	1	4	1	2	4	8	100	204
503	-13.634	28.243	22	16	1	4	1	2	4	8	117	209
504	78.034	55.721	1	10	1	4	1	2	4	8	275	421
505	-36.83	-45.097	23	4	1	4	1	2	4	8	459	567
506	80.829	75.217	3	13	1	4	1	2	4	8	239	357
507	30.575	-55.624	19	17	1	4	1	2	4	8	206	329
508	-67.724	-83.497	8	20	1	4	1	2	4	8	165	295
509	75.639	-17.98	9	15	1	4	1	2	4	8	442	538
510	46.813	69.921	25	14	1	4	1	2	4	8	453	608
511	38.953	17.277	10	16	1	4	1	2	4	8	477	654
512	41.26	96.641	15	19	1	4	1	2	4	8	154	302
513	-66.746	-6.867	8	17	1	4	1	2	4	8	442	595
514	-20.3	95.695	24	19	1	4	1	2	4	8	472	572
515	-37.521	-37.852	4	20	1	4	1	2	4	8	277	404
516	94.501	5.934	6	19	1	4	1	2	4	8	373	483
517	50.498	83.401	8	6	1	4	1	2	4	8	428	519
518	-50.109	37.137	8	3	1	4	1	2	4	8	155	316
519	17.325	-58.111	16	8	1	4	1	2	4	8	88	268
520	52.618	65.765	9	12	1	4	1	2	4	8	154	300
521	-84.233	29.986	18	5	1	4	1	2	4	8	247	339
522	86.995	62.218	10	19	1	4	1	2	4	8	229	370
523	-62.845	27.576	8	6	1	4	1	2	4	8	413	561
524	14.001	-30.132	15	11	1	4	1	2	4	8	101	242
525	-88.668	26.272	6	2	1	4	1	2	4	8	113	254
526	-53.739	-82.768	5	25	1	4	1	2	4	8	211	315
527	37.068	-72.823	5	20	1	4	1	2	4	8	104	282
528	29.918	93.692	19	11	1	4	1	2	4	8	385	528
529	-38.49	-59.083	25	12	1	4	1	2	4	8	158	292
530	88.32	-28.194	5	3	1	4	1	2	4	8	335	433
531	92.611	-63.98	9	10	1	4	1	2	4	8	457	608
532	-93.98	76.63	13	11	1	4	1	2	4	8	470	634
533	-62.602	-13.492	3	7	1	4	1	2	4	8	371	547
534	14.681	56.532	5	3	1	4	1	2	4	8	167	283
535	-87.354	-96.753	2	8	1	4	1	2	4	8	195	310
536	61.723	81.262	20	10	1	4	1	2	4	8	211	355
537	61.604	-51.428	15	11	1	4	1	2	4	8	246	424
538	-27.371	67.85	23	5	1	4	1	2	4	8	84	210
539	97.491	-86.65	18	23	1	4	1	2	4	8	332	473
540	42.246	30.559	4	14	1	4	1	2	4	8	340	441
541	-23.877	8.191	10	19	1	4	1	2	4	8	467	560
542	8.956	-62.389	9	24	1	4	1	2	4	8	316	439
543	-57.036	-88.013	22	13	1	4	1	2	4	8	315	432
544	-79.894	49.307	11	11	1	4	1	2	4	8	346	472
545	-99.301	34.122	25	3	1	4	1	2	4	8	229	373
546	88.556	-38.902	21	22	1	4	1	2	4	8	139	292
547	-53.801	8.162	22	12	1	4	1	2	4	8	449	552
548	-87.782	17.79	1	6	1	4	1	2	4	8	293	418
549	-66.86	51.051	21	4	1	4	1	2	4	8	404	495
550	-4.987	-65.167	17	14	1	4	1	2	4	8	273	384
551	-26.83	57.736	25	25	1	4	1	2	4	8	278	371
552	66.033	70.991	5	1	1	4	1	2	4	8	80	180
553	42.065	59.082	20	2	1	4	1	2	4	8	103	201
554	24.04	-43.993	12	17	1	4	1	2	4	8	395	562
555	-3.189	-2.629	24	22	1	4	1	2	4	8	161	326
556	94.936	48.441	10	2	1	4	1	2	4	8	266	430
557	-70.829	48.767	25	10	1	4	1	2	4	8	73	217
558	-72.518	62.961	21	15	1	4	1	2	4	8	254	358
559	-79.644	-30.005	23	1	1	4	1	2	4	8	460	582
560	-31.383	-49.451	21	7	1	4	1	2	4	8	283	452
561	2.287	56.965	10	24	1	4	1	2	4	8	104	231
562	-10.244	97.08	19	14	1	4	1	2	4	8	87	201
563	-98.331	-73.901	10	21	1	4	1	2	4	8	169	269
564	93.529	-10.168	25	3	1	4	1	2	4	8	359	501
565	-90.344	-73.259	10	25	1	4	1	2	4	8	373	488
566	-71.978	29.908	18	1	1	4	1	2	4	8	60	218
567	-53.931	98.754	17	21	1	4	1	2	4	8	135	245
568	39.063	10.348	18	6	1	4	1	2	4	8	132	229
569	-62.518	-85.055	13	11	1	4	1	2	4	8	353	518
570	81.719	69.002	3	7	1	4	1	2	4	8	181	339
571	7.12	89.661	22	9	1	4	1	2	4	8	127	290
572	-3.421	46.259	20	4	1	4	1	2	4	8	204	312
573	-93.486	36.343	7	2	1	4	1	2	4	8	192	322
574	36.739	-61.649	1	8	1	4	1	2	4	8	90	193
575	-62.696	13.799	5	24	1	4	1	2	4	8	453	577
576	-34.196	-97.065	7	8	1	4	1	2	4	8	364	507
577	1.266	80.676	13	6	1	4	1	2	4	8	321	474
578	-11.88	-97.818	12	21	1	4	1	2	4	8	430	561
579	91.598	-95.487	14	23	1	4	1	2	4	8	454	597
580	60.045	72.278	13	1	1	4	1	2	4	8	429	522
581	97.106	-18.126	20	2	1	4	1	2	4	8	475	616
582	77.24	0.462	3	16	1	4	1	2	4	8	106	201
583	-14.104	60.393	21	5	1	4	1	2	4	8	429	553
584	49.839	-4.653	20	17	1	4	1	2	4	8	293	429
585	43.943	-52.289	9	4	1	4	1	2	4	8	230	378
586	-39.55	27.204	6	20	1	4	1	2	4	8	229	333
587	-82.302	-36.42	3	5	1	4	1	2	4	8	153	276
588	39.948	86.543	19	7	1	4	1	2	4	8	241	357
589	79.764	48.995	10	20	1	4	1	2	4	8	118	223
590	-1.636	48.366	4	16	1	4	1	2	4	8	420	547
591	68.35	61.481	13	16	1	4	1	2	4	8	100	237
592	94.645	-46.407	11	15	1	4	1	2	4	8	116	247
593	-71.423	59.998	11	23	1	4	1	2	4	8	254	353
594	43.444	2.69	25	13	1	4	1	2	4	8	399	557
595	-93.703	-8.622	4	23	1	4	1	2	4	8	329	463
596	-82.171	8.661	1	10	1	4	1	2	4	8	257	391
597	91.37	-74.881	8	4	1	4	1	2	4	8	229	390
598	39.925	77.309	13	12	1	4	1	2	4	8	342	514
599	-28.188	78.632	6	3	1	4	1	2	4	8	406	525
600	21.85	-82.818	20	4	1	4	1	2	4	8	182	291
601	-64.28	78.147	15	19	1	4	1	2	4	8	102	215
602	-23.185	10.224	20	7	1	4	1	2	4	8	273	365
603	77.027	63.671	19	14	1	4	1	2	4	8	205	369
604	-91.702	-70.145	16	22	1	4	1	2	4	8	128	241
605	-13.896	74.756	2	20	1	4	1	2	4	8	80	226
606	-90.327	-70.9	4	18	1	4	1	2	4	8	130	233
607	-78.138	54.197	9	6	1	4	1	2	4	8	197	292
608	96.311	-60.239	6	18	1	4	1	2	4	8	325	431
609	-79.35	44.176	17	4	1	4	1	2	4	8	154	328
610	76.7	-46.883	14	15	1	4	1	2	4	8	159	326
611	48.649	-47.658	21	5	1	4	1	2	4	8	270	447
612	-22.578	45.374	25	17	1	4	1	2	4	8	346	492
613	-42.283	-63.373	14	18	1	4	1	2	4	8	214	329
614	-9.863	-82.867	13	6	1	4	1	2	4	8	191	361
615	61.138	38.756	6	3	1	4	1	2	4	8	464	581
616	55.011	-68.075	13	18	1	4	1	2	4	8	303	448
617	7.204	-65.524	2	3	1	4	1	2	4	8	122	236
618	26.251	67.669	3	25	1	4	1	2	4	8	98	254
619	82.376	9.604	18	6	1	4	1	2	4	8	208	337
620	24.097	70.494	19	1	1	4	1	2	4	8	132	263
621	-84.662	38.698	12	19	1	4	1	2	4	8	368	500
622	69.828	-94.464	5	12	1	4	1	2	4	8	347	456
623	26.902	71.378	1	4	1	4	1	2	4	8	152	331
624	92.137	92.418	4	1	1	4	1	2	4	8	304	448
625	52.898	-56.02	10	12	1	4	1	2	4	8	99	278
626	70.811	45.345	14	25	1	4	1	2	4	8	416	582
627	-48.772	-73.319	12	1	1	4	1	2	4	8	257	351
628	49.712	-86.421	3	10	1	4	1	2	4	8	297	475
629	-40.758	17.025	4	19	1	4	1	2	4	8	320	412
630	-20.36	80.11	13	19	1	4	1	2	4	8	174	331
631	-19.43	-78.314	15	24	1	4	1	2	4	8	155	320
632	77.457	-5.572	4	7	1	4	1	2	4	8	140	311
633	50.663	-50.152	19	12	1	4	1	2	4	8	301	462
634	41.693	90.021	2	8	1	4	1	2	4	8	74	226
635	37.089	48.551	20	9	1	4	1	2	4	8	77	239
636	-26.572	-70.862	14	14	1	4	1	2	4	8	305	471
637	-42.298	-78.571	18	17	1	4	1	2	4	8	443	579
638	16.27	48.373	25	12	1	4	1	2	4	8	168	294
639	-89.639	4.546	4	13	1	4	1	2	4	8	230	353
640	-82.556	56.598	25	7	1	4	1	2	4	8	103	277
641	80.046	54.554	12	13	1	4	1	2	4	8	404	560
642	-20.044	-22.592	22	23	1	4	1	2	4	8	249	373
643	-40.026	-96.147	15	11	1	4	1	2	4	8	169	302
644	-69.779	-16.086	25	22	1	4	1	2	4	8	293	403
645	-49.63	-80.411	1	15	1	4	1	2	4	8	461	638
646	-29.008	36.073	18	24	1	4	1	2	4	8	296	430
647	-11.208	91.789	4	2	1	4	1	2	4	8	135	253
648	-75.514	54.001	9	10	1	4	1	2	4	8	151	268
649	-29.107	-79.827	18	5	1	4	1	2	4	8	398	548
650	-97.607	-28.78	7	24	1	4	1	2	4	8	302	440
651	-42.006	-35.312	6	12	1	4	1	2	4	8	369	532
652	51.9	57.757	22	16	1	4	1	2	4	8	406	548
653	5.185	48.656	11	2	1	4	1	2	4	8	149	255
654	45.895	51.01	21	19	1	4	1	2	4	8	324	421
655	33.191	-82.843	1	1	1	4	1	2	4	8	230	410
656	85.046	13.184	12	15	1	4	1	2	4	8	228	337
657	44.102	67.494	15	20	1	4	1	2	4	8	339	497
658	0.931	19.547	11	10	1	4	1	2	4	8	420	555
659	-26.083	24.157	16	17	1	4	1	2	4	8	122	214
660	73.602	84.618	25	6	1	4	1	2	4	8	134	291
661	-90.298	60.881	17	5	1	4	1	2	4	8	308	446
662	-70.263	96.525	15	11	1	4	1	2	4	8	152	323
663	-76.467	66.87	19	25	1	4	1	2	4	8	324	417
664	-23.659	78.402	5	25	1	4	1	2	4	8	298	458
665	-90.451	6.929	5	23	1	4	1	2	4	8	375	535
666	48.228	-15.129	21	1	1	4	1	2	4	8	309	450
667	34.438	-59.024	1	2	1	4	1	2	4	8	217	324
668	77.358	2.638	11	3	1	4	1	2	4	8	328	446
669	-74.477	86.767	8	17	1	4	1	2	4	8	142	240
670	44.852	-72.855	24	2	1	4	1	2	4	8	398	505
671	-20.254	-73.935	23	5	1	4	1	2	4	8	119	245
672	-62.292	-69.612	7	16	1	4	1	2	4	8	163	307
673	36.13	-26.434	18	8	1	4	1	2	4	8	67	173
674	-83.702	-19.421	3	10	1	4	1	2	4	8	208	338
675	-9.16	-98.196	13	14	1	4	1	2	4	8	214	325
676	-50.843	99.279	20	12	1	4	1	2	4	8	446	620
677	-83.812	84.11	18	16	1	4	1	2	4	8	268	421
678	-77.961	65.717	21	25	1	4	1	2	4	8	395	509
679	15.946	72.403	11	11	1	4	1	2	4	8	379	497
680	23.219	-49.943	11	13	1	4	1	2	4	8	187	326
681	4.438	-83.83	8	13	1	4	1	2	4	8	101	216
682	-24.615	29.512	14	19	1	4	1	2	4	8	96	273
683	40.386	-76.915	13	25	1	4	1	2	4	8	96	216
684	-54.999	8.693	1	5	1	4	1	2	4	8	364	499
685	44.16	-99.736	25	20	1	4	1	2	4	8	449	588
686	83.757	45.042	2	19	1	4	1	2	4	8	349	509
687	76.831	-20.331	23	19	1	4	1	2	4	8	149	284
688	-89.009	-10.482	15	10	1	4	1	2	4	8	82	193
689	15.583	82.767	6	25	1	4	1	2	4	8	241	365
690	-32.415	-22.36	25	15	1	4	1	2	4	8	106	220
691	-41.918	-71.355	6	14	1	4	1	2	4	8	150	261
692	88.359	-78.058	18	8	1	4	1	2	4	8	235	398
693	98.774	92.102	18	10	1	4	1	2	4	8	351	491
694	-81.652	85.006	3	19	1	4	1	2	4	8	170	324
695	66.749	-59.954	9	21	1	4	1	2	4	8	214	316
696	-57.677	-78.311	14	16	1	4	1	2	4	8	215	393
697	-37.224	-30.546	11	3	1	4	1	2	4	8	338	433
698	-69.712	7.82	6	25	1	4	1	2	4	8	359	477
699	-10.363	53.529	18	11	1	4	1	2	4	8	104	271
700	51.096	-68.997	17	21	1	4	1	2	4	8	164	336
701	-56.197	-62.837	13	6	1	4	1	2	4	8	212	369
702	99.62	-99.241	24	12	1	4	1	2	4	8	256	354
703	-25.95	-19.661	9	14	1	4	1	2	4	8	326	483
704	-73.947	98.708	12	10	1	4	1	2	4	8	137	292
705	40.231	-65.616	25	5	1	4	1	2	4	8	281	383
706	-44.954	29.996	23	14	1	4	1	2	4	8	263	415
707	31.193	-80.677	9	20	1	4	1	2	4	8	247	339
708	22.883	41.487	7	9	1	4	1	2	4	8	220	314
709	-56.321	13.35	23	23	1	4	1	2	4	8	278	432
710	-76.894	-77.758	15	23	1	4	1	2	4	8	334	442
711	-69.056	98.904	7	2	1	4	1	2	4	8	218	358
712	36.805	54.918	21	24	1	4	1	2	4	8	259	428
713	54.907	-51.606	24	13	1	4	1	2	4	8	108	248
714	41.129	-64.28	15	20	1	4	1	2	4	8	216	388
715	35.752	52.843	11	10	1	4	1	2	4	8	293	424
716	-34.888	-38.713	7	9	1	4	1	2	4	8	399	579
717	-34.067	11.619	7	11	1	4	1	2	4	8	69	162
718	64.34	80.416	18	23	1	4	1	2	4	8	314	492
719	70.035	11.868	3	7	1	4	1	2	4	8	146	316
720	-10.431	-88.857	20	18	1	4	1	2	4	8	327	496
721	2.958	4.357	0	0	0	0	0	1000
722	21.494	-8.63	0	0	0	0	0	1000
723	-43.073	-18.094	0	0	0	0	0	1000
724	-10.406	-37.888	0	0	0	0	0	1000
