6 23 960 4
400 175
400 175
400 175
400 175
1	64.827	48.437	2	2	1	4	1	2	4	8	194	483
2	-84.37	74.398	13	10	1	4	1	2	4	8	116	377
3	-66.256	-28.344	15	23	1	4	1	2	4	8	255	497
4	-9.72	-50.075	15	21	1	4	1	2	4	8	71	301
5	47.21	79.59	25	6	1	4	1	2	4	8	233	515
6	90.516	-8.751	24	9	1	4	1	2	4	8	176	481
7	-88.916	61.698	24	12	1	4	1	2	4	8	70	254
8	44.061	-63.955	5	17	1	4	1	2	4	8	287	526
9	57.645	75.778	23	6	1	4	1	2	4	8	299	624
10	42.872	-86.788	7	24	1	4	1	2	4	8	125	461
11	-64.039	-81.831	8	18	1	4	1	2	4	8	188	375
12	-70.301	58.036	23	21	1	4	1	2	4	8	198	421
13	-83.783	19.863	20	18	1	4	1	2	4	8	130	320
14	8.029	-63.5	1	9	1	4	1	2	4	8	167	487
15	28.453	96.287	16	2	1	4	1	2	4	8	134	407
16	91.668	46.465	16	19	1	4	1	2	4	8	190	506
17	22.994	94.992	10	17	1	4	1	2	4	8	163	504
18	85.196	-47.202	11	8	1	4	1	2	4	8	105	337
19	-98.603	70.484	13	6	1	4	1	2	4	8	151	398
20	-75.686	-60.478	11	13	1	4	1	2	4	8	224	490
21	-28.484	28.584	6	6	1	4	1	2	4	8	75	414
22	35.214	84.535	7	18	1	4	1	2	4	8	95	423
23	-36.842	-76.44	21	8	1	4	1	2	4	8	197	505
24	33.714	29.507	15	8	1	4	1	2	4	8	227	484
25	24.497	98.978	9	12	1	4	1	2	4	8	71	417
26	-20.261	72.157	19	22	1	4	1	2	4	8	127	413
27	-29.609	-52.145	2	2	1	4	1	2	4	8	256	555
28	-72.259	-82.192	19	22	1	4	1	2	4	8	65	258
29	-4.227	-34.223	15	18	1	4	1	2	4	8	262	594
30	50.295	12.413	8	4	1	4	1	2	4	8	249	472
31	2.848	65.409	2	18	1	4	1	2	4	8	148	392
32	82.021	-49.305	24	18	1	4	1	2	4	8	80	264
33	30.448	-89.514	13	4	1	4	1	2	4	8	233	470
34	89.201	79.734	12	1	1	4	1	2	4	8	122	353
35	-77.014	-3.068	24	14	1	4	1	2	4	8	189	534
36	0.108	52.122	2	13	1	4	1	2	4	8	228	521
37	-85.398	-92.319	12	19	1	4	1	2	4	8	144	504
38	93.831	-22	20	14	1	4	1	2	4	8	85	340
39	25.935	57.728	25	21	1	4	1	2	4	8	135	423
40	21.778	-91.824	22	22	1	4	1	2	4	8	285	469
41	-61.507	-17.173	9	13	1	4	1	2	4	8	267	621
42	79.157	98.536	17	5	1	4	1	2	4	8	156	419
43	68.099	80.134	21	5	1	4	1	2	4	8	110	360
44	2.415	-81.105	8	19	1	4	1	2	4	8	222	538
45	-73.574	-96.412	12	24	1	4	1	2	4	8	137	355
46	0.104	19.351	25	22	1	4	1	2	4	8	272	627
47	80.734	-95.833	1	15	1	4	1	2	4	8	202	546
48	-73.218	32.024	12	9	1	4	1	2	4	8	187	505
49	-16.995	-59.011	19	4	1	4	1	2	4	8	295	486
50	-32.162	-18.038	17	17	1	4	1	2	4	8	169	453
51	98.511	-51.674	15	10	1	4	1	2	4	8	203	456
52	63.144	-20.996	8	4	1	4	1	2	4	8	298	507
53	-90.828	24.641	9	8	1	4	1	2	4	8	277	468
54	44.433	-83.013	14	3	1	4	1	2	4	8	126	321
55	-38.906	-49.351	25	2	1	4	1	2	4	8	67	317
56	74.641	-64.821	2	10	1	4	1	2	4	8	191	528
57	-45.386	-5.479	5	23	1	4	1	2	4	8	89	390
58	-95.288	56.837	8	23	1	4	1	2	4	8	267	505
59	-31.709	51.49	13	13	1	4	1	2	4	8	236	560
60	-15.708	78.986	6	18	1	4	1	2	4	8	253	472
61	75.443	49.127	10	24	1	4	1	2	4	8	245	445
62	81.288	-18.273	23	13	1	4	1	2	4	8	84	428
63	-69.627	0.272	5	11	1	4	1	2	4	8	287	467
64	67.177	92.088	15	21	1	4	1	2	4	8	278	595
65	-60.709	92.321	2	17	1	4	1	2	4	8	207	475
66	88.741	87.652	23	1	1	4	1	2	4	8	243	427
67	24.811	12.393	18	4	1	4	1	2	4	8	102	307
68	-32.482	94.671	21	8	1	4	1	2	4	8	206	526
69	49.724	-73.793	5	4	1	4	1	2	4	8	288	556
70	-79.252	77.979	13	5	1	4	1	2	4	8	207	525
71	-25.619	-50.435	23	17	1	4	1	2	4	8	63	273
72	-65.31	-88.727	11	20	1	4	1	2	4	8	115	327
73	-34.149	-80.669	1	11	1	4	1	2	4	8	271	567
74	-11.176	-40.123	6	25	1	4	1	2	4	8	218	529
75	-27.17	18.178	16	3	1	4	1	2	4	8	166	387
76	67.31	-33.767	25	16	1	4	1	2	4	8	150	373
77	23.296	-0.83	5	13	1	4	1	2	4	8	180	519
78	98.23	-19.749	15	16	1	4	1	2	4	8	266	573
79	-79.177	71.51	8	22	1	4	1	2	4	8	244	493
80	58.633	-93.487	4	1	1	4	1	2	4	8	83	415
81	-35	-63.27	23	19	1	4	1	2	4	8	206	395
82	-98.016	-62.462	24	5	1	4	1	2	4	8	159	395
83	15.446	33.705	19	20	1	4	1	2	4	8	161	491
84	51.617	-97.518	18	19	1	4	1	2	4	8	76	317
85	35.933	-52.075	3	15	1	4	1	2	4	8	247	476
86	-87.164	-77.523	10	13	1	4	1	2	4	8	117	450
87	-16.032	-66.109	5	13	1	4	1	2	4	8	100	290
88	-79.876	29.145	19	3	1	4	1	2	4	8	278	521
89	93.603	-43.613	21	14	1	4	1	2	4	8	248	586
90	-90.271	-13.693	24	19	1	4	1	2	4	8	244	485
91	-73.128	-29.092	4	25	1	4	1	2	4	8	259	553
92	71.47	-59.931	5	13	1	4	1	2	4	8	195	501
93	-78.403	63.509	7	6	1	4	1	2	4	8	285	490
94	10.111	89.689	6	5	1	4	1	2	4	8	163	440
95	-69.51	25.765	21	14	1	4	1	2	4	8	273	468
96	22.876	87.684	24	18	1	4	1	2	4	8	122	370
97	-75.983	69.62	4	1	1	4	1	2	4	8	216	407
98	-67.496	60.187	21	1	1	4	1	2	4	8	203	423
99	54.58	-23.442	25	8	1	4	1	2	4	8	207	410
100	64.04	40.372	20	6	1	4	1	2	4	8	74	395
101	39.747	-75.122	7	1	1	4	1	2	4	8	86	409
102	60.102	73.83	4	21	1	4	1	2	4	8	159	376
103	-35.405	-74.374	2	21	1	4	1	2	4	8	196	376
104	-86.312	19.354	25	25	1	4	1	2	4	8	62	399
105	43.65	45.843	2	10	1	4	1	2	4	8	222	407
106	-86.302	50.717	11	18	1	4	1	2	4	8	187	528
107	56.127	-73.54	12	4	1	4	1	2	4	8	175	475
108	-16.217	40.044	14	11	1	4	1	2	4	8	257	492
109	-1.627	-19.089	20	24	1	4	1	2	4	8	178	473
110	-66.241	-16.981	1	9	1	4	1	2	4	8	241	453
111	15.388	-18.664	9	22	1	4	1	2	4	8	232	477
112	98.83	12.826	22	23	1	4	1	2	4	8	113	294
113	-86.609	-67.235	21	8	1	4	1	2	4	8	151	465
114	96.522	39.2	5	7	1	4	1	2	4	8	228	463
115	-25.442	28.908	5	13	1	4	1	2	4	8	188	411
116	59.045	14.41	24	18	1	4	1	2	4	8	84	405
117	20.187	8.477	2	6	1	4	1	2	4	8	217	546
118	41.522	-60.378	21	19	1	4	1	2	4	8	153	489
119	-44.982	17.064	20	22	1	4	1	2	4	8	216	496
120	-61.959	-18.511	7	11	1	4	1	2	4	8	147	414
121	-96.243	-52.375	17	19	1	4	1	2	4	8	216	479
122	-73.928	-23.535	25	1	1	4	1	2	4	8	219	399
123	-7.707	83.435	24	6	1	4	1	2	4	8	77	422
124	-82.678	-60.326	2	23	1	4	1	2	4	8	104	455
125	-11.108	-51.889	17	17	1	4	1	2	4	8	190	516
126	91.11	-56.856	11	16	1	4	1	2	4	8	175	390
127	-55.893	49.933	11	1	1	4	1	2	4	8	216	484
128	-33.956	97.014	6	5	1	4	1	2	4	8	143	494
129	-68.928	65.406	8	4	1	4	1	2	4	8	63	299
130	69.251	-43.499	17	23	1	4	1	2	4	8	87	307
131	-57.071	60.211	18	18	1	4	1	2	4	8	87	320
132	58.75	37.168	21	14	1	4	1	2	4	8	106	303
133	60.986	-11.834	3	11	1	4	1	2	4	8	232	521
134	98.324	-4.812	23	4	1	4	1	2	4	8	182	432
135	-88.471	-55.227	5	7	1	4	1	2	4	8	175	468
136	50.535	-47.345	13	6	1	4	1	2	4	8	181	483
137	70.096	-69.543	25	19	1	4	1	2	4	8	180	403
138	55.307	-29.019	14	16	1	4	1	2	4	8	178	433
139	-83.032	-2.71	16	18	1	4	1	2	4	8	143	370
140	33.297	-43.454	11	18	1	4	1	2	4	8	239	476
141	95.664	88.091	16	7	1	4	1	2	4	8	75	432
142	68.674	-77.274	24	23	1	4	1	2	4	8	214	443
143	0.922	-84.757	25	25	1	4	1	2	4	8	217	554
144	60.551	50.528	2	20	1	4	1	2	4	8	95	442
145	-60.495	37.707	6	21	1	4	1	2	4	8	209	446
146	69.48	-95.286	2	16	1	4	1	2	4	8	215	565
147	-67.899	-59.416	3	11	1	4	1	2	4	8	144	374
148	-24.9	37.655	20	19	1	4	1	2	4	8	98	349
149	7.826	13.186	21	1	1	4	1	2	4	8	153	429
150	31.324	73.022	17	4	1	4	1	2	4	8	93	424
151	-53.257	-18.092	6	19	1	4	1	2	4	8	298	654
152	-17.022	75.747	16	22	1	4	1	2	4	8	229	426
153	79.407	-84.96	16	13	1	4	1	2	4	8	243	582
154	94.813	97.655	7	21	1	4	1	2	4	8	148	457
155	96.682	1.963	6	19	1	4	1	2	4	8	144	425
156	-76.171	-58.494	5	10	1	4	1	2	4	8	240	532
157	-66.756	57.07	23	22	1	4	1	2	4	8	117	459
158	4.03	-19.787	15	19	1	4	1	2	4	8	130	392
159	-11.739	61.143	15	3	1	4	1	2	4	8	91	450
160	37.836	0.765	11	20	1	4	1	2	4	8	279	512
161	2.411	22.652	15	22	1	4	1	2	4	8	211	455
162	-7.596	-49.373	1	11	1	4	1	2	4	8	229	414
163	-10.671	82.417	22	16	1	4	1	2	4	8	223	411
164	58.201	-44.852	11	9	1	4	1	2	4	8	72	301
165	42.793	-96.489	18	14	1	4	1	2	4	8	219	530
166	13.865	77.578	4	25	1	4	1	2	4	8	169	406
167	-72.179	-65.714	16	6	1	4	1	2	4	8	172	357
168	72.855	-53.707	10	8	1	4	1	2	4	8	242	477
169	98.408	-15.875	13	22	1	4	1	2	4	8	261	469
170	-36.597	-98.22	21	16	1	4	1	2	4	8	201	502
171	-46.693	-89.776	14	12	1	4	1	2	4	8	299	533
172	-63.757	-81.043	6	4	1	4	1	2	4	8	87	289
173	-25.912	-12.5	1	12	1	4	1	2	4	8	261	581
174	30.763	85.553	12	24	1	4	1	2	4	8	102	434
175	72.158	-49.126	13	22	1	4	1	2	4	8	191	408
176	-29.117	-16.781	7	22	1	4	1	2	4	8	61	283
177	72.313	-39.146	3	7	1	4	1	2	4	8	258	609
178	-43.582	-67.551	6	4	1	4	1	2	4	8	245	554
179	58.063	77.759	1	11	1	4	1	2	4	8	192	450
180	-72.464	-38.558	1	11	1	4	1	2	4	8	282	497
181	-31.196	28.793	19	2	1	4	1	2	4	8	133	401
182	-12.118	-51.802	20	14	1	4	1	2	4	8	213	410
183	34.864	19.754	20	17	1	4	1	2	4	8	192	483
184	20.45	5.154	10	1	1	4	1	2	4	8	213	519
185	3.889	49.076	25	16	1	4	1	2	4	8	97	391
186	-28.364	-67.541	5	3	1	4	1	2	4	8	287	528
187	95.34	-76.329	9	2	1	4	1	2	4	8	203	517
188	-20.064	88.549	4	18	1	4	1	2	4	8	226	513
189	17.576	-32.944	4	6	1	4	1	2	4	8	297	602
190	14.496	67.156	22	5	1	4	1	2	4	8	66	264
191	80.127	74.817	17	19	1	4	1	2	4	8	199	416
192	97.469	-94.906	20	12	1	4	1	2	4	8	81	269
193	-25.627	69.783	20	21	1	4	1	2	4	8	216	397
194	-28.401	-99.324	5	19	1	4	1	2	4	8	76	275
195	50.075	30.104	11	8	1	4	1	2	4	8	265	509
196	-71.62	2.646	23	21	1	4	1	2	4	8	159	499
197	12.915	-98.794	18	21	1	4	1	2	4	8	92	420
198	-62.685	-8.744	17	25	1	4	1	2	4	8	203	467
199	56.589	-70.657	18	1	1	4	1	2	4	8	274	538
200	-31.331	-31.421	20	13	1	4	1	2	4	8	118	333
201	-43.98	90.593	2	11	1	4	1	2	4	8	149	390
202	26.527	-69.661	14	20	1	4	1	2	4	8	249	568
203	-69.424	52.137	13	13	1	4	1	2	4	8	226	553
204	-54.424	-13.872	18	4	1	4	1	2	4	8	229	579
205	15.812	-80.864	2	4	1	4	1	2	4	8	247	477
206	-83.857	-49.906	17	10	1	4	1	2	4	8	161	472
207	40.424	-79.066	15	13	1	4	1	2	4	8	170	479
208	-67.86	44.448	6	8	1	4	1	2	4	8	149	365
209	59.269	38.066	5	11	1	4	1	2	4	8	235	594
210	1.701	-67.918	14	14	1	4	1	2	4	8	65	288
211	44.975	87.472	11	12	1	4	1	2	4	8	127	418
212	57.629	35.435	15	23	1	4	1	2	4	8	216	476
213	-99.949	78.102	7	9	1	4	1	2	4	8	261	612
214	99.913	86.062	16	19	1	4	1	2	4	8	174	419
215	-70.393	-12.736	5	1	1	4	1	2	4	8	79	378
216	24.002	-38.426	21	9	1	4	1	2	4	8	254	476
217	-53.887	-49.366	9	19	1	4	1	2	4	8	237	481
218	95.928	10.482	22	11	1	4	1	2	4	8	80	391
219	-31.829	4.337	11	10	1	4	1	2	4	8	242	582
220	47.684	62.209	23	6	1	4	1	2	4	8	140	421
221	-66.668	-37.401	14	2	1	4	1	2	4	8	270	600
222	17.807	-31.234	22	3	1	4	1	2	4	8	172	375
223	-36.21	75.098	24	16	1	4	1	2	4	8	277	557
224	66.718	-40.335	6	4	1	4	1	2	4	8	217	405
225	90.712	-46.793	10	2	1	4	1	2	4	8	217	445
226	-77.661	49.278	13	20	1	4	1	2	4	8	174	364
227	-52.729	77.002	5	12	1	4	1	2	4	8	103	349
228	44.581	-35.831	18	4	1	4	1	2	4	8	188	380
229	7.491	-10.169	23	15	1	4	1	2	4	8	70	348
230	6.785	11.324	23	11	1	4	1	2	4	8	95	341
231	-33.471	98.485	4	20	1	4	1	2	4	8	280	529
232	-16.528	-52.459	18	4	1	4	1	2	4	8	111	362
233	-2.616	-45.108	6	12	1	4	1	2	4	8	209	517
234	-66.897	15.295	14	4	1	4	1	2	4	8	197	500
235	76.404	-30.405	14	14	1	4	1	2	4	8	238	429
236	-60.986	-67.986	16	17	1	4	1	2	4	8	61	284
237	-24.011	-86.817	3	9	1	4	1	2	4	8	151	378
238	98.059	16.247	4	10	1	4	1	2	4	8	178	366
239	1.365	-57.99	8	11	1	4	1	2	4	8	72	331
240	68.587	-78.809	1	9	1	4	1	2	4	8	71	283
241	-9.815	-86.391	7	23	1	4	1	2	4	8	103	378
242	49.922	13.192	6	25	1	4	1	2	4	8	102	390
243	-4.258	-91.165	13	25	1	4	1	2	4	8	140	421
244	89.349	-18.252	22	16	1	4	1	2	4	8	82	350
245	-17.556	5.642	18	23	1	4	1	2	4	8	238	422
246	-98.375	-67.752	9	7	1	4	1	2	4	8	219	454
247	11.423	-85.39	2	5	1	4	1	2	4	8	108	401
248	-72.785	-68.14	8	18	1	4	1	2	4	8	161	437
249	62.956	43.244	5	11	1	4	1	2	4	8	80	330
250	5.312	56.552	10	10	1	4	1	2	4	8	260	596
251	-65.52	-53.04	25	13	1	4	1	2	4	8	236	521
252	37.815	60.251	2	6	1	4	1	2	4	8	190	543
253	-82.718	34.769	12	7	1	4	1	2	4	8	295	584
254	36.114	56.615	25	18	1	4	1	2	4	8	184	389
255	-60.954	80.289	23	1	1	4	1	2	4	8	142	332
256	-68.729	-63.871	20	12	1	4	1	2	4	8	129	394
257	-66.485	89.372	19	6	1	4	1	2	4	8	102	287
258	66.3	-12.99	15	4	1	4	1	2	4	8	106	355
259	6.653	-0.248	21	23	1	4	1	2	4	8	167	365
260	-65.418	-44.258	16	7	1	4	1	2	4	8	270	478
261	95.816	-81.241	11	9	1	4	1	2	4	8	237	560
262	67.027	-89.674	21	22	1	4	1	2	4	8	134	462
263	90.179	-91.676	16	3	1	4	1	2	4	8	271	615
264	-42.445	-73.38	17	3	1	4	1	2	4	8	118	339
265	-14.05	-25.887	3	15	1	4	1	2	4	8	77	344
266	88.949	-76.044	11	16	1	4	1	2	4	8	112	311
267	5.292	65.403	24	24	1	4	1	2	4	8	248	451
268	-48.889	-14.491	24	25	1	4	1	2	4	8	175	359
269	11.053	27.916	4	16	1	4	1	2	4	8	145	404
270	-96.85	30.821	13	9	1	4	1	2	4	8	220	548
271	55.022	45.616	21	1	1	4	1	2	4	8	182	405
272	-10.164	79.954	14	4	1	4	1	2	4	8	89	429
273	-34.025	-80.909	1	14	1	4	1	2	4	8	285	635
274	-53.896	-61.495	10	15	1	4	1	2	4	8	290	546
275	97.163	-8.185	21	5	1	4	1	2	4	8	96	343
276	-48.036	91.835	3	7	1	4	1	2	4	8	235	564
277	70.116	-52.159	17	1	1	4	1	2	4	8	250	483
278	-37.542	97.917	6	1	1	4	1	2	4	8	186	446
279	-95.944	33.86	1	4	1	4	1	2	4	8	84	443
280	-85.897	-28.893	25	25	1	4	1	2	4	8	156	460
281	-7.206	-37.81	21	2	1	4	1	2	4	8	99	330
282	-87.997	-91.274	8	25	1	4	1	2	4	8	142	349
283	63.089	3.389	23	20	1	4	1	2	4	8	242	548
284	64.586	-56.96	17	5	1	4	1	2	4	8	95	306
285	88.486	69.748	22	15	1	4	1	2	4	8	111	355
286	-4.157	80.282	12	3	1	4	1	2	4	8	183	410
287	-66.415	-98.36	18	14	1	4	1	2	4	8	221	510
288	47.768	-92.319	15	6	1	4	1	2	4	8	65	256
289	24.073	-64.001	5	20	1	4	1	2	4	8	111	428
290	47.59	5.152	3	6	1	4	1	2	4	8	277	533
291	-71.782	87.985	21	15	1	4	1	2	4	8	97	442
292	27.538	75.092	15	17	1	4	1	2	4	8	76	336
293	77.355	-49.666	18	15	1	4	1	2	4	8	283	566
294	-18.538	-31.422	13	1	1	4	1	2	4	8	257	611
295	81.339	20.193	21	3	1	4	1	2	4	8	101	343
296	96.569	-89.661	4	2	1	4	1	2	4	8	134	419
297	47.488	93.359	18	22	1	4	1	2	4	8	276	509
298	38.449	57.392	4	24	1	4	1	2	4	8	70	309
299	20.392	-68.251	23	9	1	4	1	2	4	8	98	297
300	-67.946	-71.557	13	5	1	4	1	2	4	8	199	517
301	2.259	-18.005	1	11	1	4	1	2	4	8	294	577
302	-65.473	-14.524	22	15	1	4	1	2	4	8	108	313
303	-51.93	8.039	11	6	1	4	1	2	4	8	166	456
304	98.226	60.93	17	17	1	4	1	2	4	8	171	507
305	-42.134	-98.054	8	3	1	4	1	2	4	8	223	454
306	-66.033	-98.279	8	22	1	4	1	2	4	8	68	411
307	-97.981	-54.479	22	19	1	4	1	2	4	8	108	423
308	13.424	-13.017	7	6	1	4	1	2	4	8	97	315
309	89.077	41.159	3	25	1	4	1	2	4	8	251	466
310	28.376	-8.113	12	7	1	4	1	2	4	8	196	458
311	30.317	-37.06	23	18	1	4	1	2	4	8	109	391
312	-2.157	16.737	9	13	1	4	1	2	4	8	270	584
313	46.567	-68.07	11	17	1	4	1	2	4	8	158	479
314	-1.103	90.854	2	19	1	4	1	2	4	8	257	600
315	-81.82	82.599	12	22	1	4	1	2	4	8	115	451
316	91.497	-73.608	7	22	1	4	1	2	4	8	63	414
317	-12.494	86.904	1	2	1	4	1	2	4	8	71	321
318	22.224	-38.314	8	3	1	4	1	2	4	8	239	581
319	98.879	-31.951	12	5	1	4	1	2	4	8	61	399
320	99.999	72.207	22	20	1	4	1	2	4	8	253	546
321	-79.637	-5.862	8	16	1	4	1	2	4	8	242	453
322	-96.843	-66.08	12	9	1	4	1	2	4	8	137	325
323	-41.267	-70.4	8	20	1	4	1	2	4	8	197	547
324	33.014	40.751	5	2	1	4	1	2	4	8	293	512
325	-10.584	-29.071	6	9	1	4	1	2	4	8	129	462
326	-24.316	0.891	7	6	1	4	1	2	4	8	244	486
327	29.977	41.758	25	21	1	4	1	2	4	8	277	527
328	-2.848	-50.982	23	7	1	4	1	2	4	8	170	504
329	65.773	-86.846	8	25	1	4	1	2	4	8	223	403
330	-16.317	-56.905	10	6	1	4	1	2	4	8	278	504
331	-57.073	-98.436	17	14	1	4	1	2	4	8	288	630
332	-56.491	16.876	13	3	1	4	1	2	4	8	186	423
333	15.396	-76.032	6	13	1	4	1	2	4	8	262	498
334	-75.088	58.256	24	18	1	4	1	2	4	8	169	448
335	96.44	62.174	23	23	1	4	1	2	4	8	60	278
336	-93.38	-43.192	13	11	1	4	1	2	4	8	139	332
337	64.436	-80.935	4	18	1	4	1	2	4	8	87	357
338	-69.521	23.805	13	5	1	4	1	2	4	8	129	459
339	55.01	-25.54	8	11	1	4	1	2	4	8	76	399
340	-80.711	90.076	17	24	1	4	1	2	4	8	171	356
341	56.009	-49.712	25	14	1	4	1	2	4	8	67	252
342	-57.092	-74.976	20	2	1	4	1	2	4	8	262	506
343	53.202	-39.537	4	13	1	4	1	2	4	8	178	484
344	81.739	-0.326	21	12	1	4	1	2	4	8	162	437
345	32.83	55.316	3	17	1	4	1	2	4	8	285	583
346	-48.318	54.429	17	22	1	4	1	2	4	8	69	283
347	23.36	-73.911	24	12	1	4	1	2	4	8	132	456
348	-11.524	68.173	15	20	1	4	1	2	4	8	185	507
349	-68.352	58.624	25	7	1	4	1	2	4	8	73	379
350	73.554	-97.904	5	15	1	4	1	2	4	8	75	423
351	30.068	82.049	16	2	1	4	1	2	4	8	226	573
352	93.083	-68.397	17	7	1	4	1	2	4	8	273	585
353	75.257	-1.506	16	13	1	4	1	2	4	8	122	332
354	80.638	-17.836	25	17	1	4	1	2	4	8	119	339
355	-13.335	73.973	7	13	1	4	1	2	4	8	288	489
356	-86.641	3.882	14	19	1	4	1	2	4	8	109	415
357	-80.13	17.609	4	8	1	4	1	2	4	8	229	484
358	-17.242	78.547	22	21	1	4	1	2	4	8	136	323
359	12.901	-81.505	14	17	1	4	1	2	4	8	294	585
360	19.444	-81.554	24	7	1	4	1	2	4	8	284	605
361	-36.384	-47.398	8	17	1	4	1	2	4	8	163	510
362	21.083	-55.008	2	20	1	4	1	2	4	8	282	613
363	-83.82	-33.208	20	22	1	4	1	2	4	8	65	379
364	-68.502	-2.507	6	14	1	4	1	2	4	8	263	479
365	27.436	-16.36	5	15	1	4	1	2	4	8	210	450
366	48.742	-54.756	6	6	1	4	1	2	4	8	86	416
367	-45.101	-49.633	15	14	1	4	1	2	4	8	205	445
368	-58.762	77.193	24	14	1	4	1	2	4	8	300	548
369	-59.256	74.247	4	16	1	4	1	2	4	8	215	485
370	75.09	73.656	25	23	1	4	1	2	4	8	244	572
371	41.057	-21.892	7	19	1	4	1	2	4	8	78	307
372	-50.267	-11.789	4	24	1	4	1	2	4	8	177	532
373	21.525	-16.962	13	12	1	4	1	2	4	8	181	421
374	-19.547	-83.289	3	19	1	4	1	2	4	8	274	614
375	-20.39	67.037	5	25	1	4	1	2	4	8	124	334
376	54.979	-43.275	10	13	1	4	1	2	4	8	91	449
377	-89.756	-29.358	25	12	1	4	1	2	4	8	215	504
378	-30.428	-4.238	13	25	1	4	1	2	4	8	290	471
379	-72.361	-57.893	19	7	1	4	1	2	4	8	248	494
380	58.701	-88.691	25	25	1	4	1	2	4	8	179	475
381	47.152	49.394	22	5	1	4	1	2	4	8	156	355
382	98.749	1.442	17	8	1	4	1	2	4	8	215	489
383	70.369	-6.789	24	9	1	4	1	2	4	8	196	451
384	20.56	-81.837	12	8	1	4	1	2	4	8	189	433
385	80.783	57.841	7	2	1	4	1	2	4	8	271	527
386	76.182	-61.91	9	1	1	4	1	2	4	8	295	618
387	17.836	0.556	22	17	1	4	1	2	4	8	99	372
388	90.639	-61.624	13	9	1	4	1	2	4	8	165	451
389	58.777	-98.35	17	25	1	4	1	2	4	8	96	395
390	-18.378	87.995	24	14	1	4	1	2	4	8	184	397
391	80.328	-82.823	15	3	1	4	1	2	4	8	202	543
392	22.901	43.5	13	17	1	4	1	2	4	8	110	423
393	99.979	-7.659	14	22	1	4	1	2	4	8	156	387
394	-74.178	-85.31	1	25	1	4	1	2	4	8	162	357
395	31.687	-99.301	22	25	1	4	1	2	4	8	164	520
396	17.78	-9.558	14	11	1	4	1	2	4	8	96	432
397	19.072	-3.536	6	4	1	4	1	2	4	8	75	333
398	9.99	-31.742	23	12	1	4	1	2	4	8	164	359
399	93.929	-69.25	6	17	1	4	1	2	4	8	218	547
400	-49.561	2.1	14	13	1	4	1	2	4	8	176	364
401	84.991	97.266	13	10	1	4	1	2	4	8	191	545
402	-35.136	60.366	25	16	1	4	1	2	4	8	190	465
403	27.386	75.726	25	6	1	4	1	2	4	8	229	475
404	-95.895	51.401	13	5	1	4	1	2	4	8	95	356
405	90.088	83.059	9	8	1	4	1	2	4	8	157	495
406	-16.536	50.318	22	6	1	4	1	2	4	8	238	581
407	91.728	67.298	24	18	1	4	1	2	4	8	250	530
408	-5.567	29.476	24	17	1	4	1	2	4	8	291	513
409	24.247	-56.177	1	17	1	4	1	2	4	8	68	374
410	-15.787	-73.613	25	20	1	4	1	2	4	8	278	605
411	-5.743	49.143	6	2	1	4	1	2	4	8	295	486
412	47.026	37.508	16	7	1	4	1	2	4	8	230	539
413	19.365	55.565	10	11	1	4	1	2	4	8	296	618
414	76.434	-37.53	19	11	1	4	1	2	4	8	136	369
415	36.658	-41.782	17	24	1	4	1	2	4	8	132	415
416	-16.68	46.01	3	21	1	4	1	2	4	8	159	417
417	-72.614	-67.887	13	23	1	4	1	2	4	8	273	551
418	11.499	-71.875	7	13	1	4	1	2	4	8	270	507
419	73.78	30.537	21	13	1	4	1	2	4	8	136	477
420	-23.986	94.995	2	21	1	4	1	2	4	8	167	475
421	-62.937	-59.284	22	21	1	4	1	2	4	8	163	503
422	70.046	83.677	9	7	1	4	1	2	4	8	170	485
423	-16.85	-31.282	2	1	1	4	1	2	4	8	168	407
424	-70.533	-21.775	14	21	1	4	1	2	4	8	284	505
425	2.381	-18.432	14	23	1	4	1	2	4	8	253	554
426	-73.39	29.962	23	15	1	4	1	2	4	8	270	507
427	-77.693	-30.34	3	25	1	4	1	2	4	8	85	276
428	-45.148	52.866	8	5	1	4	1	2	4	8	286	468
429	-56.395	-38.303	20	20	1	4	1	2	4	8	278	622
430	-85.233	-65.405	15	14	1	4	1	2	4	8	183	532
431	-92.251	-45.922	8	3	1	4	1	2	4	8	212	483
432	-68.654	20.708	5	3	1	4	1	2	4	8	75	345
433	70.65	-16.407	21	2	1	4	1	2	4	8	285	532
434	24.89	-88.039	25	2	1	4	1	2	4	8	101	396
435	-42.952	11.889	7	8	1	4	1	2	4	8	188	382
436	35.038	-87.778	7	7	1	4	1	2	4	8	145	448
437	39.942	44.533	12	9	1	4	1	2	4	8	277	549
438	89.745	77.683	19	6	1	4	1	2	4	8	253	496
439	63.434	-99.186	20	8	1	4	1	2	4	8	109	381
440	-56.83	70.024	7	20	1	4	1	2	4	8	258	618
441	86.146	48.44	13	18	1	4	1	2	4	8	263	582
442	-26.305	-10.537	17	8	1	4	1	2	4	8	252	459
443	84.629	5.848	9	16	1	4	1	2	4	8	250	522
444	22.976	-82.654	25	12	1	4	1	2	4	8	243	564
445	16.025	-27.843	9	14	1	4	1	2	4	8	151	404
446	40.983	50.121	17	3	1	4	1	2	4	8	98	434
447	-28.342	70.688	1	7	1	4	1	2	4	8	282	586
448	-17.198	-37.749	5	15	1	4	1	2	4	8	270	454
449	18.649	68.157	3	21	1	4	1	2	4	8	286	622
450	-31.679	-77.422	8	24	1	4	1	2	4	8	104	335
451	-92.03	71.045	11	24	1	4	1	2	4	8	225	553
452	99.764	-19.769	17	8	1	4	1	2	4	8	266	493
453	83.744	-92.568	12	11	1	4	1	2	4	8	150	414
454	65.257	21.403	24	2	1	4	1	2	4	8	243	463
455	-29.359	-96.173	4	1	1	4	1	2	4	8	113	453
456	66.628	-57.768	6	17	1	4	1	2	4	8	223	539
457	99.35	76.019	7	19	1	4	1	2	4	8	120	401
458	-85.268	-25.947	13	6	1	4	1	2	4	8	162	389
459	-24.85	-63.408	24	14	1	4	1	2	4	8	138	450
460	-88.721	28.66	2	17	1	4	1	2	4	8	238	492
461	-39.57	-27.557	9	1	1	4	1	2	4	8	249	549
462	33.1	-15.522	4	10	1	4	1	2	4	8	120	478
463	-37.825	82.636	20	23	1	4	1	2	4	8	259	617
464	-81.576	-99.622	24	17	1	4	1	2	4	8	149	479
465	16.583	-96.408	13	8	1	4	1	2	4	8	169	521
466	-31.746	75.591	10	19	1	4	1	2	4	8	257	572
467	61.911	-97.661	12	23	1	4	1	2	4	8	272	560
468	57.673	78.338	19	20	1	4	1	2	4	8	300	515
469	-74.773	64.916	19	3	1	4	1	2	4	8	255	442
470	-56.712	-97.571	18	16	1	4	1	2	4	8	281	501
471	8.848	-41.943	13	7	1	4	1	2	4	8	90	333
472	56.179	-93.925	14	3	1	4	1	2	4	8	227	443
473	68.735	70.118	18	1	1	4	1	2	4	8	171	444
474	-5.465	-42.382	19	17	1	4	1	2	4	8	282	599
475	-3.662	-44.745	12	14	1	4	1	2	4	8	165	388
476	-81.811	-70.17	8	25	1	4	1	2	4	8	264	489
477	-13.655	43.628	19	5	1	4	1	2	4	8	268	503
478	85.186	55.957	21	8	1	4	1	2	4	8	276	559
479	27.923	20.394	9	1	1	4	1	2	4	8	233	444
480	81.843	97.48	2	21	1	4	1	2	4	8	230	497
481	-96.561	-80.586	4	4	1	4	1	2	4	8	65	281
482	-9.387	-72.56	12	13	1	4	1	2	4	8	97	441
483	55.654	88.007	6	5	1	4	1	2	4	8	87	359
484	83.858	-48.437	9	25	1	4	1	2	4	8	171	508
485	98.537	-99.368	9	11	1	4	1	2	4	8	101	414
486	60.709	98.434	15	5	1	4	1	2	4	8	119	459
487	-63.394	34.869	7	23	1	4	1	2	4	8	94	360
488	-55.337	-92.193	18	14	1	4	1	2	4	8	201	459
489	-89.766	-1.879	23	8	1	4	1	2	4	8	123	309
490	-7.931	-33.667	24	12	1	4	1	2	4	8	167	410
491	-31.815	68.398	25	10	1	4	1	2	4	8	168	363
492	-33.15	-59.529	16	5	1	4	1	2	4	8	130	350
493	62.105	53.287	9	6	1	4	1	2	4	8	123	457
494	-91.781	-6.866	3	5	1	4	1	2	4	8	175	402
495	-56.233	59.374	10	1	1	4	1	2	4	8	225	479
496	-40.409	-21.933	21	2	1	4	1	2	4	8	130	342
497	26.541	-76.104	2	7	1	4	1	2	4	8	164	421
498	-35.513	-80.412	3	14	1	4	1	2	4	8	144	386
499	21.491	88.587	9	6	1	4	1	2	4	8	128	428
500	-58.336	7.128	8	4	1	4	1	2	4	8	158	467
501	-1.587	-90.995	14	10	1	4	1	2	4	8	230	415
502	-56.755	-4.581	6	21	1	4	1	2	4	8	205	429
503	-55.795	-89.568	2	6	1	4	1	2	4	8	297	551
504	68.237	-27.695	16	5	1	4	1	2	4	8	99	319
505	34.062	4.498	16	13	1	4	1	2	4	8	287	577
506	-94.478	90.895	19	9	1	4	1	2	4	8	244	545
507	-57.782	53.032	17	1	1	4	1	2	4	8	73	283
508	7.702	-94.632	21	7	1	4	1	2	4	8	229	498
509	-62.697	83.173	25	18	1	4	1	2	4	8	170	432
510	-60.988	-53.805	7	24	1	4	1	2	4	8	177	357
511	-43.505	-69.111	12	18	1	4	1	2	4	8	181	383
512	97.728	81.065	20	12	1	4	1	2	4	8	264	514
513	89.034	-60.961	14	22	1	4	1	2	4	8	215	445
514	44.546	-7.482	19	3	1	4	1	2	4	8	90	279
515	17.894	-26.596	23	4	1	4	1	2	4	8	157	391
516	-87.64	-34.426	6	13	1	4	1	2	4	8	195	403
517	34.517	52.381	9	20	1	4	1	2	4	8	106	302
518	96.696	-38.001	13	16	1	4	1	2	4	8	156	380
519	79.477	76.956	15	22	1	4	1	2	4	8	284	583
520	2.418	71.79	8	9	1	4	1	2	4	8	159	476
521	3.217	-31.649	25	20	1	4	1	2	4	8	264	504
522	-95.739	-18.26	18	22	1	4	1	2	4	8	174	452
523	-29.562	-45.884	2	6	1	4	1	2	4	8	101	375
524	6.549	45.182	14	18	1	4	1	2	4	8	177	502
525	-42.879	79.309	5	1	1	4	1	2	4	8	211	500
526	36.394	66.838	22	25	1	4	1	2	4	8	249	558
527	42.076	-84.768	7	15	1	4	1	2	4	8	78	302
528	56.132	-12.439	17	20	1	4	1	2	4	8	126	306
529	-95.899	36.317	5	12	1	4	1	2	4	8	226	466
530	-88.983	-52.882	10	17	1	4	1	2	4	8	208	448
531	64.247	91.457	16	15	1	4	1	2	4	8	119	388
532	-72.655	-70.771	20	25	1	4	1	2	4	8	222	420
533	32.074	-38.296	18	2	1	4	1	2	4	8	87	407
534	54.75	78.806	2	2	1	4	1	2	4	8	235	560
535	27.747	3.023	24	21	1	4	1	2	4	8	68	315
536	76.298	-82.696	17	10	1	4	1	2	4	8	295	654
537	-38.252	-27.46	5	19	1	4	1	2	4	8	184	417
538	87.422	46.29	18	15	1	4	1	2	4	8	291	606
539	7.068	-86.587	5	23	1	4	1	2	4	8	152	454
540	59.458	-34.357	13	1	1	4	1	2	4	8	245	602
541	78.022	95.827	24	14	1	4	1	2	4	8	117	366
542	-65.182	-85.297	20	20	1	4	1	2	4	8	166	468
543	57.247	-90.481	24	6	1	4	1	2	4	8	238	472
544	-94.567	13.355	6	11	1	4	1	2	4	8	131	466
545	32.952	59.382	4	12	1	4	1	2	4	8	249	559
546	-72.026	-96.872	10	1	1	4	1	2	4	8	222	547
547	-51.895	-62.539	17	15	1	4	1	2	4	8	257	490
548	-51.575	92.63	14	8	1	4	1	2	4	8	162	416
549	-56.579	-69.398	3	18	1	4	1	2	4	8	134	380
550	26.402	81.786	24	23	1	4	1	2	4	8	106	324
551	-95.813	75.449	12	17	1	4	1	2	4	8	83	392
552	-79.111	43.035	25	4	1	4	1	2	4	8	234	464
553	-31.037	-78.774	24	5	1	4	1	2	4	8	142	407
554	-5.307	50.713	15	4	1	4	1	2	4	8	223	475
555	-95.771	63.122	15	12	1	4	1	2	4	8	226	572
556	62.242	-50.127	23	7	1	4	1	2	4	8	293	519
557	-4.149	67.502	18	19	1	4	1	2	4	8	170	485
558	28.492	87.95	2	18	1	4	1	2	4	8	159	401
559	85.136	19.967	13	24	1	4	1	2	4	8	182	490
560	-37.55	77.513	23	1	1	4	1	2	4	8	112	304
561	99.633	42.514	9	3	1	4	1	2	4	8	239	590
562	-96.217	-30.657	16	17	1	4	1	2	4	8	140	324
563	72.872	61.141	16	10	1	4	1	2	4	8	67	362
564	-52.716	-32.922	2	15	1	4	1	2	4	8	220	447
565	-56.768	-88.654	16	17	1	4	1	2	4	8	292	627
566	-21.917	-70.256	15	10	1	4	1	2	4	8	103	342
567	-13.912	78.346	16	12	1	4	1	2	4	8	251	541
568	90.339	-84.333	15	16	1	4	1	2	4	8	167	463
569	-22.419	-36.57	18	10	1	4	1	2	4	8	219	569
570	26.155	-3.343	12	17	1	4	1	2	4	8	277	488
571	17.56	-14.514	5	5	1	4	1	2	4	8	207	424
572	-63.247	-27.868	21	15	1	4	1	2	4	8	95	392
573	87.197	22.987	16	4	1	4	1	2	4	8	196	513
574	15.653	-40.126	24	23	1	4	1	2	4	8	145	354
575	-1.258	93.385	22	5	1	4	1	2	4	8	125	336
576	53.965	-70.184	14	19	1	4	1	2	4	8	251	543
577	29.807	-30.383	14	11	1	4	1	2	4	8	174	358
578	-99.093	-76.195	15	13	1	4	1	2	4	8	106	316
579	-48.942	-17.638	21	11	1	4	1	2	4	8	191	537
580	-4.802	-89.402	12	15	1	4	1	2	4	8	96	277
581	-85.608	13.399	22	22	1	4	1	2	4	8	223	552
582	-95.159	8.215	12	24	1	4	1	2	4	8	203	467
583	3.885	92.973	4	15	1	4	1	2	4	8	72	363
584	10.401	53.399	6	24	1	4	1	2	4	8	61	336
585	89.347	-97.435	19	15	1	4	1	2	4	8	214	444
586	24.52	-49.654	2	3	1	4	1	2	4	8	165	516
587	-57.638	-82.244	8	3	1	4	1	2	4	8	146	328
588	55.43	-26.095	20	8	1	4	1	2	4	8	287	616
589	91.527	-49.244	16	14	1	4	1	2	4	8	277	623
590	7.286	-54.417	17	2	1	4	1	2	4	8	95	382
591	21.386	53.013	5	11	1	4	1	2	4	8	146	409
592	-32.171	51.548	25	24	1	4	1	2	4	8	285	515
593	55.754	-83.565	22	11	1	4	1	2	4	8	234	495
594	-7.167	-80.13	22	8	1	4	1	2	4	8	278	576
595	-64.456	-91.688	14	3	1	4	1	2	4	8	216	465
596	-31.982	58.611	17	20	1	4	1	2	4	8	275	573
597	-55.382	-1.964	9	19	1	4	1	2	4	8	258	497
598	20.656	-20.578	3	19	1	4	1	2	4	8	92	285
599	6.065	-55.77	17	15	1	4	1	2	4	8	124	364
600	12.832	73.503	8	6	1	4	1	2	4	8	156	404
601	56.313	72.24	9	11	1	4	1	2	4	8	105	337
602	27.993	-45.032	23	10	1	4	1	2	4	8	159	343
603	-17.921	65.113	7	13	1	4	1	2	4	8	176	495
604	97.172	-22.337	16	15	1	4	1	2	4	8	218	510
605	32.325	84.538	1	13	1	4	1	2	4	8	69	343
606	-50.869	50.983	5	17	1	4	1	2	4	8	217	519
607	72.315	67.771	16	24	1	4	1	2	4	8	72	280
608	-25.059	-26.761	4	9	1	4	1	2	4	8	114	423
609	8.519	72.466	11	1	1	4	1	2	4	8	194	526
610	-69.923	88.799	5	25	1	4	1	2	4	8	98	327
611	96.041	95.111	18	11	1	4	1	2	4	8	159	491
612	21.622	-15.398	12	14	1	4	1	2	4	8	209	507
613	38.633	34.859	2	11	1	4	1	2	4	8	297	531
614	21.758	-6.772	14	24	1	4	1	2	4	8	229	560
615	-33.361	-72.079	15	23	1	4	1	2	4	8	61	302
616	66.493	-7.708	3	18	1	4	1	2	4	8	86	377
617	-98.794	-52.469	20	6	1	4	1	2	4	8	86	442
618	-83.827	38.759	14	15	1	4	1	2	4	8	199	408
619	23.084	-7.31	7	8	1	4	1	2	4	8	129	316
620	15.731	46.213	22	21	1	4	1	2	4	8	276	635
621	-1.847	89.007	16	23	1	4	1	2	4	8	97	291
622	5.782	-87.182	7	1	1	4	1	2	4	8	193	442
623	-48.171	-60.518	3	9	1	4	1	2	4	8	294	569
624	89.624	-87.307	15	4	1	4	1	2	4	8	165	490
625	-61.714	-49.676	10	1	1	4	1	2	4	8	162	510
626	-98.138	44.515	4	19	1	4	1	2	4	8	198	455
627	87.376	47.418	18	2	1	4	1	2	4	8	80	332
628	76.723	40.465	8	1	1	4	1	2	4	8	142	482
629	65.389	-25.052	24	1	1	4	1	2	4	8	274	559
630	4.266	-52.288	9	19	1	4	1	2	4	8	194	481
631	-77.732	8.498	6	24	1	4	1	2	4	8	272	487
632	33.614	-98.297	16	17	1	4	1	2	4	8	171	368
633	21.925	-49.025	16	9	1	4	1	2	4	8	271	509
634	-62.031	-27.286	6	8	1	4	1	2	4	8	127	401
635	98.808	-30.609	23	15	1	4	1	2	4	8	94	338
636	-10.522	65.178	19	3	1	4	1	2	4	8	225	438
637	-77.584	-97.103	8	2	1	4	1	2	4	8	186	492
638	-95.068	97.477	16	6	1	4	1	2	4	8	104	432
639	-58.133	-25.755	15	1	1	4	1	2	4	8	244	506
640	-94.275	99.274	10	14	1	4	1	2	4	8	140	392
641	82.44	-92.125	20	21	1	4	1	2	4	8	97	325
642	46.91	-80.296	4	10	1	4	1	2	4	8	88	322
643	-53.222	-4.521	17	12	1	4	1	2	4	8	167	384
644	76.49	96.536	21	6	1	4	1	2	4	8	164	480
645	14.174	29.332	16	16	1	4	1	2	4	8	103	386
646	-89.304	89.958	3	2	1	4	1	2	4	8	287	475
647	-22.824	-21.204	7	22	1	4	1	2	4	8	178	416
648	83.216	-92.189	8	10	1	4	1	2	4	8	179	366
649	16.239	40.766	5	13	1	4	1	2	4	8	236	423
650	-20.067	-68.604	18	18	1	4	1	2	4	8	221	440
651	-92.925	98.325	5	7	1	4	1	2	4	8	157	379
652	-11.863	-56.628	14	8	1	4	1	2	4	8	159	471
653	-39.791	56.193	22	15	1	4	1	2	4	8	107	420
654	-50.249	-60.104	12	22	1	4	1	2	4	8	85	408
655	-35.18	-80.829	18	2	1	4	1	2	4	8	284	622
656	-90.25	40.768	16	11	1	4	1	2	4	8	98	401
657	42.105	-98.795	16	15	1	4	1	2	4	8	108	443
658	-31.408	7.254	22	18	1	4	1	2	4	8	162	458
659	2.781	18.751	2	10	1	4	1	2	4	8	234	438
660	-3.471	-86.017	13	4	1	4	1	2	4	8	174	381
661	28.144	23.47	4	17	1	4	1	2	4	8	110	423
662	41.835	-65.442	11	18	1	4	1	2	4	8	259	472
663	-93.179	4.737	22	4	1	4	1	2	4	8	237	553
664	2.066	-61.012	16	7	1	4	1	2	4	8	63	355
665	47.501	52.708	20	11	1	4	1	2	4	8	278	638
666	-53.054	-94.753	17	16	1	4	1	2	4	8	63	284
667	-91.997	-73.532	2	10	1	4	1	2	4	8	294	483
668	-96.936	-83.249	2	6	1	4	1	2	4	8	236	532
669	-76.721	-17.236	11	5	1	4	1	2	4	8	204	490
670	82.89	-36.693	23	2	1	4	1	2	4	8	254	479
671	38.756	-35.794	13	25	1	4	1	2	4	8	243	466
672	-90.517	-46.207	1	3	1	4	1	2	4	8	235	559
673	-48.373	35.985	18	13	1	4	1	2	4	8	170	375
674	11.339	-51.296	7	12	1	4	1	2	4	8	148	485
675	83.555	19.356	10	11	1	4	1	2	4	8	247	601
676	72.441	-2.372	5	14	1	4	1	2	4	8	266	567
677	-96.791	-78.424	8	4	1	4	1	2	4	8	276	622
678	-86.832	-11.309	9	24	1	4	1	2	4	8	226	542
679	52.342	-74.272	25	4	1	4	1	2	4	8	251	524
680	94.863	-15.902	15	6	1	4	1	2	4	8	86	282
681	-64.001	-73.34	13	3	1	4	1	2	4	8	188	472
682	-51.231	95.052	14	25	1	4	1	2	4	8	94	304
683	27.125	62.608	14	25	1	4	1	2	4	8	134	318
684	12.705	-51.504	6	8	1	4	1	2	4	8	199	391
685	76.524	-44.223	6	15	1	4	1	2	4	8	217	469
686	37.547	47.821	10	22	1	4	1	2	4	8	257	589
687	68.594	-64.714	17	8	1	4	1	2	4	8	203	463
688	44.539	-62.563	1	15	1	4	1	2	4	8	190	471
689	45.716	44.989	22	20	1	4	1	2	4	8	123	385
690	19.303	46.004	24	7	1	4	1	2	4	8	228	516
691	53.315	84.428	5	17	1	4	1	2	4	8	196	465
692	94.448	12.02	3	18	1	4	1	2	4	8	61	336
693	98.006	-50.426	7	20	1	4	1	2	4	8	134	403
694	51.58	-83.853	17	9	1	4	1	2	4	8	170	512
695	-11.546	-11.443	3	2	1	4	1	2	4	8	105	292
696	96.179	10.943	3	3	1	4	1	2	4	8	60	242
697	-96.827	-92.898	20	1	1	4	1	2	4	8	138	335
698	-28.577	-38.229	19	22	1	4	1	2	4	8	193	390
699	70.755	-15.449	17	11	1	4	1	2	4	8	258	560
700	62.427	-48.313	9	17	1	4	1	2	4	8	135	389
701	-50.574	0.269	6	2	1	4	1	2	4	8	167	384
702	58.424	-25.088	15	16	1	4	1	2	4	8	238	565
703	98.755	25.915	6	8	1	4	1	2	4	8	155	494
704	69.591	-33.555	13	3	1	4	1	2	4	8	223	571
705	1.029	33.041	24	24	1	4	1	2	4	8	114	427
706	-66.632	90.285	13	5	1	4	1	2	4	8	231	572
707	-27.517	43.353	5	9	1	4	1	2	4	8	256	567
708	-84.9	19.004	17	7	1	4	1	2	4	8	114	381
709	74.053	72.544	13	8	1	4	1	2	4	8	276	505
710	-87.341	-53.581	22	15	1	4	1	2	4	8	127	485
711	-90.673	45.421	17	25	1	4	1	2	4	8	158	465
712	-74.002	87.768	7	3	1	4	1	2	4	8	177	441
713	6.88	-72.567	12	4	1	4	1	2	4	8	178	358
714	-13.13	-27.904	20	4	1	4	1	2	4	8	234	506
715	-32.988	-49.306	1	8	1	4	1	2	4	8	174	517
716	80.828	46.386	19	4	1	4	1	2	4	8	216	569
717	20.338	-47.948	18	13	1	4	1	2	4	8	291	472
718	-23.864	-99.678	19	3	1	4	1	2	4	8	74	402
719	43.901	81.572	14	23	1	4	1	2	4	8	62	261
720	97.293	54.545	25	16	1	4	1	2	4	8	284	518
721	73.293	67.028	15	23	1	4	1	2	4	8	283	471
722	-85.69	-94.315	10	25	1	4	1	2	4	8	249	583
723	92.956	-49.492	2	16	1	4	1	2	4	8	163	384
724	-96.88	94.715	10	20	1	4	1	2	4	8	88	319
725	44.152	39.762	25	23	1	4	1	2	4	8	213	527
726	-77.11	-67.271	14	1	1	4	1	2	4	8	206	398
727	-58.578	88.41	25	17	1	4	1	2	4	8	138	366
728	19.55	62.192	10	14	1	4	1	2	4	8	248	473
729	-54.113	-36.396	14	12	1	4	1	2	4	8	102	319
730	8.603	41.57	8	19	1	4	1	2	4	8	95	278
731	51.993	95.206	16	15	1	4	1	2	4	8	145	384
732	-2.998	12.644	17	25	1	4	1	2	4	8	102	297
733	89.844	93.38	1	16	1	4	1	2	4	8	63	286
734	-90.092	-18.888	15	11	1	4	1	2	4	8	100	402
735	72.204	-84.995	23	19	1	4	1	2	4	8	222	427
736	94.546	15.682	2	5	1	4	1	2	4	8	139	330
737	-29.054	60.413	8	14	1	4	1	2	4	8	111	444
738	-94.964	-69.335	16	4	1	4	1	2	4	8	268	600
739	-85.699	-6.069	20	5	1	4	1	2	4	8	82	417
740	-74.102	-16.023	17	12	1	4	1	2	4	8	154	382
741	11.444	-24.162	12	15	1	4	1	2	4	8	89	431
742	90.632	-91.917	1	10	1	4	1	2	4	8	112	324
743	-87.194	-27.548	18	9	1	4	1	2	4	8	137	391
744	-38.496	53.39	4	15	1	4	1	2	4	8	133	470
745	0.244	34.508	6	13	1	4	1	2	4	8	147	391
746	82.714	-2.404	10	4	1	4	1	2	4	8	253	612
747	-86.24	-38.221	8	16	1	4	1	2	4	8	183	418
748	-40.358	95.983	3	15	1	4	1	2	4	8	125	431
749	60.362	12.009	14	15	1	4	1	2	4	8	197	525
750	-41.814	-35.507	1	10	1	4	1	2	4	8	285	628
751	-44.931	-48.819	3	2	1	4	1	2	4	8	127	393
752	-1.518	-60.245	25	11	1	4	1	2	4	8	135	396
753	-97.306	-85.12	9	21	1	4	1	2	4	8	119	402
754	-59.216	-76.728	11	21	1	4	1	2	4	8	241	521
755	2.944	27.865	9	6	1	4	1	2	4	8	257	522
756	-1.815	-28.618	2	23	1	4	1	2	4	8	287	544
757	14.772	-34.333	4	11	1	4	1	2	4	8	68	284
758	-93.305	81.219	18	5	1	4	1	2	4	8	268	474
759	21.682	56.76	15	15	1	4	1	2	4	8	117	328
760	-81.681	-13.241	14	2	1	4	1	2	4	8	222	408
761	-82.78	51.088	3	15	1	4	1	2	4	8	78	306
762	-90.044	22.294	20	8	1	4	1	2	4	8	268	563
763	-51.843	9.018	22	21	1	4	1	2	4	8	181	408
764	21.156	-71.808	23	8	1	4	1	2	4	8	201	412
765	57.009	84.16	3	8	1	4	1	2	4	8	263	475
766	26.939	-44.312	10	11	1	4	1	2	4	8	244	503
767	-7.621	-15.326	16	14	1	4	1	2	4	8	211	545
768	-7.742	-89.538	13	1	1	4	1	2	4	8	246	605
769	-55.465	-86.77	18	3	1	4	1	2	4	8	219	412
770	1.468	-10.815	14	9	1	4	1	2	4	8	116	457
771	-10.019	35.863	14	3	1	4	1	2	4	8	266	601
772	-22.616	59.792	11	23	1	4	1	2	4	8	146	328
773	-98.421	-41.306	17	7	1	4	1	2	4	8	133	348
774	-63.245	43.246	22	20	1	4	1	2	4	8	299	543
775	12.401	39.661	7	17	1	4	1	2	4	8	290	555
776	-52.339	-33.062	15	23	1	4	1	2	4	8	89	407
777	92.551	85.331	10	9	1	4	1	2	4	8	270	597
778	-56.601	-8.265	25	21	1	4	1	2	4	8	203	399
779	77.153	-32.68	1	23	1	4	1	2	4	8	83	407
780	-51.955	-8.922	15	13	1	4	1	2	4	8	134	423
781	62.772	7.112	17	23	1	4	1	2	4	8	167	356
782	-81.742	55.796	19	15	1	4	1	2	4	8	114	348
783	26.808	-84.637	18	21	1	4	1	2	4	8	159	414
784	-42.51	-81.025	15	24	1	4	1	2	4	8	172	483
785	60.602	18.444	16	20	1	4	1	2	4	8	207	474
786	-95.396	48.153	18	10	1	4	1	2	4	8	240	572
787	25.854	-56.71	13	20	1	4	1	2	4	8	165	386
788	-82.932	-7.78	23	5	1	4	1	2	4	8	141	479
789	-70.235	-46.037	14	24	1	4	1	2	4	8	103	453
790	-72.557	-72.361	2	12	1	4	1	2	4	8	167	383
791	52.846	-90.585	14	12	1	4	1	2	4	8	172	373
792	68.976	-73.162	23	2	1	4	1	2	4	8	288	601
793	25.264	67.217	23	16	1	4	1	2	4	8	201	493
794	-0.184	-68.613	21	11	1	4	1	2	4	8	175	447
795	-21.933	-99.252	16	3	1	4	1	2	4	8	261	456
796	39.996	-84.413	5	5	1	4	1	2	4	8	138	489
797	-81.853	-54.542	22	20	1	4	1	2	4	8	239	517
798	-52.328	-68.312	9	14	1	4	1	2	4	8	95	398
799	-70.749	98.758	22	20	1	4	1	2	4	8	246	553
800	-36.647	-14.48	4	1	1	4	1	2	4	8	193	538
801	72.371	-87.251	23	22	1	4	1	2	4	8	99	399
802	-21.307	-27.155	14	3	1	4	1	2	4	8	100	296
803	-12.329	93.292	13	23	1	4	1	2	4	8	223	474
804	87.596	62.407	13	24	1	4	1	2	4	8	171	422
805	65.011	-33.323	8	7	1	4	1	2	4	8	213	562
806	88.883	77.743	14	15	1	4	1	2	4	8	146	425
807	-53.959	-1.776	1	8	1	4	1	2	4	8	246	589
808	54.62	-24.851	19	4	1	4	1	2	4	8	224	441
809	-6.926	92.78	22	5	1	4	1	2	4	8	256	537
810	-55.676	80.947	21	11	1	4	1	2	4	8	231	444
811	-17.283	-35.353	4	24	1	4	1	2	4	8	99	355
812	77.763	68.909	18	23	1	4	1	2	4	8	71	359
813	-32.556	80.596	7	4	1	4	1	2	4	8	212	503
814	-88.189	86.867	13	16	1	4	1	2	4	8	171	402
815	99.613	-12.914	1	3	1	4	1	2	4	8	294	503
816	-47.986	-77.963	4	2	1	4	1	2	4	8	257	537
817	81.038	-77.772	20	4	1	4	1	2	4	8	129	439
818	79.817	-70.394	13	16	1	4	1	2	4	8	293	562
819	-55.196	-98.062	17	15	1	4	1	2	4	8	112	321
820	14.855	-40.905	5	2	1	4	1	2	4	8	154	423
821	48.238	84.78	4	16	1	4	1	2	4	8	158	417
822	0.521	86.924	24	11	1	4	1	2	4	8	258	517
823	-5.125	-90.067	20	25	1	4	1	2	4	8	163	489
824	28.527	-87.469	2	15	1	4	1	2	4	8	242	497
825	-87.395	-81.117	21	6	1	4	1	2	4	8	247	428
826	82.218	-56.418	21	10	1	4	1	2	4	8	166	443
827	-84.723	27.857	6	3	1	4	1	2	4	8	197	410
828	11.49	39.692	23	20	1	4	1	2	4	8	219	460
829	-97.121	86.382	5	9	1	4	1	2	4	8	297	550
830	79.243	-71.276	3	17	1	4	1	2	4	8	158	492
831	-61.792	-50.602	23	18	1	4	1	2	4	8	75	404
832	-14.5	-98.207	19	14	1	4	1	2	4	8	190	412
833	-45.703	-37.713	22	17	1	4	1	2	4	8	75	405
834	70.502	76.394	6	4	1	4	1	2	4	8	162	516
835	97.98	67.024	20	13	1	4	1	2	4	8	78	374
836	-61.021	89.911	6	17	1	4	1	2	4	8	230	493
837	78.976	32.602	2	7	1	4	1	2	4	8	94	324
838	59.431	-85.552	2	13	1	4	1	2	4	8	269	558
839	-5.172	-2.067	11	14	1	4	1	2	4	8	161	378
840	90.694	3.51	17	22	1	4	1	2	4	8	255	550
841	65.256	-87.516	14	15	1	4	1	2	4	8	285	584
842	-2.305	71.882	13	12	1	4	1	2	4	8	297	551
843	-59.035	-31.067	21	1	1	4	1	2	4	8	289	515
844	88.679	-48.253	21	25	1	4	1	2	4	8	188	526
845	-49.681	65.082	10	1	1	4	1	2	4	8	263	482
846	-41.876	-56.052	5	15	1	4	1	2	4	8	136	413
847	-21.293	-26.51	21	21	1	4	1	2	4	8	123	470
848	35.434	-1.656	21	20	1	4	1	2	4	8	100	319
849	77.094	-29.762	2	1	1	4	1	2	4	8	252	442
850	36.581	0.509	24	13	1	4	1	2	4	8	279	478
851	82.86	80.412	22	7	1	4	1	2	4	8	236	488
852	-70.793	-55.784	11	18	1	4	1	2	4	8	161	352
853	24.882	-71.033	1	4	1	4	1	2	4	8	97	423
854	-98.403	-9.15	18	15	1	4	1	2	4	8	235	578
855	-75.541	71.114	10	13	1	4	1	2	4	8	90	410
856	-93.29	72.691	12	10	1	4	1	2	4	8	233	456
857	36.254	-42.554	10	8	1	4	1	2	4	8	122	341
858	27.539	47.853	8	1	1	4	1	2	4	8	184	453
859	-35.84	-18.245	24	5	1	4	1	2	4	8	150	454
860	-89.646	38.88	6	10	1	4	1	2	4	8	258	554
861	-58.369	-49.188	3	25	1	4	1	2	4	8	254	482
862	-79.402	45.554	4	20	1	4	1	2	4	8	250	543
863	25.06	85.134	25	2	1	4	1	2	4	8	104	357
864	-54.308	38.462	9	7	1	4	1	2	4	8	64	336
865	30.891	2.279	22	6	1	4	1	2	4	8	87	421
866	76.095	-24.533	22	1	1	4	1	2	4	8	98	426
867	-71.455	-64.263	21	1	1	4	1	2	4	8	70	344
868	23.024	-13.305	17	23	1	4	1	2	4	8	125	481
869	1.144	-37.673	6	17	1	4	1	2	4	8	68	330
870	72.465	-97.364	17	18	1	4	1	2	4	8	294	527
871	1.591	85.03	9	7	1	4	1	2	4	8	180	409
872	28.627	87.496	13	10	1	4	1	2	4	8	199	402
873	95.023	7.713	1	25	1	4	1	2	4	8	143	414
874	92.84	51.916	8	14	1	4	1	2	4	8	243	505
875	-26.518	-81.234	3	13	1	4	1	2	4	8	292	630
876	-65.415	63.911	2	13	1	4	1	2	4	8	162	487
877	91.74	67.778	25	22	1	4	1	2	4	8	69	415
878	49.362	81.622	18	1	1	4	1	2	4	8	82	371
879	40.965	-52.002	17	21	1	4	1	2	4	8	157	459
880	92.763	4.676	10	8	1	4	1	2	4	8	71	347
881	-95.521	87.598	4	4	1	4	1	2	4	8	227	419
882	29.043	62.311	19	6	1	4	1	2	4	8	188	404
883	11.579	90.643	3	20	1	4	1	2	4	8	82	338
884	-46.218	-24.395	4	7	1	4	1	2	4	8	62	374
885	-52.379	74.558	24	20	1	4	1	2	4	8	147	365
886	12.607	-73.424	18	19	1	4	1	2	4	8	191	542
887	72.581	57.381	16	16	1	4	1	2	4	8	110	468
888	-48.449	-72.927	9	15	1	4	1	2	4	8	197	464
889	88.701	-56.744	9	2	1	4	1	2	4	8	161	361
890	-5.195	-55.451	9	7	1	4	1	2	4	8	205	396
891	-96.939	-75.255	23	15	1	4	1	2	4	8	167	506
892	52.671	53.461	19	20	1	4	1	2	4	8	68	354
893	0.425	-14.406	25	1	1	4	1	2	4	8	134	456
894	-70.705	-31.335	16	15	1	4	1	2	4	8	122	360
895	-22.011	-33.693	22	5	1	4	1	2	4	8	194	447
896	96.386	-15.166	7	13	1	4	1	2	4	8	176	447
897	-26.239	-21.55	15	21	1	4	1	2	4	8	132	407
898	37.487	86.108	20	19	1	4	1	2	4	8	183	473
899	99.416	42.287	24	12	1	4	1	2	4	8	139	346
900	33.538	73.894	17	15	1	4	1	2	4	8	269	620
901	79.146	-29.064	12	7	1	4	1	2	4	8	157	496
902	83.579	-69.662	10	15	1	4	1	2	4	8	138	444
903	-79.989	-57.908	5	17	1	4	1	2	4	8	65	378
904	83.003	-88.15	24	2	1	4	1	2	4	8	161	501
905	93.883	38.336	20	1	1	4	1	2	4	8	255	561
906	-23.142	54.674	5	20	1	4	1	2	4	8	153	485
907	-88.238	8.884	5	22	1	4	1	2	4	8	147	351
908	-82.47	75.066	8	20	1	4	1	2	4	8	175	527
909	59.622	-85.024	23	15	1	4	1	2	4	8	84	310
910	10.188	94.121	13	8	1	4	1	2	4	8	72	371
911	-52.136	75.658	10	16	1	4	1	2	4	8	227	416
912	-66.352	33.819	4	2	1	4	1	2	4	8	233	476
913	6.972	51.595	8	18	1	4	1	2	4	8	206	550
914	46.45	80.815	6	1	1	4	1	2	4	8	114	346
915	-40.8	-23.098	7	4	1	4	1	2	4	8	152	409
916	-75.672	11.211	21	17	1	4	1	2	4	8	292	488
917	-26.916	-43.507	21	22	1	4	1	2	4	8	81	265
918	43.236	43.495	20	7	1	4	1	2	4	8	276	534
919	10.082	-48.279	1	18	1	4	1	2	4	8	129	363
920	-1.311	96.818	1	14	1	4	1	2	4	8	259	573
921	13.43	49.487	3	6	1	4	1	2	4	8	272	617
922	-53.729	-7.135	2	3	1	4	1	2	4	8	107	459
923	98.727	86.448	17	23	1	4	1	2	4	8	65	321
924	-2.758	49.789	2	17	1	4	1	2	4	8	78	334
925	-22.032	57.255	19	3	1	4	1	2	4	8	257	584
926	-99.718	-51.352	6	6	1	4	1	2	4	8	226	438
927	83.845	82.034	22	5	1	4	1	2	4	8	110	439
928	-67.453	1.944	9	6	1	4	1	2	4	8	180	428
929	26.388	72.136	22	24	1	4	1	2	4	8	88	335
930	-42.297	77.803	16	22	1	4	1	2	4	8	173	476
931	-35.056	98.121	6	12	1	4	1	2	4	8	240	560
932	-55.637	-87.847	11	19	1	4	1	2	4	8	61	270
933	57.003	72.626	2	11	1	4	1	2	4	8	69	416
934	9.101	-65.636	14	21	1	4	1	2	4	8	189	522
935	61.482	82.311	14	1	1	4	1	2	4	8	64	300
936	75.246	78.313	9	6	1	4	1	2	4	8	87	315
937	-19.534	29.02	1	23	1	4	1	2	4	8	70	335
938	12.197	-31.876	8	9	1	4	1	2	4	8	177	390
939	-46.271	82.769	13	10	1	4	1	2	4	8	139	422
940	-14.331	-18.346	2	2	1	4	1	2	4	8	299	607
941	-15.875	40.335	5	21	1	4	1	2	4	8	242	468
942	91.309	97.7	5	6	1	4	1	2	4	8	288	531
943	-48.457	-97.863	13	14	1	4	1	2	4	8	120	321
944	41.392	31.252	12	7	1	4	1	2	4	8	134	424
945	-70.016	57.231	16	24	1	4	1	2	4	8	92	419
946	-12.815	47.951	6	12	1	4	1	2	4	8	206	560
947	-67.082	-31.21	15	14	1	4	1	2	4	8	250	486
948	-11.901	68.82	12	17	1	4	1	2	4	8	185	386
949	-10.911	82.393	22	9	1	4	1	2	4	8	101	410
950	94.518	-44.613	5	8	1	4	1	2	4	8	161	381
951	-51.298	-62.522	12	5	1	4	1	2	4	8	115	450
952	51.862	80.575	25	20	1	4	1	2	4	8	212	451
953	-65.968	72.266	1	1	1	4	1	2	4	8	65	402
954	17.455	-97.663	19	24	1	4	1	2	4	8	123	335
955	22.4	88.798	3	5	1	4	1	2	4	8	264	532
956	-69.017	-96.661	18	11	1	4	1	2	4	8	146	424
957	71.036	-77.636	21	7	1	4	1	2	4	8	103	390
958	61.371	44.518	18	10	1	4	1	2	4	8	161	354
959	-79.179	-13.884	23	11	1	4	1	2	4	8	68	273
960	-13.942	98.288	17	7	1	4	1	2	4	8	143	437
961	44.306	-25.952	0	0	0	0	0	1000
962	-32.403	14.042	0	0	0	0	0	1000
963	37.663	13.769	0	0	0	0	0	1000
964	-15.104	12.111	0	0	0	0	0	1000
