6 26 960 4
400 175
400 175
400 175
400 175
1	70.769	-29.196	11	13	1	4	1	2	4	8	421	600
2	-79.231	74.084	11	2	1	4	1	2	4	8	162	312
3	97.576	-85.391	24	11	1	4	1	2	4	8	404	514
4	68.832	-19.019	17	22	1	4	1	2	4	8	477	649
5	-87.907	91.417	10	10	1	4	1	2	4	8	95	190
6	-27.185	1.319	5	24	1	4	1	2	4	8	266	368
7	49.321	40.594	9	13	1	4	1	2	4	8	468	571
8	93.058	62.799	23	10	1	4	1	2	4	8	246	351
9	66.827	-43.508	2	8	1	4	1	2	4	8	341	449
10	77.556	98.223	10	10	1	4	1	2	4	8	443	537
11	-60.744	86.188	4	12	1	4	1	2	4	8	238	389
12	79.995	-50.762	17	11	1	4	1	2	4	8	361	508
13	64.497	14.175	6	5	1	4	1	2	4	8	442	584
14	94.934	54.93	15	9	1	4	1	2	4	8	328	459
15	-52.087	66.721	20	10	1	4	1	2	4	8	470	629
16	15.07	8.961	5	20	1	4	1	2	4	8	411	553
17	35.846	-64.678	16	19	1	4	1	2	4	8	229	333
18	23.023	83.251	22	8	1	4	1	2	4	8	85	257
19	-11.115	10.705	15	9	1	4	1	2	4	8	133	307
20	64.93	39.527	9	16	1	4	1	2	4	8	247	352
21	-70.629	-90.927	8	7	1	4	1	2	4	8	114	243
22	-87.41	68.209	24	10	1	4	1	2	4	8	225	332
23	27.174	-34.118	21	10	1	4	1	2	4	8	402	566
24	-53.887	46.247	15	23	1	4	1	2	4	8	188	357
25	-95.191	-1.038	22	22	1	4	1	2	4	8	130	296
26	19.02	74.803	8	12	1	4	1	2	4	8	461	632
27	-26.046	-12.517	25	7	1	4	1	2	4	8	185	314
28	19.23	74.597	3	21	1	4	1	2	4	8	377	534
29	-95.339	60.508	25	18	1	4	1	2	4	8	72	201
30	48.564	-11.497	12	20	1	4	1	2	4	8	121	294
31	42.316	-4.864	12	25	1	4	1	2	4	8	303	432
32	43.546	61.968	19	3	1	4	1	2	4	8	176	296
33	29.527	-98.943	21	16	1	4	1	2	4	8	155	254
34	42.071	-69.016	5	12	1	4	1	2	4	8	181	332
35	-45.613	29.637	5	14	1	4	1	2	4	8	352	484
36	-9.572	-86.566	17	9	1	4	1	2	4	8	443	543
37	3.917	33.51	7	22	1	4	1	2	4	8	256	373
38	85.217	-79.948	22	19	1	4	1	2	4	8	163	271
39	57.628	80.163	15	19	1	4	1	2	4	8	151	300
40	96.538	57.972	4	5	1	4	1	2	4	8	303	394
41	91.649	-41.534	5	5	1	4	1	2	4	8	97	194
42	9.78	93.652	20	18	1	4	1	2	4	8	81	179
43	63.531	94.46	14	25	1	4	1	2	4	8	144	293
44	77.053	47.884	23	10	1	4	1	2	4	8	196	328
45	-36.597	-47.695	17	11	1	4	1	2	4	8	447	570
46	-72.402	23.878	24	25	1	4	1	2	4	8	206	381
47	-78.868	-50.176	2	8	1	4	1	2	4	8	143	261
48	4.082	-89.608	11	18	1	4	1	2	4	8	222	358
49	0.059	92.423	21	10	1	4	1	2	4	8	293	395
50	-76.866	47.64	24	10	1	4	1	2	4	8	303	441
51	83.604	-95.448	1	6	1	4	1	2	4	8	317	466
52	93.73	52.683	18	3	1	4	1	2	4	8	405	504
53	59.516	22.106	17	20	1	4	1	2	4	8	289	423
54	-77.177	-94.324	11	9	1	4	1	2	4	8	210	327
55	34.638	-85.192	16	6	1	4	1	2	4	8	417	590
56	-55.442	-62.205	13	4	1	4	1	2	4	8	157	328
57	-98.137	-73.146	23	6	1	4	1	2	4	8	91	202
58	-73.753	-18.809	9	22	1	4	1	2	4	8	175	307
59	-13.928	37.488	11	7	1	4	1	2	4	8	444	546
60	82.692	-16.542	11	16	1	4	1	2	4	8	212	384
61	19.734	73.01	7	15	1	4	1	2	4	8	367	515
62	-97.99	57.599	25	22	1	4	1	2	4	8	202	363
63	57.439	-82.957	8	2	1	4	1	2	4	8	356	479
64	-82.281	47.029	2	4	1	4	1	2	4	8	79	235
65	44.269	-40.427	13	2	1	4	1	2	4	8	103	247
66	95.576	-2.344	17	6	1	4	1	2	4	8	451	551
67	-8.428	-84.828	21	14	1	4	1	2	4	8	164	288
68	66.208	-86.82	11	16	1	4	1	2	4	8	63	156
69	66.656	-78.973	3	2	1	4	1	2	4	8	178	313
70	40.64	90.624	20	7	1	4	1	2	4	8	127	275
71	3.163	-41.893	12	15	1	4	1	2	4	8	407	502
72	62.926	93.578	22	9	1	4	1	2	4	8	186	339
73	-88.784	48.968	22	13	1	4	1	2	4	8	333	479
74	-35.348	69.916	18	5	1	4	1	2	4	8	270	375
75	48.137	21.153	17	3	1	4	1	2	4	8	477	615
76	-87.774	53.083	10	1	1	4	1	2	4	8	408	570
77	-33.654	28.555	10	12	1	4	1	2	4	8	468	615
78	-81.397	-82.066	5	21	1	4	1	2	4	8	262	383
79	92.41	-10.076	22	3	1	4	1	2	4	8	84	209
80	70.726	-85.392	18	17	1	4	1	2	4	8	249	355
81	35.108	40.007	20	1	1	4	1	2	4	8	84	236
82	-54.311	90.973	14	11	1	4	1	2	4	8	368	483
83	35.154	33.779	7	7	1	4	1	2	4	8	110	253
84	-33.562	-83.864	21	13	1	4	1	2	4	8	85	209
85	42.256	-55.045	7	7	1	4	1	2	4	8	266	371
86	-94.215	-36.933	4	20	1	4	1	2	4	8	462	558
87	89.73	42.601	1	5	1	4	1	2	4	8	96	207
88	-57.644	65.021	10	8	1	4	1	2	4	8	180	292
89	-78.914	80.272	24	23	1	4	1	2	4	8	330	456
90	23.701	24.168	11	21	1	4	1	2	4	8	338	462
91	79.622	96.988	17	8	1	4	1	2	4	8	469	611
92	-63.145	-5.725	11	18	1	4	1	2	4	8	105	220
93	93.216	8.942	8	1	1	4	1	2	4	8	425	541
94	-13.405	93.229	8	17	1	4	1	2	4	8	177	294
95	-50.427	-72.999	8	11	1	4	1	2	4	8	402	534
96	-84.72	-67.492	7	23	1	4	1	2	4	8	473	635
97	44.419	41.31	16	2	1	4	1	2	4	8	357	531
98	-62.745	65.696	3	24	1	4	1	2	4	8	235	370
99	56.967	40.619	3	9	1	4	1	2	4	8	310	440
100	60.497	-71.289	19	22	1	4	1	2	4	8	160	271
101	59.729	-28.772	6	18	1	4	1	2	4	8	443	602
102	27.977	10.761	18	17	1	4	1	2	4	8	451	580
103	-11.22	55.675	3	10	1	4	1	2	4	8	210	344
104	15.038	-71.58	7	7	1	4	1	2	4	8	154	269
105	2.362	-68.305	23	20	1	4	1	2	4	8	394	520
106	58.311	48.743	24	11	1	4	1	2	4	8	64	187
107	-68.317	85.241	21	7	1	4	1	2	4	8	356	533
108	61.408	-70.084	6	13	1	4	1	2	4	8	395	508
109	26.996	69.617	12	6	1	4	1	2	4	8	454	604
110	62.101	-59.575	8	24	1	4	1	2	4	8	267	446
111	65.2	-79.032	10	3	1	4	1	2	4	8	193	334
112	28.54	-57.815	9	2	1	4	1	2	4	8	207	342
113	-70.423	-80.983	1	13	1	4	1	2	4	8	396	538
114	88.97	-62.216	13	22	1	4	1	2	4	8	412	507
115	90.236	65.352	13	23	1	4	1	2	4	8	311	426
116	50.477	43.724	6	4	1	4	1	2	4	8	351	519
117	63.462	15.785	3	13	1	4	1	2	4	8	383	498
118	-96.279	-76.955	15	8	1	4	1	2	4	8	285	459
119	-6.412	-8.384	9	11	1	4	1	2	4	8	396	553
120	-88.11	36.757	11	21	1	4	1	2	4	8	212	375
121	57.635	74.254	20	9	1	4	1	2	4	8	229	389
122	75.649	-22.328	7	18	1	4	1	2	4	8	272	394
123	22.128	-58.142	5	7	1	4	1	2	4	8	184	276
124	-80.607	-68.704	9	20	1	4	1	2	4	8	62	218
125	77.577	55.188	1	21	1	4	1	2	4	8	418	574
126	44.177	29.352	21	17	1	4	1	2	4	8	298	419
127	31.48	34.232	20	15	1	4	1	2	4	8	390	570
128	-53.086	30.88	15	7	1	4	1	2	4	8	89	184
129	-29.757	-67.398	3	8	1	4	1	2	4	8	77	257
130	55.592	-74.02	12	24	1	4	1	2	4	8	67	193
131	-25.893	35.631	17	13	1	4	1	2	4	8	215	385
132	20.784	20.082	5	8	1	4	1	2	4	8	378	514
133	46.345	-91.145	2	25	1	4	1	2	4	8	350	521
134	-66.123	-46.35	15	18	1	4	1	2	4	8	307	409
135	75.201	-35.894	22	11	1	4	1	2	4	8	394	560
136	36.561	60.148	12	12	1	4	1	2	4	8	196	326
137	61.374	97.776	3	2	1	4	1	2	4	8	70	202
138	81.275	81.851	15	24	1	4	1	2	4	8	467	642
139	-49.189	-60.161	3	11	1	4	1	2	4	8	97	220
140	44.034	-53.23	13	24	1	4	1	2	4	8	350	481
141	37.828	-68.314	16	25	1	4	1	2	4	8	349	522
142	-53.671	-23.869	2	11	1	4	1	2	4	8	64	183
143	-57.209	44.528	1	20	1	4	1	2	4	8	124	238
144	39.521	-95.385	5	3	1	4	1	2	4	8	124	233
145	-91.131	-65.33	20	1	1	4	1	2	4	8	206	311
146	8.347	65.426	7	12	1	4	1	2	4	8	373	490
147	75.979	89.084	17	24	1	4	1	2	4	8	108	286
148	99.637	-49.794	25	20	1	4	1	2	4	8	235	354
149	-23.496	95.279	25	7	1	4	1	2	4	8	346	450
150	-79.277	-22.748	14	11	1	4	1	2	4	8	304	419
151	15.242	95.652	13	12	1	4	1	2	4	8	408	573
152	-84.997	-0.574	25	11	1	4	1	2	4	8	142	301
153	91.039	69.953	23	13	1	4	1	2	4	8	447	570
154	-60.235	81.351	16	22	1	4	1	2	4	8	240	415
155	17.006	56.009	23	4	1	4	1	2	4	8	283	406
156	-66.73	-41.659	2	22	1	4	1	2	4	8	136	229
157	-4.533	9.104	12	13	1	4	1	2	4	8	307	479
158	-6.237	85.991	3	19	1	4	1	2	4	8	464	642
159	-75.497	97.859	15	16	1	4	1	2	4	8	461	579
160	7.882	40.441	5	13	1	4	1	2	4	8	456	547
161	-52.731	99.84	12	8	1	4	1	2	4	8	138	263
162	89.001	21.294	4	13	1	4	1	2	4	8	408	514
163	-29.736	-36.741	18	25	1	4	1	2	4	8	130	231
164	19.658	-61.825	16	3	1	4	1	2	4	8	243	373
165	83.76	-44.755	9	18	1	4	1	2	4	8	316	450
166	-81.878	-88.726	3	11	1	4	1	2	4	8	171	350
167	15.145	38.068	24	24	1	4	1	2	4	8	176	307
168	71.735	46.04	14	17	1	4	1	2	4	8	187	302
169	58.221	92.206	13	15	1	4	1	2	4	8	301	432
170	-34.867	-90.024	2	8	1	4	1	2	4	8	214	393
171	4.769	90.88	17	8	1	4	1	2	4	8	182	311
172	-79.62	43.504	1	4	1	4	1	2	4	8	154	257
173	79.308	-61.354	18	11	1	4	1	2	4	8	174	319
174	-97.764	4.529	13	20	1	4	1	2	4	8	448	558
175	-71.019	18.95	25	6	1	4	1	2	4	8	258	431
176	-63.107	50.759	19	12	1	4	1	2	4	8	113	251
177	70.727	97.116	16	18	1	4	1	2	4	8	330	477
178	98.13	-21.122	16	2	1	4	1	2	4	8	364	491
179	90.441	89.427	11	4	1	4	1	2	4	8	316	487
180	-89.295	-86.07	24	22	1	4	1	2	4	8	270	447
181	54.095	31.333	9	10	1	4	1	2	4	8	92	268
182	-47.018	-99.842	14	20	1	4	1	2	4	8	239	371
183	77.426	-32.749	6	22	1	4	1	2	4	8	360	473
184	-50.837	44.492	5	6	1	4	1	2	4	8	332	501
185	-24.373	-41.795	18	24	1	4	1	2	4	8	283	438
186	-79.746	52.476	9	14	1	4	1	2	4	8	119	256
187	21.31	-51.234	17	22	1	4	1	2	4	8	436	562
188	57.616	68.896	6	2	1	4	1	2	4	8	448	546
189	-34.608	-70.334	1	3	1	4	1	2	4	8	83	192
190	-42.363	92.175	1	12	1	4	1	2	4	8	78	185
191	43.436	-18.255	17	7	1	4	1	2	4	8	186	292
192	-68.816	28.156	14	24	1	4	1	2	4	8	197	293
193	79.252	99.155	21	4	1	4	1	2	4	8	193	295
194	73.23	2.06	24	12	1	4	1	2	4	8	235	404
195	-8.354	41.97	14	8	1	4	1	2	4	8	223	353
196	56.291	-85.561	15	14	1	4	1	2	4	8	99	251
197	65.575	15.525	25	20	1	4	1	2	4	8	269	447
198	89.525	0.676	7	2	1	4	1	2	4	8	288	437
199	-86.819	-15.437	5	13	1	4	1	2	4	8	174	278
200	-75.8	30.985	2	19	1	4	1	2	4	8	83	251
201	28.025	64.54	21	4	1	4	1	2	4	8	313	446
202	-88.73	20.473	21	23	1	4	1	2	4	8	227	317
203	68.548	47.348	22	9	1	4	1	2	4	8	107	250
204	-67.247	-58.783	11	12	1	4	1	2	4	8	327	492
205	84.605	-23.11	11	23	1	4	1	2	4	8	101	241
206	-14.231	82.473	3	10	1	4	1	2	4	8	395	506
207	-40.406	-74.69	23	25	1	4	1	2	4	8	390	556
208	-24.282	78.877	4	17	1	4	1	2	4	8	271	390
209	-28.25	-84.13	3	25	1	4	1	2	4	8	385	536
210	64.565	-26.288	20	25	1	4	1	2	4	8	313	467
211	85.108	-52.882	9	22	1	4	1	2	4	8	455	620
212	-79.472	45.79	21	7	1	4	1	2	4	8	174	301
213	-5.336	88.046	7	2	1	4	1	2	4	8	69	219
214	-78.764	49.502	21	15	1	4	1	2	4	8	451	571
215	-63.111	73.002	24	24	1	4	1	2	4	8	268	443
216	-3.891	-99.948	3	15	1	4	1	2	4	8	440	532
217	7.549	-5.308	14	14	1	4	1	2	4	8	405	499
218	19.123	-27.018	14	1	1	4	1	2	4	8	456	610
219	44.737	-16.687	19	8	1	4	1	2	4	8	430	540
220	72.585	-74.851	15	6	1	4	1	2	4	8	416	579
221	-16.839	37.726	10	12	1	4	1	2	4	8	414	565
222	94.261	92.015	11	7	1	4	1	2	4	8	267	399
223	56.192	-84.283	19	16	1	4	1	2	4	8	417	515
224	68.635	26.727	6	9	1	4	1	2	4	8	179	280
225	-99.17	28.876	18	8	1	4	1	2	4	8	173	287
226	-45.074	50.54	23	23	1	4	1	2	4	8	76	213
227	3.857	92.612	7	6	1	4	1	2	4	8	76	176
228	20.222	-69.211	9	22	1	4	1	2	4	8	184	294
229	-40.476	-77.39	15	7	1	4	1	2	4	8	242	389
230	-57.198	-72.777	18	5	1	4	1	2	4	8	125	277
231	56.312	65.402	18	11	1	4	1	2	4	8	282	425
232	69.7	80.937	8	25	1	4	1	2	4	8	388	489
233	90.906	-9.33	24	3	1	4	1	2	4	8	465	568
234	-97.436	65.063	18	20	1	4	1	2	4	8	104	246
235	42.06	31.785	24	13	1	4	1	2	4	8	400	573
236	-73.499	21.246	3	2	1	4	1	2	4	8	271	400
237	-85.046	-27.866	9	1	1	4	1	2	4	8	430	521
238	49.337	-89.743	4	24	1	4	1	2	4	8	350	519
239	35.597	-19.54	22	6	1	4	1	2	4	8	173	342
240	-61.688	37.016	24	8	1	4	1	2	4	8	266	380
241	42.689	-45.019	22	16	1	4	1	2	4	8	77	207
242	92.79	-94.538	11	19	1	4	1	2	4	8	453	588
243	24.999	-60.03	11	9	1	4	1	2	4	8	477	636
244	-59.224	-77.116	20	25	1	4	1	2	4	8	79	218
245	90.548	30.961	21	10	1	4	1	2	4	8	348	500
246	-12.275	88.35	6	13	1	4	1	2	4	8	355	485
247	55.234	16.229	13	18	1	4	1	2	4	8	434	562
248	27.81	98.151	19	2	1	4	1	2	4	8	209	368
249	-3.149	-65.864	2	12	1	4	1	2	4	8	302	425
250	98.907	-38.92	9	8	1	4	1	2	4	8	213	381
251	32.179	79.962	10	15	1	4	1	2	4	8	69	213
252	28.28	68.653	19	6	1	4	1	2	4	8	171	277
253	18.019	-32.892	23	16	1	4	1	2	4	8	405	525
254	-6.911	-77.002	17	3	1	4	1	2	4	8	464	575
255	-11.851	64.795	17	14	1	4	1	2	4	8	312	470
256	51.136	-85.981	4	15	1	4	1	2	4	8	70	170
257	36.686	-22.851	15	12	1	4	1	2	4	8	468	566
258	-67.853	-98.845	12	6	1	4	1	2	4	8	183	361
259	-80.102	-3.15	25	11	1	4	1	2	4	8	360	488
260	87.073	-2.082	6	18	1	4	1	2	4	8	365	460
261	-57.074	2.351	13	13	1	4	1	2	4	8	66	195
262	75.097	74.816	18	24	1	4	1	2	4	8	166	314
263	73.501	3.689	21	23	1	4	1	2	4	8	360	498
264	68.862	74.515	24	16	1	4	1	2	4	8	388	543
265	-27.734	-38.551	15	2	1	4	1	2	4	8	159	290
266	81.097	89.536	23	6	1	4	1	2	4	8	329	499
267	78.878	-45.516	21	8	1	4	1	2	4	8	327	434
268	23.462	-92.327	20	21	1	4	1	2	4	8	234	381
269	-83.392	16.664	18	14	1	4	1	2	4	8	427	601
270	-67.957	94.658	22	5	1	4	1	2	4	8	382	525
271	7.112	-49.165	23	15	1	4	1	2	4	8	182	278
272	-83.452	73.871	8	19	1	4	1	2	4	8	66	228
273	94.96	-64.55	14	9	1	4	1	2	4	8	452	544
274	84.39	28.653	21	4	1	4	1	2	4	8	435	595
275	71.381	-95.378	18	13	1	4	1	2	4	8	417	594
276	-32.943	-64.505	19	20	1	4	1	2	4	8	475	633
277	-42.012	37.956	15	24	1	4	1	2	4	8	298	455
278	-27.482	-72.12	12	23	1	4	1	2	4	8	284	442
279	13.155	-61.826	12	8	1	4	1	2	4	8	347	493
280	88.124	54.19	17	8	1	4	1	2	4	8	73	214
281	-68.968	-71.299	2	17	1	4	1	2	4	8	177	290
282	-97.041	9.426	19	4	1	4	1	2	4	8	246	417
283	-81.893	-61.942	20	20	1	4	1	2	4	8	471	594
284	86.794	-37.83	17	2	1	4	1	2	4	8	107	220
285	18.363	29.664	7	4	1	4	1	2	4	8	143	235
286	-50.519	95.311	18	5	1	4	1	2	4	8	391	502
287	51.922	13.562	15	13	1	4	1	2	4	8	405	502
288	-63.163	-54.967	25	17	1	4	1	2	4	8	177	306
289	-97.65	23.888	1	10	1	4	1	2	4	8	425	560
290	-6.737	28.808	25	4	1	4	1	2	4	8	103	234
291	10.109	-92.166	20	20	1	4	1	2	4	8	109	279
292	-45.46	-3.36	12	2	1	4	1	2	4	8	319	490
293	81.001	47.966	20	6	1	4	1	2	4	8	133	238
294	-44.665	-58.114	18	16	1	4	1	2	4	8	309	420
295	55.571	-22.96	16	10	1	4	1	2	4	8	412	552
296	84.259	-75.528	10	22	1	4	1	2	4	8	209	368
297	84.793	68.606	4	15	1	4	1	2	4	8	85	194
298	34.711	-40.102	13	22	1	4	1	2	4	8	128	252
299	-89.04	-7.186	17	1	1	4	1	2	4	8	300	449
300	-61.039	40.829	20	20	1	4	1	2	4	8	271	420
301	-24.26	-11.067	15	19	1	4	1	2	4	8	250	427
302	64.501	-53.568	14	13	1	4	1	2	4	8	97	204
303	-0.296	83.299	16	17	1	4	1	2	4	8	151	296
304	-57.614	-52.736	19	20	1	4	1	2	4	8	349	446
305	49.224	34.873	17	8	1	4	1	2	4	8	331	430
306	-9.184	-93.817	19	22	1	4	1	2	4	8	173	320
307	32.108	-19.172	20	4	1	4	1	2	4	8	230	333
308	-88.309	-56.421	19	22	1	4	1	2	4	8	68	158
309	-80.604	-91.908	6	24	1	4	1	2	4	8	396	498
310	95.905	66.735	3	11	1	4	1	2	4	8	302	476
311	80.853	70.21	8	15	1	4	1	2	4	8	176	350
312	-15.086	86.436	12	5	1	4	1	2	4	8	473	578
313	-36.493	58.852	5	14	1	4	1	2	4	8	72	199
314	42.46	-68.931	19	24	1	4	1	2	4	8	240	357
315	-50.904	87.312	6	17	1	4	1	2	4	8	183	319
316	-71.612	-23.398	11	21	1	4	1	2	4	8	237	344
317	92.321	35.984	2	22	1	4	1	2	4	8	131	253
318	48.304	35.815	25	7	1	4	1	2	4	8	453	547
319	11.621	-71.534	20	24	1	4	1	2	4	8	304	450
320	-14.256	64.879	11	18	1	4	1	2	4	8	79	183
321	-23.533	40.119	12	24	1	4	1	2	4	8	127	248
322	-0.337	53.996	3	7	1	4	1	2	4	8	205	310
323	-53.791	73.958	10	8	1	4	1	2	4	8	379	504
324	-36.616	-99.178	11	5	1	4	1	2	4	8	234	409
325	33.47	-93.486	7	21	1	4	1	2	4	8	253	360
326	-98.427	-35.969	3	6	1	4	1	2	4	8	457	582
327	94.118	-46.456	8	3	1	4	1	2	4	8	177	316
328	15.39	26.725	10	19	1	4	1	2	4	8	436	601
329	12.05	27.397	11	3	1	4	1	2	4	8	161	282
330	-77.921	-31.492	5	1	1	4	1	2	4	8	81	223
331	62.305	72.457	23	19	1	4	1	2	4	8	349	512
332	87.468	8.826	14	1	1	4	1	2	4	8	297	413
333	-94.983	70.145	19	24	1	4	1	2	4	8	287	428
334	43.498	41.279	24	1	1	4	1	2	4	8	462	552
335	-70.285	31.852	13	6	1	4	1	2	4	8	261	358
336	80.375	27.776	11	13	1	4	1	2	4	8	71	165
337	8.985	93.313	3	25	1	4	1	2	4	8	430	601
338	92.54	-52.894	22	19	1	4	1	2	4	8	310	412
339	72.002	16.913	12	21	1	4	1	2	4	8	229	394
340	97.377	-23.339	6	20	1	4	1	2	4	8	316	456
341	36.717	47.516	4	4	1	4	1	2	4	8	378	501
342	7.149	-71.451	14	15	1	4	1	2	4	8	271	370
343	-43.206	42.939	25	13	1	4	1	2	4	8	347	491
344	-83.605	90.892	1	3	1	4	1	2	4	8	72	232
345	1.67	94.475	2	4	1	4	1	2	4	8	93	229
346	40.715	-1.898	17	21	1	4	1	2	4	8	443	539
347	-18.009	96.118	22	22	1	4	1	2	4	8	79	248
348	68.544	32.884	2	18	1	4	1	2	4	8	360	454
349	65.797	95.628	10	15	1	4	1	2	4	8	144	309
350	22.312	73.149	15	19	1	4	1	2	4	8	75	251
351	52.49	17.437	1	12	1	4	1	2	4	8	387	522
352	73.874	77.598	7	2	1	4	1	2	4	8	336	483
353	-92.253	-90.888	24	5	1	4	1	2	4	8	140	311
354	41.127	-58.161	14	21	1	4	1	2	4	8	152	268
355	96.775	-23.832	21	7	1	4	1	2	4	8	339	441
356	-74.067	-94.372	3	10	1	4	1	2	4	8	299	401
357	-0.832	-87.738	25	4	1	4	1	2	4	8	473	642
358	38.495	1.565	1	1	1	4	1	2	4	8	74	210
359	61.817	-2.644	21	14	1	4	1	2	4	8	156	313
360	-73.967	-4.3	6	17	1	4	1	2	4	8	156	325
361	-60.871	81.892	11	2	1	4	1	2	4	8	80	255
362	60.472	-30.597	7	23	1	4	1	2	4	8	470	643
363	85.386	-28.128	9	20	1	4	1	2	4	8	72	229
364	62.164	34.636	4	14	1	4	1	2	4	8	235	362
365	83.207	-9.123	2	9	1	4	1	2	4	8	195	294
366	82.309	29.769	8	16	1	4	1	2	4	8	457	573
367	42.677	90.018	24	16	1	4	1	2	4	8	416	534
368	63.058	-83.133	8	22	1	4	1	2	4	8	73	252
369	57.468	44.776	6	1	1	4	1	2	4	8	373	552
370	-7.174	15.914	21	14	1	4	1	2	4	8	88	188
371	64.042	93.588	23	12	1	4	1	2	4	8	349	517
372	80.888	-79.97	1	24	1	4	1	2	4	8	109	251
373	-48.211	61.308	2	7	1	4	1	2	4	8	408	536
374	46	49.296	16	6	1	4	1	2	4	8	327	506
375	-20.976	-33.139	5	13	1	4	1	2	4	8	75	208
376	-6.022	78.92	17	11	1	4	1	2	4	8	368	524
377	68.822	91.597	4	3	1	4	1	2	4	8	318	461
378	42.975	-20.081	20	10	1	4	1	2	4	8	243	353
379	71.159	-32.69	5	14	1	4	1	2	4	8	377	476
380	16.073	-74.893	7	8	1	4	1	2	4	8	403	544
381	16.044	68.169	20	10	1	4	1	2	4	8	182	295
382	-84.073	28.892	16	9	1	4	1	2	4	8	89	217
383	-90.873	73.607	16	10	1	4	1	2	4	8	385	498
384	-77.124	63.195	15	22	1	4	1	2	4	8	368	524
385	20.298	46.353	23	6	1	4	1	2	4	8	128	218
386	28.419	43.747	13	17	1	4	1	2	4	8	166	275
387	-33.562	-30.091	23	5	1	4	1	2	4	8	366	544
388	-16.029	-76.392	10	6	1	4	1	2	4	8	420	522
389	-64.067	26.829	4	18	1	4	1	2	4	8	441	590
390	-22.846	-69.793	12	11	1	4	1	2	4	8	98	275
391	12.682	-95.128	3	13	1	4	1	2	4	8	273	416
392	87.071	33.365	4	21	1	4	1	2	4	8	294	419
393	-77.532	-96.939	19	1	1	4	1	2	4	8	161	319
394	-39.146	45.573	7	10	1	4	1	2	4	8	320	498
395	-35.479	10.24	14	2	1	4	1	2	4	8	476	641
396	-65.554	-65.485	22	3	1	4	1	2	4	8	358	500
397	-83.83	86.488	20	20	1	4	1	2	4	8	134	235
398	-68.427	46.705	18	6	1	4	1	2	4	8	129	251
399	58.965	42.187	6	3	1	4	1	2	4	8	227	352
400	-60.307	-4.92	18	25	1	4	1	2	4	8	478	640
401	-28.404	90.417	4	4	1	4	1	2	4	8	192	355
402	-36.312	81.37	15	3	1	4	1	2	4	8	471	611
403	5.959	-95.856	5	4	1	4	1	2	4	8	424	523
404	47.945	-24.239	17	12	1	4	1	2	4	8	191	358
405	59.546	69.268	18	3	1	4	1	2	4	8	177	315
406	-60.668	81.323	6	23	1	4	1	2	4	8	313	415
407	96.854	-91.124	3	9	1	4	1	2	4	8	161	288
408	-40.165	-59.739	18	13	1	4	1	2	4	8	471	593
409	92.492	48.342	3	12	1	4	1	2	4	8	325	479
410	-99.176	-50.842	25	5	1	4	1	2	4	8	367	496
411	-57.212	86.088	6	3	1	4	1	2	4	8	209	352
412	-2.321	53.219	1	6	1	4	1	2	4	8	317	416
413	-18.476	26.456	19	25	1	4	1	2	4	8	196	329
414	86.736	-91.984	12	2	1	4	1	2	4	8	314	435
415	-62.626	-85.132	4	18	1	4	1	2	4	8	412	535
416	-22.398	5.252	1	2	1	4	1	2	4	8	193	319
417	-98.833	-67.259	12	18	1	4	1	2	4	8	365	532
418	-4.144	-94.902	25	10	1	4	1	2	4	8	385	508
419	1.006	-44.857	1	16	1	4	1	2	4	8	460	581
420	71.322	-85.45	10	1	1	4	1	2	4	8	431	588
421	-26.819	56.631	19	23	1	4	1	2	4	8	412	568
422	80.4	-74.653	19	13	1	4	1	2	4	8	97	218
423	-53.784	-19.964	24	10	1	4	1	2	4	8	453	631
424	30.723	-62.044	7	8	1	4	1	2	4	8	322	442
425	-56.908	-51.124	12	16	1	4	1	2	4	8	87	232
426	64.213	-10.371	8	16	1	4	1	2	4	8	74	225
427	-0.891	-33.581	9	1	1	4	1	2	4	8	262	357
428	67.054	76.331	14	15	1	4	1	2	4	8	356	497
429	44.651	-94.292	17	20	1	4	1	2	4	8	211	391
430	-15.677	-12.886	12	4	1	4	1	2	4	8	318	473
431	85.256	45.798	13	18	1	4	1	2	4	8	347	446
432	16.507	-18.696	7	9	1	4	1	2	4	8	445	577
433	-91.634	-14.836	13	6	1	4	1	2	4	8	129	276
434	-67.361	-2.449	23	21	1	4	1	2	4	8	265	403
435	93.633	-90.12	11	19	1	4	1	2	4	8	413	592
436	69.659	-41.857	22	15	1	4	1	2	4	8	80	226
437	-19.218	75.851	15	1	1	4	1	2	4	8	395	550
438	-27.041	17.219	24	21	1	4	1	2	4	8	232	359
439	-35.358	45.51	2	10	1	4	1	2	4	8	115	213
440	-90.176	-14.341	10	25	1	4	1	2	4	8	352	526
441	-74.069	86.853	5	10	1	4	1	2	4	8	298	451
442	96.223	-15.119	24	9	1	4	1	2	4	8	177	332
443	-45.816	-55.769	12	7	1	4	1	2	4	8	73	223
444	-35.536	-29.582	16	11	1	4	1	2	4	8	294	393
445	-14.635	80.153	2	8	1	4	1	2	4	8	141	313
446	-77.263	78.472	19	13	1	4	1	2	4	8	286	458
447	-28.877	3.705	1	10	1	4	1	2	4	8	360	515
448	55.512	84.718	15	1	1	4	1	2	4	8	226	321
449	65.973	-36.891	20	15	1	4	1	2	4	8	190	360
450	52.071	-25.238	10	20	1	4	1	2	4	8	130	275
451	-85.187	-75.767	17	21	1	4	1	2	4	8	252	407
452	-90.918	-90.735	6	13	1	4	1	2	4	8	409	577
453	93.824	-16.043	5	10	1	4	1	2	4	8	146	252
454	33.038	61.774	11	15	1	4	1	2	4	8	326	460
455	-75.614	84.94	25	21	1	4	1	2	4	8	446	551
456	-45.421	-78.252	25	14	1	4	1	2	4	8	200	351
457	49.961	-38.581	23	22	1	4	1	2	4	8	145	279
458	57.311	-44.891	1	2	1	4	1	2	4	8	456	561
459	97.436	10.077	2	23	1	4	1	2	4	8	288	405
460	41.046	41.948	3	11	1	4	1	2	4	8	438	538
461	-77.767	-54.771	17	11	1	4	1	2	4	8	371	542
462	-2.462	58.478	2	13	1	4	1	2	4	8	249	362
463	26.917	-63.358	5	25	1	4	1	2	4	8	246	383
464	-83.593	-42.26	16	11	1	4	1	2	4	8	188	349
465	69.486	66.834	8	3	1	4	1	2	4	8	143	297
466	-57.189	-95.577	10	20	1	4	1	2	4	8	328	503
467	-88.043	48.024	14	1	1	4	1	2	4	8	375	513
468	-18.915	-81.715	12	4	1	4	1	2	4	8	388	544
469	45.583	-87.733	16	4	1	4	1	2	4	8	258	359
470	85.66	-27.88	25	2	1	4	1	2	4	8	210	375
471	-41.68	-79.082	11	4	1	4	1	2	4	8	120	279
472	21.198	-18.956	13	6	1	4	1	2	4	8	385	504
473	1.735	53.347	13	7	1	4	1	2	4	8	260	354
474	23.321	78.706	19	20	1	4	1	2	4	8	340	501
475	77.76	-93.858	25	25	1	4	1	2	4	8	407	541
476	21.941	-81.506	5	1	1	4	1	2	4	8	265	412
477	34.05	77.64	20	21	1	4	1	2	4	8	321	412
478	-93.241	73.426	19	6	1	4	1	2	4	8	262	355
479	-84.527	-85.113	19	3	1	4	1	2	4	8	355	519
480	-50.976	-81.99	10	21	1	4	1	2	4	8	72	205
481	88.528	6.919	25	16	1	4	1	2	4	8	287	382
482	-57.178	43.544	15	1	1	4	1	2	4	8	95	224
483	-74.923	58.584	14	13	1	4	1	2	4	8	66	186
484	-89.793	-92.593	8	14	1	4	1	2	4	8	314	434
485	-41.034	-36.772	10	6	1	4	1	2	4	8	267	367
486	-65.355	-11.517	19	19	1	4	1	2	4	8	94	218
487	82.661	46.228	21	22	1	4	1	2	4	8	218	329
488	23.438	-37.396	16	18	1	4	1	2	4	8	220	366
489	53.306	-64.271	3	7	1	4	1	2	4	8	127	261
490	89.277	22.37	25	1	1	4	1	2	4	8	232	397
491	15.57	96.585	11	15	1	4	1	2	4	8	385	489
492	1.772	48.199	21	25	1	4	1	2	4	8	146	299
493	71.348	98.848	6	2	1	4	1	2	4	8	246	378
494	13.373	22.73	12	22	1	4	1	2	4	8	98	207
495	-6.141	-51.58	14	1	1	4	1	2	4	8	67	171
496	-34.736	20.601	10	8	1	4	1	2	4	8	377	556
497	95.286	-56.926	5	25	1	4	1	2	4	8	115	229
498	-87.406	-38.125	14	8	1	4	1	2	4	8	468	567
499	-59.317	-85.907	20	10	1	4	1	2	4	8	99	250
500	-14.565	76.532	9	8	1	4	1	2	4	8	161	272
501	89.762	-27.029	23	20	1	4	1	2	4	8	445	622
502	-18.774	-22.189	23	12	1	4	1	2	4	8	164	269
503	-13.634	28.243	2	6	1	4	1	2	4	8	282	441
504	78.034	55.721	24	9	1	4	1	2	4	8	337	444
505	-36.83	-45.097	13	24	1	4	1	2	4	8	154	308
506	80.829	75.217	20	6	1	4	1	2	4	8	73	234
507	30.575	-55.624	10	24	1	4	1	2	4	8	397	527
508	-67.724	-83.497	9	14	1	4	1	2	4	8	138	234
509	75.639	-17.98	11	21	1	4	1	2	4	8	442	584
510	46.813	69.921	23	15	1	4	1	2	4	8	422	584
511	38.953	17.277	7	23	1	4	1	2	4	8	251	420
512	41.26	96.641	18	22	1	4	1	2	4	8	141	321
513	-66.746	-6.867	10	12	1	4	1	2	4	8	328	478
514	-20.3	95.695	12	11	1	4	1	2	4	8	284	453
515	-37.521	-37.852	24	21	1	4	1	2	4	8	73	209
516	94.501	5.934	4	10	1	4	1	2	4	8	81	197
517	50.498	83.401	4	2	1	4	1	2	4	8	415	509
518	-50.109	37.137	18	23	1	4	1	2	4	8	361	460
519	17.325	-58.111	11	22	1	4	1	2	4	8	302	400
520	52.618	65.765	17	22	1	4	1	2	4	8	285	396
521	-84.233	29.986	22	25	1	4	1	2	4	8	115	294
522	86.995	62.218	7	21	1	4	1	2	4	8	193	373
523	-62.845	27.576	20	12	1	4	1	2	4	8	98	256
524	14.001	-30.132	13	22	1	4	1	2	4	8	452	572
525	-88.668	26.272	24	10	1	4	1	2	4	8	372	530
526	-53.739	-82.768	21	2	1	4	1	2	4	8	217	394
527	37.068	-72.823	25	4	1	4	1	2	4	8	463	612
528	29.918	93.692	13	14	1	4	1	2	4	8	103	268
529	-38.49	-59.083	17	19	1	4	1	2	4	8	375	467
530	88.32	-28.194	19	19	1	4	1	2	4	8	383	530
531	92.611	-63.98	12	12	1	4	1	2	4	8	90	184
532	-93.98	76.63	5	10	1	4	1	2	4	8	103	193
533	-62.602	-13.492	8	21	1	4	1	2	4	8	404	502
534	14.681	56.532	5	10	1	4	1	2	4	8	237	370
535	-87.354	-96.753	11	3	1	4	1	2	4	8	248	405
536	61.723	81.262	18	10	1	4	1	2	4	8	478	581
537	61.604	-51.428	19	14	1	4	1	2	4	8	83	254
538	-27.371	67.85	6	9	1	4	1	2	4	8	466	572
539	97.491	-86.65	6	23	1	4	1	2	4	8	305	425
540	42.246	30.559	17	10	1	4	1	2	4	8	416	584
541	-23.877	8.191	24	11	1	4	1	2	4	8	234	376
542	8.956	-62.389	15	9	1	4	1	2	4	8	417	563
543	-57.036	-88.013	15	18	1	4	1	2	4	8	364	457
544	-79.894	49.307	20	19	1	4	1	2	4	8	324	454
545	-99.301	34.122	19	2	1	4	1	2	4	8	95	260
546	88.556	-38.902	25	20	1	4	1	2	4	8	344	521
547	-53.801	8.162	23	16	1	4	1	2	4	8	394	549
548	-87.782	17.79	18	16	1	4	1	2	4	8	327	466
549	-66.86	51.051	11	13	1	4	1	2	4	8	64	214
550	-4.987	-65.167	15	17	1	4	1	2	4	8	307	402
551	-26.83	57.736	17	9	1	4	1	2	4	8	469	599
552	66.033	70.991	20	13	1	4	1	2	4	8	284	441
553	42.065	59.082	5	21	1	4	1	2	4	8	472	611
554	24.04	-43.993	3	16	1	4	1	2	4	8	105	207
555	-3.189	-2.629	8	3	1	4	1	2	4	8	140	278
556	94.936	48.441	16	8	1	4	1	2	4	8	264	412
557	-70.829	48.767	18	20	1	4	1	2	4	8	465	605
558	-72.518	62.961	9	11	1	4	1	2	4	8	283	421
559	-79.644	-30.005	5	4	1	4	1	2	4	8	241	383
560	-31.383	-49.451	22	8	1	4	1	2	4	8	420	593
561	2.287	56.965	25	7	1	4	1	2	4	8	339	453
562	-10.244	97.08	6	20	1	4	1	2	4	8	174	328
563	-98.331	-73.901	7	3	1	4	1	2	4	8	86	228
564	93.529	-10.168	14	7	1	4	1	2	4	8	162	331
565	-90.344	-73.259	7	17	1	4	1	2	4	8	451	555
566	-71.978	29.908	5	10	1	4	1	2	4	8	258	381
567	-53.931	98.754	22	22	1	4	1	2	4	8	79	196
568	39.063	10.348	23	5	1	4	1	2	4	8	82	244
569	-62.518	-85.055	10	13	1	4	1	2	4	8	282	440
570	81.719	69.002	12	13	1	4	1	2	4	8	196	300
571	7.12	89.661	13	16	1	4	1	2	4	8	423	555
572	-3.421	46.259	4	2	1	4	1	2	4	8	67	181
573	-93.486	36.343	15	16	1	4	1	2	4	8	319	441
574	36.739	-61.649	13	15	1	4	1	2	4	8	159	323
575	-62.696	13.799	12	8	1	4	1	2	4	8	325	451
576	-34.196	-97.065	18	25	1	4	1	2	4	8	177	303
577	1.266	80.676	22	1	1	4	1	2	4	8	157	311
578	-11.88	-97.818	5	3	1	4	1	2	4	8	60	207
579	91.598	-95.487	16	17	1	4	1	2	4	8	75	195
580	60.045	72.278	6	7	1	4	1	2	4	8	450	620
581	97.106	-18.126	20	3	1	4	1	2	4	8	316	436
582	77.24	0.462	8	13	1	4	1	2	4	8	235	354
583	-14.104	60.393	17	2	1	4	1	2	4	8	222	355
584	49.839	-4.653	14	14	1	4	1	2	4	8	377	485
585	43.943	-52.289	24	17	1	4	1	2	4	8	64	194
586	-39.55	27.204	11	1	1	4	1	2	4	8	243	415
587	-82.302	-36.42	15	21	1	4	1	2	4	8	192	291
588	39.948	86.543	1	19	1	4	1	2	4	8	319	479
589	79.764	48.995	22	16	1	4	1	2	4	8	386	494
590	-1.636	48.366	2	8	1	4	1	2	4	8	154	316
591	68.35	61.481	22	2	1	4	1	2	4	8	120	268
592	94.645	-46.407	22	1	1	4	1	2	4	8	308	414
593	-71.423	59.998	18	14	1	4	1	2	4	8	207	352
594	43.444	2.69	12	22	1	4	1	2	4	8	433	588
595	-93.703	-8.622	23	21	1	4	1	2	4	8	227	345
596	-82.171	8.661	8	9	1	4	1	2	4	8	60	227
597	91.37	-74.881	19	8	1	4	1	2	4	8	180	318
598	39.925	77.309	23	3	1	4	1	2	4	8	308	482
599	-28.188	78.632	13	5	1	4	1	2	4	8	220	380
600	21.85	-82.818	4	23	1	4	1	2	4	8	435	526
601	-64.28	78.147	20	1	1	4	1	2	4	8	308	402
602	-23.185	10.224	16	22	1	4	1	2	4	8	463	588
603	77.027	63.671	18	12	1	4	1	2	4	8	125	239
604	-91.702	-70.145	24	17	1	4	1	2	4	8	165	263
605	-13.896	74.756	11	1	1	4	1	2	4	8	98	196
606	-90.327	-70.9	2	20	1	4	1	2	4	8	280	392
607	-78.138	54.197	2	2	1	4	1	2	4	8	300	413
608	96.311	-60.239	17	17	1	4	1	2	4	8	61	187
609	-79.35	44.176	4	12	1	4	1	2	4	8	253	358
610	76.7	-46.883	10	5	1	4	1	2	4	8	348	480
611	48.649	-47.658	25	1	1	4	1	2	4	8	187	320
612	-22.578	45.374	17	1	1	4	1	2	4	8	147	320
613	-42.283	-63.373	20	13	1	4	1	2	4	8	385	512
614	-9.863	-82.867	24	6	1	4	1	2	4	8	85	257
615	61.138	38.756	7	3	1	4	1	2	4	8	458	636
616	55.011	-68.075	10	21	1	4	1	2	4	8	445	567
617	7.204	-65.524	7	6	1	4	1	2	4	8	453	604
618	26.251	67.669	17	11	1	4	1	2	4	8	402	547
619	82.376	9.604	20	2	1	4	1	2	4	8	216	336
620	24.097	70.494	23	3	1	4	1	2	4	8	302	442
621	-84.662	38.698	15	16	1	4	1	2	4	8	75	209
622	69.828	-94.464	13	25	1	4	1	2	4	8	248	344
623	26.902	71.378	7	21	1	4	1	2	4	8	332	439
624	92.137	92.418	12	8	1	4	1	2	4	8	409	566
625	52.898	-56.02	1	15	1	4	1	2	4	8	466	565
626	70.811	45.345	24	12	1	4	1	2	4	8	162	302
627	-48.772	-73.319	23	22	1	4	1	2	4	8	196	345
628	49.712	-86.421	2	18	1	4	1	2	4	8	80	217
629	-40.758	17.025	24	25	1	4	1	2	4	8	401	567
630	-20.36	80.11	11	22	1	4	1	2	4	8	146	295
631	-19.43	-78.314	17	5	1	4	1	2	4	8	450	543
632	77.457	-5.572	24	24	1	4	1	2	4	8	173	345
633	50.663	-50.152	8	22	1	4	1	2	4	8	95	215
634	41.693	90.021	7	7	1	4	1	2	4	8	220	393
635	37.089	48.551	16	16	1	4	1	2	4	8	463	596
636	-26.572	-70.862	24	22	1	4	1	2	4	8	345	473
637	-42.298	-78.571	23	8	1	4	1	2	4	8	123	270
638	16.27	48.373	15	3	1	4	1	2	4	8	208	368
639	-89.639	4.546	18	24	1	4	1	2	4	8	337	428
640	-82.556	56.598	2	19	1	4	1	2	4	8	466	606
641	80.046	54.554	21	20	1	4	1	2	4	8	409	526
642	-20.044	-22.592	25	15	1	4	1	2	4	8	307	409
643	-40.026	-96.147	24	22	1	4	1	2	4	8	319	477
644	-69.779	-16.086	24	1	1	4	1	2	4	8	449	576
645	-49.63	-80.411	16	10	1	4	1	2	4	8	397	550
646	-29.008	36.073	1	8	1	4	1	2	4	8	454	595
647	-11.208	91.789	17	19	1	4	1	2	4	8	230	323
648	-75.514	54.001	1	18	1	4	1	2	4	8	239	369
649	-29.107	-79.827	5	21	1	4	1	2	4	8	322	413
650	-97.607	-28.78	20	9	1	4	1	2	4	8	409	500
651	-42.006	-35.312	12	13	1	4	1	2	4	8	311	413
652	51.9	57.757	1	19	1	4	1	2	4	8	190	332
653	5.185	48.656	24	21	1	4	1	2	4	8	199	305
654	45.895	51.01	17	15	1	4	1	2	4	8	261	408
655	33.191	-82.843	9	2	1	4	1	2	4	8	380	529
656	85.046	13.184	21	2	1	4	1	2	4	8	274	424
657	44.102	67.494	25	15	1	4	1	2	4	8	423	518
658	0.931	19.547	4	19	1	4	1	2	4	8	426	522
659	-26.083	24.157	24	19	1	4	1	2	4	8	243	362
660	73.602	84.618	15	17	1	4	1	2	4	8	95	262
661	-90.298	60.881	1	5	1	4	1	2	4	8	361	469
662	-70.263	96.525	18	20	1	4	1	2	4	8	358	500
663	-76.467	66.87	7	18	1	4	1	2	4	8	454	590
664	-23.659	78.402	19	19	1	4	1	2	4	8	419	517
665	-90.451	6.929	8	20	1	4	1	2	4	8	437	538
666	48.228	-15.129	14	12	1	4	1	2	4	8	84	185
667	34.438	-59.024	21	7	1	4	1	2	4	8	243	371
668	77.358	2.638	6	9	1	4	1	2	4	8	347	522
669	-74.477	86.767	1	2	1	4	1	2	4	8	241	352
670	44.852	-72.855	19	16	1	4	1	2	4	8	271	367
671	-20.254	-73.935	23	23	1	4	1	2	4	8	147	253
672	-62.292	-69.612	20	18	1	4	1	2	4	8	453	612
673	36.13	-26.434	23	3	1	4	1	2	4	8	162	308
674	-83.702	-19.421	12	14	1	4	1	2	4	8	64	196
675	-9.16	-98.196	22	5	1	4	1	2	4	8	122	215
676	-50.843	99.279	12	18	1	4	1	2	4	8	348	515
677	-83.812	84.11	5	7	1	4	1	2	4	8	360	453
678	-77.961	65.717	5	7	1	4	1	2	4	8	93	261
679	15.946	72.403	3	16	1	4	1	2	4	8	295	428
680	23.219	-49.943	22	24	1	4	1	2	4	8	219	330
681	4.438	-83.83	19	15	1	4	1	2	4	8	107	208
682	-24.615	29.512	19	25	1	4	1	2	4	8	443	608
683	40.386	-76.915	15	14	1	4	1	2	4	8	472	578
684	-54.999	8.693	5	6	1	4	1	2	4	8	313	459
685	44.16	-99.736	23	9	1	4	1	2	4	8	420	584
686	83.757	45.042	14	24	1	4	1	2	4	8	256	393
687	76.831	-20.331	18	14	1	4	1	2	4	8	421	512
688	-89.009	-10.482	11	3	1	4	1	2	4	8	344	435
689	15.583	82.767	13	6	1	4	1	2	4	8	479	639
690	-32.415	-22.36	1	7	1	4	1	2	4	8	246	414
691	-41.918	-71.355	25	21	1	4	1	2	4	8	160	262
692	88.359	-78.058	1	22	1	4	1	2	4	8	387	517
693	98.774	92.102	9	23	1	4	1	2	4	8	73	168
694	-81.652	85.006	8	11	1	4	1	2	4	8	158	294
695	66.749	-59.954	9	23	1	4	1	2	4	8	402	566
696	-57.677	-78.311	7	13	1	4	1	2	4	8	140	307
697	-37.224	-30.546	11	24	1	4	1	2	4	8	440	590
698	-69.712	7.82	25	16	1	4	1	2	4	8	229	343
699	-10.363	53.529	9	9	1	4	1	2	4	8	354	510
700	51.096	-68.997	12	1	1	4	1	2	4	8	217	310
701	-56.197	-62.837	24	5	1	4	1	2	4	8	453	631
702	99.62	-99.241	11	7	1	4	1	2	4	8	414	507
703	-25.95	-19.661	2	6	1	4	1	2	4	8	316	468
704	-73.947	98.708	24	7	1	4	1	2	4	8	107	209
705	40.231	-65.616	6	1	1	4	1	2	4	8	313	488
706	-44.954	29.996	16	22	1	4	1	2	4	8	139	276
707	31.193	-80.677	22	17	1	4	1	2	4	8	277	453
708	22.883	41.487	17	13	1	4	1	2	4	8	208	332
709	-56.321	13.35	10	13	1	4	1	2	4	8	193	334
710	-76.894	-77.758	24	10	1	4	1	2	4	8	224	389
711	-69.056	98.904	18	1	1	4	1	2	4	8	67	222
712	36.805	54.918	11	4	1	4	1	2	4	8	184	315
713	54.907	-51.606	20	19	1	4	1	2	4	8	295	388
714	41.129	-64.28	4	25	1	4	1	2	4	8	383	491
715	35.752	52.843	22	1	1	4	1	2	4	8	180	352
716	-34.888	-38.713	4	11	1	4	1	2	4	8	284	451
717	-34.067	11.619	16	19	1	4	1	2	4	8	121	234
718	64.34	80.416	7	3	1	4	1	2	4	8	473	588
719	70.035	11.868	21	13	1	4	1	2	4	8	203	326
720	-10.431	-88.857	2	21	1	4	1	2	4	8	92	219
721	-83.205	-95.658	9	17	1	4	1	2	4	8	330	510
722	1.419	-75.658	14	10	1	4	1	2	4	8	133	311
723	-72.908	95.289	14	18	1	4	1	2	4	8	311	463
724	-86.126	65.496	20	18	1	4	1	2	4	8	135	296
725	66.2	52.163	15	20	1	4	1	2	4	8	167	334
726	-67.521	48.681	13	17	1	4	1	2	4	8	343	518
727	18.367	90.489	4	11	1	4	1	2	4	8	68	246
728	96.055	-57.092	7	25	1	4	1	2	4	8	102	266
729	-36.053	28.343	9	1	1	4	1	2	4	8	346	499
730	-90.489	-86.633	6	22	1	4	1	2	4	8	353	449
731	-23.699	-59.98	4	15	1	4	1	2	4	8	123	260
732	92.058	-90.782	15	3	1	4	1	2	4	8	104	237
733	-91.551	20.966	3	8	1	4	1	2	4	8	436	543
734	60.909	-25.391	14	19	1	4	1	2	4	8	135	300
735	-70.388	-49.273	7	25	1	4	1	2	4	8	280	398
736	65.814	-98.127	11	23	1	4	1	2	4	8	140	320
737	33.392	-59.163	21	10	1	4	1	2	4	8	404	581
738	26.95	61.491	17	12	1	4	1	2	4	8	312	479
739	-24.952	80.974	14	13	1	4	1	2	4	8	123	253
740	10.379	-37.289	1	18	1	4	1	2	4	8	82	212
741	28.005	-7.266	13	17	1	4	1	2	4	8	112	271
742	-30.034	27.5	5	8	1	4	1	2	4	8	210	315
743	64.822	59.485	13	24	1	4	1	2	4	8	216	351
744	-76.621	69.541	22	13	1	4	1	2	4	8	263	354
745	-7.765	40.612	25	11	1	4	1	2	4	8	410	552
746	59.286	6.642	9	6	1	4	1	2	4	8	425	593
747	56.723	74.358	12	20	1	4	1	2	4	8	144	281
748	-69.295	44.589	23	2	1	4	1	2	4	8	149	312
749	90.355	71.354	20	24	1	4	1	2	4	8	404	583
750	58.722	-34.9	18	23	1	4	1	2	4	8	429	592
751	70.612	-13.928	11	13	1	4	1	2	4	8	206	386
752	77.417	-94.012	17	8	1	4	1	2	4	8	299	402
753	61.647	65.661	12	6	1	4	1	2	4	8	153	320
754	-31.672	93.293	9	17	1	4	1	2	4	8	122	218
755	-20.957	29.283	7	3	1	4	1	2	4	8	69	226
756	-96.717	-0.938	1	15	1	4	1	2	4	8	111	284
757	91.575	74.58	15	2	1	4	1	2	4	8	313	406
758	-40.746	12.092	8	18	1	4	1	2	4	8	124	267
759	-92.39	-39.84	24	5	1	4	1	2	4	8	231	410
760	94.695	94.699	18	5	1	4	1	2	4	8	326	492
761	-91.887	-38.387	15	17	1	4	1	2	4	8	190	340
762	62.971	-72.067	9	9	1	4	1	2	4	8	451	576
763	-10.031	-57.499	12	25	1	4	1	2	4	8	179	334
764	4.095	-81.218	13	23	1	4	1	2	4	8	84	205
765	72.863	71.278	1	25	1	4	1	2	4	8	228	371
766	-51.174	-86.96	5	22	1	4	1	2	4	8	277	442
767	-6.212	-99.502	12	16	1	4	1	2	4	8	327	479
768	44.804	88.327	18	1	1	4	1	2	4	8	230	374
769	8.485	-62.932	14	15	1	4	1	2	4	8	224	316
770	-96.971	-52.768	3	10	1	4	1	2	4	8	162	333
771	93.751	-11.266	4	2	1	4	1	2	4	8	113	225
772	85.659	46.607	2	2	1	4	1	2	4	8	135	277
773	24.974	-19.604	8	12	1	4	1	2	4	8	283	459
774	-31.853	-46.993	18	14	1	4	1	2	4	8	122	284
775	23.84	17.898	13	8	1	4	1	2	4	8	315	456
776	-88.24	-97.924	12	23	1	4	1	2	4	8	64	218
777	92.024	-81.998	8	9	1	4	1	2	4	8	246	376
778	-17.588	76.68	18	5	1	4	1	2	4	8	470	599
779	-9.572	82.312	7	19	1	4	1	2	4	8	262	415
780	-53.4	-56.061	21	23	1	4	1	2	4	8	98	236
781	-90.889	17.019	8	1	1	4	1	2	4	8	390	497
782	-3.697	74.402	24	22	1	4	1	2	4	8	73	182
783	43.616	3.287	8	21	1	4	1	2	4	8	421	549
784	-54.052	98.646	16	18	1	4	1	2	4	8	221	313
785	-40.232	39.61	17	21	1	4	1	2	4	8	437	597
786	-43.269	-82.579	10	19	1	4	1	2	4	8	419	590
787	-54.778	-23.53	9	2	1	4	1	2	4	8	76	255
788	95.605	-37.353	19	3	1	4	1	2	4	8	233	379
789	-50.182	17.361	14	6	1	4	1	2	4	8	304	477
790	-98.752	72.571	10	10	1	4	1	2	4	8	317	432
791	22.43	-68.184	18	12	1	4	1	2	4	8	364	525
792	-75.546	-39.052	21	4	1	4	1	2	4	8	452	577
793	-97.987	46.23	5	22	1	4	1	2	4	8	256	363
794	-1.764	-95.685	11	16	1	4	1	2	4	8	195	367
795	-89.552	-71.865	21	11	1	4	1	2	4	8	95	253
796	-93.212	-82.2	23	11	1	4	1	2	4	8	353	512
797	55.058	31.095	10	19	1	4	1	2	4	8	151	295
798	-17.933	-13.748	13	18	1	4	1	2	4	8	124	256
799	24.202	-46.213	2	14	1	4	1	2	4	8	258	393
800	-64.115	29.437	6	22	1	4	1	2	4	8	250	395
801	-9.649	-98.129	15	20	1	4	1	2	4	8	412	505
802	-50.79	33.48	25	16	1	4	1	2	4	8	405	529
803	90.544	57.589	10	2	1	4	1	2	4	8	407	538
804	39.046	-88.226	19	9	1	4	1	2	4	8	258	419
805	5.712	91.502	20	8	1	4	1	2	4	8	334	428
806	-49.503	42.806	4	17	1	4	1	2	4	8	409	573
807	56.14	-50.613	23	17	1	4	1	2	4	8	349	476
808	36.844	38.739	15	11	1	4	1	2	4	8	458	591
809	-70.449	-30.975	14	24	1	4	1	2	4	8	181	314
810	-46.779	-16.769	16	12	1	4	1	2	4	8	319	479
811	-12.939	-84.1	5	11	1	4	1	2	4	8	85	190
812	-12.838	-90.465	5	18	1	4	1	2	4	8	456	569
813	54.605	-52.579	15	12	1	4	1	2	4	8	89	268
814	49.515	-66.499	18	9	1	4	1	2	4	8	407	540
815	-6.805	35.834	25	16	1	4	1	2	4	8	383	475
816	45.008	88.392	14	13	1	4	1	2	4	8	266	376
817	92.256	0.059	10	6	1	4	1	2	4	8	375	542
818	33.49	-84.133	17	22	1	4	1	2	4	8	401	513
819	-0.001	-79.499	12	5	1	4	1	2	4	8	104	263
820	21.211	76.543	20	5	1	4	1	2	4	8	89	247
821	-25.403	10.35	25	21	1	4	1	2	4	8	468	609
822	-68.887	69.04	3	5	1	4	1	2	4	8	179	305
823	-71.004	40.295	6	17	1	4	1	2	4	8	254	408
824	-41.008	-9.17	25	1	1	4	1	2	4	8	292	390
825	74.079	73.543	12	25	1	4	1	2	4	8	425	523
826	-79.158	-75.061	19	12	1	4	1	2	4	8	160	318
827	-17.004	-57.012	17	24	1	4	1	2	4	8	392	546
828	75.924	6.625	19	7	1	4	1	2	4	8	305	475
829	14.185	-89.336	10	18	1	4	1	2	4	8	175	314
830	-37.494	-46.767	9	23	1	4	1	2	4	8	71	239
831	-84.735	-51.628	12	2	1	4	1	2	4	8	76	252
832	-44.461	85.491	5	18	1	4	1	2	4	8	318	453
833	24.902	-42.077	18	9	1	4	1	2	4	8	455	629
834	25.656	-81.676	15	1	1	4	1	2	4	8	343	452
835	-69.317	-61.091	6	19	1	4	1	2	4	8	120	217
836	-73.423	-93.29	2	2	1	4	1	2	4	8	461	571
837	25.411	53.694	7	24	1	4	1	2	4	8	252	364
838	-95.092	5.94	1	12	1	4	1	2	4	8	311	471
839	49.478	-84.685	7	14	1	4	1	2	4	8	367	492
840	-28.42	8.416	25	5	1	4	1	2	4	8	228	359
841	34.429	-31.058	15	3	1	4	1	2	4	8	75	214
842	-6.623	6.684	8	2	1	4	1	2	4	8	447	612
843	-97.747	-95.894	23	4	1	4	1	2	4	8	113	281
844	15.203	-19.21	8	23	1	4	1	2	4	8	391	525
845	16.65	-28.117	18	2	1	4	1	2	4	8	195	346
846	57.026	66.299	14	20	1	4	1	2	4	8	108	287
847	-3.114	-32.297	7	22	1	4	1	2	4	8	447	546
848	-56.169	56.556	17	6	1	4	1	2	4	8	350	446
849	-62.563	-53.185	15	10	1	4	1	2	4	8	320	441
850	36.791	22.898	2	4	1	4	1	2	4	8	442	567
851	-28.9	3.404	5	10	1	4	1	2	4	8	288	415
852	-78.321	53.96	22	16	1	4	1	2	4	8	452	577
853	76.21	-65.247	8	19	1	4	1	2	4	8	134	266
854	-61.722	-99.278	8	21	1	4	1	2	4	8	470	594
855	24.331	-66.662	23	13	1	4	1	2	4	8	72	197
856	30.95	98.82	6	22	1	4	1	2	4	8	143	276
857	81.313	-24.464	3	12	1	4	1	2	4	8	423	524
858	56.966	98.127	17	24	1	4	1	2	4	8	346	524
859	-7.623	27.441	21	1	1	4	1	2	4	8	355	484
860	-53.946	38.506	15	15	1	4	1	2	4	8	282	451
861	90.63	37.119	22	1	1	4	1	2	4	8	294	389
862	-47.842	-30.793	20	4	1	4	1	2	4	8	257	413
863	30.929	79.761	3	13	1	4	1	2	4	8	124	266
864	-41.943	12.672	1	9	1	4	1	2	4	8	389	514
865	-93.685	34.618	4	15	1	4	1	2	4	8	65	160
866	-40.926	65.042	8	2	1	4	1	2	4	8	239	386
867	74.805	-53.634	1	24	1	4	1	2	4	8	403	531
868	-81.151	-71.185	4	17	1	4	1	2	4	8	276	381
869	-38.15	91.203	4	23	1	4	1	2	4	8	157	284
870	43.86	-48.545	11	23	1	4	1	2	4	8	138	312
871	79.962	17.617	1	1	1	4	1	2	4	8	451	562
872	-47.147	-98.77	12	10	1	4	1	2	4	8	331	437
873	29.421	-98.473	11	1	1	4	1	2	4	8	455	597
874	-45.366	38.629	5	19	1	4	1	2	4	8	274	415
875	-20.84	74.532	11	9	1	4	1	2	4	8	295	425
876	-25.271	-2.099	23	24	1	4	1	2	4	8	312	415
877	-6.889	48.105	9	5	1	4	1	2	4	8	399	505
878	47.407	-12.358	24	5	1	4	1	2	4	8	60	187
879	95.657	54.128	3	6	1	4	1	2	4	8	230	388
880	15.363	-3.004	14	1	1	4	1	2	4	8	437	616
881	-47.168	-88.661	6	22	1	4	1	2	4	8	447	589
882	44.634	97.66	8	17	1	4	1	2	4	8	330	452
883	53.992	-69.14	19	22	1	4	1	2	4	8	363	516
884	-80.737	43.329	8	15	1	4	1	2	4	8	445	595
885	-13.083	65.857	5	19	1	4	1	2	4	8	65	230
886	70.105	24.677	6	17	1	4	1	2	4	8	474	626
887	93.224	-93.226	13	20	1	4	1	2	4	8	141	300
888	16.282	-43.709	12	6	1	4	1	2	4	8	60	165
889	-39.984	48.242	6	7	1	4	1	2	4	8	196	327
890	-46.097	-62.716	14	14	1	4	1	2	4	8	73	246
891	-44.837	0.618	13	24	1	4	1	2	4	8	418	512
892	-78.424	-71.895	19	24	1	4	1	2	4	8	396	574
893	-75.892	-63.575	8	22	1	4	1	2	4	8	329	465
894	-87.063	85.32	23	18	1	4	1	2	4	8	319	452
895	12.638	36.317	7	1	1	4	1	2	4	8	196	331
896	60.551	-9.353	12	23	1	4	1	2	4	8	99	212
897	-71.329	-30.726	21	21	1	4	1	2	4	8	428	547
898	18.507	46.734	11	18	1	4	1	2	4	8	165	296
899	77.469	30.142	2	3	1	4	1	2	4	8	362	533
900	-73.597	-43.46	3	5	1	4	1	2	4	8	119	290
901	4.631	80.125	3	15	1	4	1	2	4	8	354	494
902	94.27	-21.489	3	15	1	4	1	2	4	8	174	274
903	-10.256	6.666	18	18	1	4	1	2	4	8	137	279
904	50.763	9.373	24	21	1	4	1	2	4	8	190	337
905	34.368	-28.788	19	8	1	4	1	2	4	8	470	648
906	-81.104	-3.009	19	19	1	4	1	2	4	8	165	290
907	53.546	-37.934	11	11	1	4	1	2	4	8	415	549
908	57.706	43.028	3	15	1	4	1	2	4	8	354	491
909	-14.225	47.507	9	6	1	4	1	2	4	8	412	568
910	-68.739	69.76	8	4	1	4	1	2	4	8	308	451
911	-20.898	61.886	19	7	1	4	1	2	4	8	463	631
912	-57.548	-41.256	9	16	1	4	1	2	4	8	197	310
913	48.917	-42.342	17	22	1	4	1	2	4	8	195	370
914	-25.761	-96.251	16	21	1	4	1	2	4	8	374	480
915	-81.428	-33.981	20	17	1	4	1	2	4	8	146	283
916	-29.227	75.265	17	6	1	4	1	2	4	8	97	259
917	-76.224	-29.672	12	16	1	4	1	2	4	8	344	441
918	35.529	33.32	13	21	1	4	1	2	4	8	153	320
919	73.463	68.161	14	7	1	4	1	2	4	8	215	350
920	-84.097	-57.43	15	7	1	4	1	2	4	8	156	331
921	-91.409	-31.64	19	20	1	4	1	2	4	8	150	246
922	83.302	-97.733	6	21	1	4	1	2	4	8	379	474
923	83.953	-5.964	23	5	1	4	1	2	4	8	226	404
924	-82.046	81.397	5	22	1	4	1	2	4	8	87	249
925	71.55	23.191	1	1	1	4	1	2	4	8	106	214
926	67.525	40.186	6	2	1	4	1	2	4	8	247	371
927	59.249	78.82	2	21	1	4	1	2	4	8	260	396
928	-77.69	-49.184	11	21	1	4	1	2	4	8	368	518
929	-49.375	-69.576	16	8	1	4	1	2	4	8	456	560
930	-23.132	-26.655	9	15	1	4	1	2	4	8	241	378
931	-13.454	85.519	22	25	1	4	1	2	4	8	297	452
932	62.235	-72.145	15	14	1	4	1	2	4	8	249	346
933	-51.608	15.403	23	13	1	4	1	2	4	8	247	400
934	44.312	59.85	11	19	1	4	1	2	4	8	473	574
935	10.267	-99.284	2	17	1	4	1	2	4	8	274	379
936	72.499	-55.3	5	7	1	4	1	2	4	8	297	413
937	23.89	26.42	10	23	1	4	1	2	4	8	211	374
938	-77.291	83.238	14	13	1	4	1	2	4	8	380	549
939	-16.098	42.405	10	19	1	4	1	2	4	8	475	590
940	66.606	-72.774	8	15	1	4	1	2	4	8	328	427
941	-68.14	-44.73	19	11	1	4	1	2	4	8	259	411
942	6.584	-26.706	18	7	1	4	1	2	4	8	417	589
943	-99.601	-76.292	4	3	1	4	1	2	4	8	187	338
944	-31.62	-22.726	16	13	1	4	1	2	4	8	223	374
945	31.778	38.319	24	4	1	4	1	2	4	8	457	617
946	-8.161	-83.497	4	21	1	4	1	2	4	8	119	213
947	91.14	-50.396	13	7	1	4	1	2	4	8	413	549
948	65.366	-34.336	9	8	1	4	1	2	4	8	330	429
949	32.076	-73.286	15	5	1	4	1	2	4	8	124	253
950	-0.289	88.391	16	25	1	4	1	2	4	8	98	216
951	-29.26	91.107	22	2	1	4	1	2	4	8	209	352
952	76.349	-77.361	23	4	1	4	1	2	4	8	268	427
953	-34.172	-63.662	12	4	1	4	1	2	4	8	234	413
954	-48.098	99.48	21	21	1	4	1	2	4	8	468	614
955	7.926	95.3	14	21	1	4	1	2	4	8	374	536
956	41.25	-83.975	2	15	1	4	1	2	4	8	350	516
957	68.428	-95.934	7	25	1	4	1	2	4	8	292	452
958	84.029	-11.163	12	19	1	4	1	2	4	8	267	365
959	-38.899	93.253	15	19	1	4	1	2	4	8	446	603
960	77.418	29.866	14	16	1	4	1	2	4	8	241	421
961	2.958	4.357	0	0	0	0	0	1000
962	21.494	-8.63	0	0	0	0	0	1000
963	-43.073	-18.094	0	0	0	0	0	1000
964	-10.406	-37.888	0	0	0	0	0	1000
