6 12 700 6
420 180
420 180
420 180
420 180
420 180
420 180
1	74.398	2.692	22	4	1	6	1	2	4	8	16	32	88	278
2	-28.344	-17.432	21	9	1	6	1	2	4	8	16	32	84	282
3	-50.075	39.237	21	23	1	6	1	2	4	8	16	32	275	563
4	79.59	82.393	4	15	1	6	1	2	4	8	16	32	91	370
5	61.698	-53.092	9	24	1	6	1	2	4	8	16	32	93	377
6	-63.955	-22.283	9	17	1	6	1	2	4	8	16	32	86	343
7	75.778	-69.433	21	11	1	6	1	2	4	8	16	32	163	503
8	22.586	-83.907	19	2	1	6	1	2	4	8	16	32	149	338
9	-86.788	-27.145	19	15	1	6	1	2	4	8	16	32	158	414
10	-81.831	-39.166	3	8	1	6	1	2	4	8	16	32	150	503
11	19.863	24.925	7	21	1	6	1	2	4	8	16	32	162	467
12	-63.5	16.599	11	22	1	6	1	2	4	8	16	32	162	473
13	96.287	-67.422	14	13	1	6	1	2	4	8	16	32	214	510
14	46.465	82.227	6	13	1	6	1	2	4	8	16	32	294	602
15	94.992	-93.873	25	24	1	6	1	2	4	8	16	32	196	409
16	70.484	83.028	7	10	1	6	1	2	4	8	16	32	132	484
17	8.301	-97.197	17	18	1	6	1	2	4	8	16	32	115	374
18	84.535	83.563	5	1	1	6	1	2	4	8	16	32	195	381
19	-31.382	-53.353	5	2	1	6	1	2	4	8	16	32	126	393
20	-76.44	-30.377	17	5	1	6	1	2	4	8	16	32	298	554
21	98.978	24.314	18	12	1	6	1	2	4	8	16	32	68	347
22	72.157	-61.097	10	23	1	6	1	2	4	8	16	32	297	540
23	-52.145	-54.455	23	13	1	6	1	2	4	8	16	32	176	517
24	-82.192	-24.92	6	17	1	6	1	2	4	8	16	32	118	476
25	-34.223	-7.639	1	20	1	6	1	2	4	8	16	32	95	285
26	12.413	49.052	9	23	1	6	1	2	4	8	16	32	198	495
27	65.409	32.804	17	1	1	6	1	2	4	8	16	32	112	332
28	-49.305	-60.586	14	22	1	6	1	2	4	8	16	32	210	446
29	-89.514	-7.337	6	22	1	6	1	2	4	8	16	32	119	421
30	79.734	34.981	22	20	1	6	1	2	4	8	16	32	67	267
31	-92.319	13.061	3	4	1	6	1	2	4	8	16	32	129	375
32	-22	55.634	1	14	1	6	1	2	4	8	16	32	227	503
33	57.728	78.306	21	10	1	6	1	2	4	8	16	32	211	451
34	-91.824	-57.099	12	16	1	6	1	2	4	8	16	32	158	422
35	-17.173	-57.77	23	5	1	6	1	2	4	8	16	32	237	523
36	98.536	74.341	19	14	1	6	1	2	4	8	16	32	194	551
37	80.134	-34.37	16	25	1	6	1	2	4	8	16	32	248	474
38	-81.105	63.758	8	7	1	6	1	2	4	8	16	32	76	429
39	72.739	-98.718	9	25	1	6	1	2	4	8	16	32	211	539
40	-96.412	72.897	5	2	1	6	1	2	4	8	16	32	228	509
41	19.351	83.622	2	21	1	6	1	2	4	8	16	32	278	601
42	-95.833	32.825	18	10	1	6	1	2	4	8	16	32	231	554
43	32.024	-65.238	25	15	1	6	1	2	4	8	16	32	168	407
44	-59.011	49.719	22	14	1	6	1	2	4	8	16	32	99	378
45	-21.061	-62.843	7	7	1	6	1	2	4	8	16	32	299	549
46	-51.674	-88.581	9	19	1	6	1	2	4	8	16	32	282	564
47	24.641	-77.076	1	11	1	6	1	2	4	8	16	32	250	581
48	-83.013	88.023	17	2	1	6	1	2	4	8	16	32	260	471
49	50.435	-81.865	16	3	1	6	1	2	4	8	16	32	284	488
50	-49.351	11.697	20	14	1	6	1	2	4	8	16	32	70	407
51	-64.821	-42.687	11	8	1	6	1	2	4	8	16	32	286	624
52	51.49	32.538	18	19	1	6	1	2	4	8	16	32	169	434
53	78.986	5.467	4	24	1	6	1	2	4	8	16	32	222	503
54	49.127	95.298	3	11	1	6	1	2	4	8	16	32	73	263
55	12.855	-5.226	21	2	1	6	1	2	4	8	16	32	183	513
56	-18.273	68.258	8	1	1	6	1	2	4	8	16	32	63	244
57	0.272	-24.782	20	8	1	6	1	2	4	8	16	32	168	469
58	92.088	-82.543	23	25	1	6	1	2	4	8	16	32	93	282
59	92.321	-12.63	9	17	1	6	1	2	4	8	16	32	139	431
60	87.652	-81.329	22	23	1	6	1	2	4	8	16	32	67	290
61	12.393	35.304	8	13	1	6	1	2	4	8	16	32	65	417
62	94.671	-55.65	19	20	1	6	1	2	4	8	16	32	160	375
63	-73.793	62.268	19	22	1	6	1	2	4	8	16	32	167	435
64	77.979	-47.487	17	6	1	6	1	2	4	8	16	32	210	431
65	-50.435	-72.255	6	8	1	6	1	2	4	8	16	32	148	469
66	-88.727	11.618	6	19	1	6	1	2	4	8	16	32	150	504
67	-98.309	-98.872	14	25	1	6	1	2	4	8	16	32	194	493
68	-80.669	14.506	20	16	1	6	1	2	4	8	16	32	165	448
69	-40.123	-34.209	21	17	1	6	1	2	4	8	16	32	86	441
70	18.178	45.924	1	25	1	6	1	2	4	8	16	32	156	382
71	-33.767	-26.121	15	3	1	6	1	2	4	8	16	32	272	478
72	-0.83	24.55	23	25	1	6	1	2	4	8	16	32	249	562
73	71.51	-76.041	2	13	1	6	1	2	4	8	16	32	209	556
74	-93.487	-8.037	22	13	1	6	1	2	4	8	16	32	62	378
75	-62.462	36.497	8	2	1	6	1	2	4	8	16	32	298	530
76	33.705	-24.84	19	5	1	6	1	2	4	8	16	32	139	352
77	-97.518	-51.281	23	17	1	6	1	2	4	8	16	32	82	362
78	-77.523	-69.189	3	1	1	6	1	2	4	8	16	32	259	460
79	-66.109	-92.951	13	10	1	6	1	2	4	8	16	32	248	515
80	29.145	75.018	10	8	1	6	1	2	4	8	16	32	260	605
81	-43.613	98.877	18	16	1	6	1	2	4	8	16	32	296	492
82	-13.693	-77.74	14	16	1	6	1	2	4	8	16	32	217	534
83	-29.092	-73.952	1	19	1	6	1	2	4	8	16	32	266	455
84	-59.931	79.215	25	2	1	6	1	2	4	8	16	32	283	624
85	63.509	81.027	9	12	1	6	1	2	4	8	16	32	151	410
86	89.689	-76.777	13	8	1	6	1	2	4	8	16	32	263	497
87	25.765	-63.018	23	13	1	6	1	2	4	8	16	32	257	455
88	87.684	72.051	13	7	1	6	1	2	4	8	16	32	251	510
89	60.187	-44.204	5	5	1	6	1	2	4	8	16	32	109	400
90	-23.442	91.116	9	7	1	6	1	2	4	8	16	32	213	459
91	40.372	89.616	12	1	1	6	1	2	4	8	16	32	119	344
92	-75.122	-17.393	16	13	1	6	1	2	4	8	16	32	123	315
93	73.83	75.837	14	12	1	6	1	2	4	8	16	32	279	577
94	-74.374	86.281	2	24	1	6	1	2	4	8	16	32	266	475
95	-37.843	-84.149	24	4	1	6	1	2	4	8	16	32	74	293
96	19.354	-7.134	20	21	1	6	1	2	4	8	16	32	116	315
97	50.717	81.312	6	10	1	6	1	2	4	8	16	32	253	585
98	-73.54	-59.72	9	22	1	6	1	2	4	8	16	32	287	545
99	-28.217	-93.019	10	16	1	6	1	2	4	8	16	32	138	432
100	-19.089	57.813	19	20	1	6	1	2	4	8	16	32	289	488
101	19.923	-91.844	24	12	1	6	1	2	4	8	16	32	288	472
102	47.511	-84.832	23	10	1	6	1	2	4	8	16	32	300	555
103	-16.981	69.551	4	25	1	6	1	2	4	8	16	32	294	518
104	-18.664	33.174	1	22	1	6	1	2	4	8	16	32	202	551
105	-67.235	91.064	4	3	1	6	1	2	4	8	16	32	240	429
106	28.908	73.689	1	22	1	6	1	2	4	8	16	32	162	400
107	44.676	-84.053	14	21	1	6	1	2	4	8	16	32	300	534
108	8.477	-9.628	24	12	1	6	1	2	4	8	16	32	121	419
109	-60.378	-13.467	19	1	1	6	1	2	4	8	16	32	196	477
110	-52.375	-32.332	12	4	1	6	1	2	4	8	16	32	230	488
111	-23.535	-46.021	1	14	1	6	1	2	4	8	16	32	274	634
112	16.938	-65.821	7	5	1	6	1	2	4	8	16	32	63	287
113	83.435	-63.765	4	19	1	6	1	2	4	8	16	32	98	408
114	-60.326	-81.289	24	9	1	6	1	2	4	8	16	32	271	528
115	-51.889	-69.908	14	13	1	6	1	2	4	8	16	32	123	342
116	-15.767	-87.689	9	23	1	6	1	2	4	8	16	32	69	303
117	97.014	54.023	5	24	1	6	1	2	4	8	16	32	162	468
118	65.406	-79.043	17	11	1	6	1	2	4	8	16	32	158	360
119	-43.499	74.997	11	6	1	6	1	2	4	8	16	32	300	647
120	60.211	86.287	11	16	1	6	1	2	4	8	16	32	110	432
121	-0.885	-96.702	9	5	1	6	1	2	4	8	16	32	197	477
122	37.168	75.667	6	15	1	6	1	2	4	8	16	32	222	553
123	-15.723	-86.624	24	11	1	6	1	2	4	8	16	32	254	586
124	-11.834	23.295	20	8	1	6	1	2	4	8	16	32	191	465
125	-55.227	-43.313	4	9	1	6	1	2	4	8	16	32	118	299
126	-47.345	32.97	5	22	1	6	1	2	4	8	16	32	113	463
127	-69.543	2.916	3	18	1	6	1	2	4	8	16	32	273	489
128	-29.019	40.365	12	1	1	6	1	2	4	8	16	32	93	292
129	-2.71	93.995	13	9	1	6	1	2	4	8	16	32	99	434
130	-43.454	90.189	3	8	1	6	1	2	4	8	16	32	65	386
131	88.091	11.886	13	24	1	6	1	2	4	8	16	32	134	365
132	7.563	-98.034	1	15	1	6	1	2	4	8	16	32	291	603
133	-54.865	-79.097	3	1	1	6	1	2	4	8	16	32	284	514
134	-77.274	-43.105	5	24	1	6	1	2	4	8	16	32	142	325
135	-84.757	81.79	7	11	1	6	1	2	4	8	16	32	117	408
136	-2.629	-67.495	21	23	1	6	1	2	4	8	16	32	282	576
137	50.528	78.183	17	6	1	6	1	2	4	8	16	32	261	521
138	37.707	98.965	21	17	1	6	1	2	4	8	16	32	267	607
139	-95.286	62.158	7	13	1	6	1	2	4	8	16	32	111	352
140	-59.416	-6.597	24	24	1	6	1	2	4	8	16	32	98	288
141	13.186	91.277	20	21	1	6	1	2	4	8	16	32	268	620
142	-18.092	-60.229	17	23	1	6	1	2	4	8	16	32	189	423
143	75.747	12.289	18	24	1	6	1	2	4	8	16	32	277	573
144	-84.96	-86.749	3	3	1	6	1	2	4	8	16	32	81	437
145	-40.311	-76.732	9	1	1	6	1	2	4	8	16	32	128	392
146	97.655	61.4	11	22	1	6	1	2	4	8	16	32	238	436
147	-58.494	-74.726	22	23	1	6	1	2	4	8	16	32	141	478
148	57.07	84.299	8	18	1	6	1	2	4	8	16	32	111	468
149	-76.258	-98.432	7	21	1	6	1	2	4	8	16	32	203	513
150	-19.787	-16.937	20	6	1	6	1	2	4	8	16	32	159	360
151	-56.943	-91.321	8	2	1	6	1	2	4	8	16	32	195	420
152	61.143	-50.147	17	5	1	6	1	2	4	8	16	32	181	375
153	41.27	-93.797	6	18	1	6	1	2	4	8	16	32	283	636
154	0.765	68.327	19	4	1	6	1	2	4	8	16	32	176	500
155	22.652	-12.459	5	14	1	6	1	2	4	8	16	32	222	531
156	-49.373	-11.169	4	7	1	6	1	2	4	8	16	32	245	470
157	82.417	-12.685	22	2	1	6	1	2	4	8	16	32	219	528
158	-44.852	-24.038	2	17	1	6	1	2	4	8	16	32	87	324
159	-23.094	-82.944	20	12	1	6	1	2	4	8	16	32	123	450
160	-96.489	-68.407	4	22	1	6	1	2	4	8	16	32	150	362
161	-0.725	-52.985	3	11	1	6	1	2	4	8	16	32	135	338
162	77.578	22.849	23	9	1	6	1	2	4	8	16	32	180	373
163	-65.714	0.841	25	3	1	6	1	2	4	8	16	32	133	476
164	-53.707	-43.512	19	3	1	6	1	2	4	8	16	32	248	561
165	-15.875	-57.184	15	21	1	6	1	2	4	8	16	32	87	374
166	-51.839	-70.497	23	17	1	6	1	2	4	8	16	32	118	450
167	-98.22	42.876	2	24	1	6	1	2	4	8	16	32	118	368
168	-89.776	-62.296	14	10	1	6	1	2	4	8	16	32	160	348
169	-81.043	-26.338	8	16	1	6	1	2	4	8	16	32	134	490
170	-49.509	-87.155	25	18	1	6	1	2	4	8	16	32	125	472
171	-12.5	42.259	2	2	1	6	1	2	4	8	16	32	239	501
172	85.553	10.064	23	15	1	6	1	2	4	8	16	32	135	326
173	-16.781	-37.596	12	11	1	6	1	2	4	8	16	32	88	387
174	-39.146	93.141	19	9	1	6	1	2	4	8	16	32	73	355
175	-67.551	-35.844	4	17	1	6	1	2	4	8	16	32	228	485
176	28.793	83.633	20	21	1	6	1	2	4	8	16	32	291	518
177	-51.802	43.962	19	17	1	6	1	2	4	8	16	32	194	444
178	19.754	63.128	10	8	1	6	1	2	4	8	16	32	278	464
179	5.154	32.394	11	25	1	6	1	2	4	8	16	32	283	585
180	49.076	45.315	8	22	1	6	1	2	4	8	16	32	197	407
181	-67.541	90.141	19	2	1	6	1	2	4	8	16	32	154	415
182	-76.329	-17.343	6	23	1	6	1	2	4	8	16	32	188	447
183	88.549	28.026	1	1	1	6	1	2	4	8	16	32	208	405
184	11.451	-67.094	7	24	1	6	1	2	4	8	16	32	99	359
185	67.156	-39.168	11	14	1	6	1	2	4	8	16	32	206	409
186	74.817	-17.028	12	23	1	6	1	2	4	8	16	32	258	592
187	-94.906	-31.706	7	6	1	6	1	2	4	8	16	32	259	531
188	69.783	45.476	10	8	1	6	1	2	4	8	16	32	191	398
189	-99.324	90.437	3	19	1	6	1	2	4	8	16	32	251	491
190	2.646	-18.594	3	8	1	6	1	2	4	8	16	32	293	644
191	-98.794	97.084	17	1	1	6	1	2	4	8	16	32	181	527
192	-8.744	35.989	12	4	1	6	1	2	4	8	16	32	246	453
193	-70.657	-56.623	7	13	1	6	1	2	4	8	16	32	84	356
194	-8.899	-70.758	18	13	1	6	1	2	4	8	16	32	95	305
195	-31.421	-20.414	17	20	1	6	1	2	4	8	16	32	99	375
196	90.593	91.792	14	9	1	6	1	2	4	8	16	32	300	543
197	-69.661	40.475	6	14	1	6	1	2	4	8	16	32	62	326
198	35.422	-75.577	23	7	1	6	1	2	4	8	16	32	196	423
199	-13.872	52.023	2	11	1	6	1	2	4	8	16	32	250	483
200	-80.864	-18.014	15	15	1	6	1	2	4	8	16	32	132	364
201	-49.906	62.928	23	16	1	6	1	2	4	8	16	32	207	508
202	44.92	-84.784	24	11	1	6	1	2	4	8	16	32	275	620
203	-79.066	-41.935	4	14	1	6	1	2	4	8	16	32	142	433
204	44.448	-72.234	24	12	1	6	1	2	4	8	16	32	204	476
205	38.066	52.314	18	4	1	6	1	2	4	8	16	32	294	625
206	-67.918	-43.582	10	11	1	6	1	2	4	8	16	32	84	429
207	87.472	70.413	7	19	1	6	1	2	4	8	16	32	237	558
208	35.435	-5.409	11	8	1	6	1	2	4	8	16	32	157	412
209	78.102	-87.657	9	7	1	6	1	2	4	8	16	32	143	467
210	-69.842	-91.787	22	19	1	6	1	2	4	8	16	32	118	470
211	86.062	-87.463	23	9	1	6	1	2	4	8	16	32	109	394
212	-12.736	-80.323	3	24	1	6	1	2	4	8	16	32	164	404
213	-38.426	-31.846	2	20	1	6	1	2	4	8	16	32	252	531
214	-49.366	10.733	1	6	1	6	1	2	4	8	16	32	294	624
215	10.482	41.389	2	1	1	6	1	2	4	8	16	32	226	424
216	4.337	97.717	10	10	1	6	1	2	4	8	16	32	145	485
217	62.209	74.82	23	15	1	6	1	2	4	8	16	32	80	428
218	-37.401	95.287	21	2	1	6	1	2	4	8	16	32	131	481
219	-31.234	84.347	6	23	1	6	1	2	4	8	16	32	156	499
220	75.098	56.919	9	2	1	6	1	2	4	8	16	32	110	443
221	-40.335	18.837	12	9	1	6	1	2	4	8	16	32	150	422
222	77.002	18.75	17	6	1	6	1	2	4	8	16	32	158	423
223	-10.169	59.236	6	3	1	6	1	2	4	8	16	32	90	433
224	98.485	-65.939	24	17	1	6	1	2	4	8	16	32	267	623
225	-52.459	-11.012	18	8	1	6	1	2	4	8	16	32	62	270
226	-21.474	-95.484	21	13	1	6	1	2	4	8	16	32	138	337
227	15.295	86.941	18	22	1	6	1	2	4	8	16	32	134	383
228	19.363	-72.907	9	2	1	6	1	2	4	8	16	32	116	387
229	-30.405	63.795	2	9	1	6	1	2	4	8	16	32	267	530
230	58.593	-82.985	19	5	1	6	1	2	4	8	16	32	89	391
231	-67.986	16.297	17	20	1	6	1	2	4	8	16	32	81	339
232	-31.951	-79.813	8	18	1	6	1	2	4	8	16	32	101	350
233	-86.817	97.642	6	4	1	6	1	2	4	8	16	32	290	587
234	16.247	-10.061	13	5	1	6	1	2	4	8	16	32	204	547
235	-57.99	81.81	6	19	1	6	1	2	4	8	16	32	158	390
236	-78.809	40.467	18	2	1	6	1	2	4	8	16	32	281	486
237	-86.391	-68.107	8	18	1	6	1	2	4	8	16	32	273	601
238	13.192	16.269	8	21	1	6	1	2	4	8	16	32	101	353
239	-91.165	48.88	12	18	1	6	1	2	4	8	16	32	254	532
240	-15.488	-64.646	22	2	1	6	1	2	4	8	16	32	151	437
241	-18.252	65.455	2	20	1	6	1	2	4	8	16	32	275	592
242	-67.752	1.392	22	13	1	6	1	2	4	8	16	32	257	469
243	-85.39	64.069	18	13	1	6	1	2	4	8	16	32	64	363
244	-68.14	79.243	4	14	1	6	1	2	4	8	16	32	109	441
245	43.244	75.441	18	23	1	6	1	2	4	8	16	32	205	518
246	-53.04	73.969	18	25	1	6	1	2	4	8	16	32	103	347
247	34.769	-35.124	4	25	1	6	1	2	4	8	16	32	196	435
248	80.289	59.159	1	20	1	6	1	2	4	8	16	32	212	501
249	-63.871	63.521	14	15	1	6	1	2	4	8	16	32	130	438
250	89.372	87.509	13	4	1	6	1	2	4	8	16	32	285	536
251	-0.248	96.123	19	17	1	6	1	2	4	8	16	32	72	321
252	55.39	-97.293	14	5	1	6	1	2	4	8	16	32	221	507
253	-44.258	-60.83	21	4	1	6	1	2	4	8	16	32	76	329
254	41.174	-80.199	22	20	1	6	1	2	4	8	16	32	235	517
255	-81.241	25.64	13	11	1	6	1	2	4	8	16	32	259	500
256	-89.674	7.85	5	5	1	6	1	2	4	8	16	32	63	334
257	-91.676	46.272	5	2	1	6	1	2	4	8	16	32	220	483
258	-73.38	-65.62	19	3	1	6	1	2	4	8	16	32	67	375
259	-25.887	-60.834	24	15	1	6	1	2	4	8	16	32	219	559
260	-76.044	-90.242	22	22	1	6	1	2	4	8	16	32	109	386
261	65.403	96.59	15	2	1	6	1	2	4	8	16	32	188	544
262	-14.491	79.658	9	7	1	6	1	2	4	8	16	32	224	525
263	30.821	-11.012	4	2	1	6	1	2	4	8	16	32	180	466
264	45.616	56.096	17	22	1	6	1	2	4	8	16	32	202	506
265	79.954	-65.261	10	15	1	6	1	2	4	8	16	32	210	551
266	-80.909	99.697	4	22	1	6	1	2	4	8	16	32	104	367
267	-61.495	56.748	8	14	1	6	1	2	4	8	16	32	140	360
268	91.835	32.607	3	25	1	6	1	2	4	8	16	32	195	454
269	-52.159	-46.33	2	7	1	6	1	2	4	8	16	32	106	335
270	13.637	-77.285	10	10	1	6	1	2	4	8	16	32	189	371
271	97.917	71.538	23	24	1	6	1	2	4	8	16	32	192	422
272	33.86	-56.973	23	20	1	6	1	2	4	8	16	32	120	412
273	-91.274	15.887	13	2	1	6	1	2	4	8	16	32	152	478
274	3.389	46.365	18	21	1	6	1	2	4	8	16	32	295	484
275	-56.96	87.374	24	15	1	6	1	2	4	8	16	32	138	469
276	69.748	5.51	13	10	1	6	1	2	4	8	16	32	115	397
277	80.282	-29.594	11	17	1	6	1	2	4	8	16	32	256	485
278	22.879	-8.667	21	6	1	6	1	2	4	8	16	32	230	523
279	-98.36	-5.213	17	18	1	6	1	2	4	8	16	32	284	622
280	-92.319	17.497	1	14	1	6	1	2	4	8	16	32	121	423
281	-64.001	-25.659	4	16	1	6	1	2	4	8	16	32	137	341
282	5.152	53.556	8	11	1	6	1	2	4	8	16	32	183	430
283	24.457	-81.058	4	9	1	6	1	2	4	8	16	32	199	389
284	87.985	35.007	5	6	1	6	1	2	4	8	16	32	113	458
285	75.092	-28.896	17	22	1	6	1	2	4	8	16	32	235	488
286	-49.666	-43.556	20	24	1	6	1	2	4	8	16	32	238	577
287	-31.422	84.764	11	19	1	6	1	2	4	8	16	32	259	481
288	20.193	-14.287	25	17	1	6	1	2	4	8	16	32	109	418
289	-89.661	85.251	3	16	1	6	1	2	4	8	16	32	77	276
290	93.359	17.904	16	7	1	6	1	2	4	8	16	32	154	465
291	57.392	39.208	13	12	1	6	1	2	4	8	16	32	250	431
292	-68.251	-9.958	16	7	1	6	1	2	4	8	16	32	65	356
293	-71.557	-36.715	22	9	1	6	1	2	4	8	16	32	180	437
294	-14.524	89.167	1	16	1	6	1	2	4	8	16	32	198	424
295	8.039	53.054	19	1	1	6	1	2	4	8	16	32	258	494
296	60.93	37.364	5	1	1	6	1	2	4	8	16	32	206	431
297	-98.054	-62.054	20	20	1	6	1	2	4	8	16	32	160	462
298	-18.945	-64.643	19	3	1	6	1	2	4	8	16	32	138	472
299	-54.479	-87.044	15	19	1	6	1	2	4	8	16	32	115	331
300	-26.151	-94.12	13	8	1	6	1	2	4	8	16	32	102	302
301	41.159	-70.376	13	1	1	6	1	2	4	8	16	32	166	449
302	-8.113	45.164	3	2	1	6	1	2	4	8	16	32	99	381
303	5.719	-69.297	14	3	1	6	1	2	4	8	16	32	250	582
304	16.737	13.999	19	6	1	6	1	2	4	8	16	32	283	517
305	-68.07	-37.383	25	7	1	6	1	2	4	8	16	32	134	442
306	90.854	-12.755	13	8	1	6	1	2	4	8	16	32	152	415
307	82.599	56.945	6	17	1	6	1	2	4	8	16	32	67	250
308	-73.608	53.311	5	5	1	6	1	2	4	8	16	32	146	485
309	86.904	51.033	14	7	1	6	1	2	4	8	16	32	110	386
310	-38.314	-2.919	18	4	1	6	1	2	4	8	16	32	272	610
311	-31.951	90.2	1	5	1	6	1	2	4	8	16	32	225	530
312	-66.08	92.757	1	5	1	6	1	2	4	8	16	32	187	456
313	-61	-76.207	8	11	1	6	1	2	4	8	16	32	243	458
314	-70.4	51.207	6	23	1	6	1	2	4	8	16	32	161	361
315	-45.384	-37.226	1	1	1	6	1	2	4	8	16	32	176	493
316	-29.071	-16.73	21	23	1	6	1	2	4	8	16	32	182	542
317	0.891	14.371	21	20	1	6	1	2	4	8	16	32	266	479
318	-50.982	-0.558	25	10	1	6	1	2	4	8	16	32	168	368
319	-86.846	-40.739	10	3	1	6	1	2	4	8	16	32	266	503
320	-56.905	-90.4	18	25	1	6	1	2	4	8	16	32	184	532
321	-98.436	60.291	4	10	1	6	1	2	4	8	16	32	92	335
322	16.876	-25.749	11	12	1	6	1	2	4	8	16	32	290	628
323	-76.032	-6.08	24	2	1	6	1	2	4	8	16	32	138	442
324	58.256	70.29	9	5	1	6	1	2	4	8	16	32	278	618
325	-43.192	94.758	22	15	1	6	1	2	4	8	16	32	226	501
326	-80.935	-67.892	23	1	1	6	1	2	4	8	16	32	132	458
327	48.066	-82.159	8	4	1	6	1	2	4	8	16	32	97	322
328	23.805	22.964	7	12	1	6	1	2	4	8	16	32	258	539
329	-25.54	84.101	13	9	1	6	1	2	4	8	16	32	259	574
330	90.076	23.883	18	23	1	6	1	2	4	8	16	32	62	242
331	-49.712	76.162	6	6	1	6	1	2	4	8	16	32	91	451
332	-74.976	16.511	19	16	1	6	1	2	4	8	16	32	282	534
333	9.806	-64.46	22	20	1	6	1	2	4	8	16	32	69	291
334	-39.537	17.082	11	5	1	6	1	2	4	8	16	32	266	502
335	-0.326	21.885	19	24	1	6	1	2	4	8	16	32	96	279
336	55.316	-50.975	1	1	1	6	1	2	4	8	16	32	216	403
337	54.429	-37.561	6	18	1	6	1	2	4	8	16	32	212	546
338	-73.911	29.639	23	16	1	6	1	2	4	8	16	32	168	411
339	35.748	-82.187	17	20	1	6	1	2	4	8	16	32	78	345
340	58.624	36.732	16	4	1	6	1	2	4	8	16	32	149	497
341	-97.904	-67.77	1	3	1	6	1	2	4	8	16	32	286	466
342	82.049	11.889	5	10	1	6	1	2	4	8	16	32	119	340
343	27.552	-71.304	4	9	1	6	1	2	4	8	16	32	201	437
344	-68.397	26.445	23	24	1	6	1	2	4	8	16	32	280	576
345	-1.506	26.509	18	22	1	6	1	2	4	8	16	32	171	407
346	18.466	-52.826	14	9	1	6	1	2	4	8	16	32	238	532
347	-17.836	83.8	11	19	1	6	1	2	4	8	16	32	129	408
348	78.547	30.537	4	7	1	6	1	2	4	8	16	32	61	318
349	-81.505	79.09	7	19	1	6	1	2	4	8	16	32	201	498
350	-81.554	74.666	6	21	1	6	1	2	4	8	16	32	300	656
351	-47.398	-83.47	19	2	1	6	1	2	4	8	16	32	135	435
352	-2.507	-72.084	16	13	1	6	1	2	4	8	16	32	159	508
353	-16.36	99.113	18	22	1	6	1	2	4	8	16	32	69	270
354	-49.633	-42.145	18	12	1	6	1	2	4	8	16	32	72	356
355	77.193	-90.581	7	9	1	6	1	2	4	8	16	32	156	485
356	-37.834	-84.422	23	20	1	6	1	2	4	8	16	32	162	439
357	74.247	-48.119	25	10	1	6	1	2	4	8	16	32	287	479
358	16.36	-18.325	20	1	1	6	1	2	4	8	16	32	280	490
359	73.656	-39.008	21	11	1	6	1	2	4	8	16	32	135	391
360	-21.892	84.581	16	20	1	6	1	2	4	8	16	32	218	493
361	-11.789	-18.976	11	5	1	6	1	2	4	8	16	32	296	544
362	-16.962	43.168	19	9	1	6	1	2	4	8	16	32	72	349
363	-83.289	-56.239	1	19	1	6	1	2	4	8	16	32	137	345
364	67.037	4.975	4	4	1	6	1	2	4	8	16	32	299	567
365	-29.358	-85.877	19	13	1	6	1	2	4	8	16	32	194	464
366	-57.893	-88.917	22	15	1	6	1	2	4	8	16	32	124	343
367	-88.691	4.523	13	22	1	6	1	2	4	8	16	32	185	524
368	49.394	1.532	21	11	1	6	1	2	4	8	16	32	125	476
369	1.442	-23.599	19	11	1	6	1	2	4	8	16	32	282	607
370	19.846	-31.792	10	2	1	6	1	2	4	8	16	32	239	521
371	-81.837	67.918	22	4	1	6	1	2	4	8	16	32	293	627
372	57.841	10.655	19	16	1	6	1	2	4	8	16	32	291	535
373	-61.91	6.282	3	3	1	6	1	2	4	8	16	32	136	339
374	0.556	-36.577	20	9	1	6	1	2	4	8	16	32	183	464
375	-61.624	38.528	22	6	1	6	1	2	4	8	16	32	183	519
376	-38.309	-90.507	11	19	1	6	1	2	4	8	16	32	148	452
377	-98.35	-91.793	16	7	1	6	1	2	4	8	16	32	297	514
378	17.601	-11.336	9	20	1	6	1	2	4	8	16	32	198	378
379	87.995	8.526	14	14	1	6	1	2	4	8	16	32	298	484
380	-82.823	-57.76	25	20	1	6	1	2	4	8	16	32	297	542
381	43.5	-44.233	6	2	1	6	1	2	4	8	16	32	75	356
382	-85.31	-22.107	8	20	1	6	1	2	4	8	16	32	76	348
383	-99.301	-33.313	22	8	1	6	1	2	4	8	16	32	176	463
384	-9.558	-4.78	16	10	1	6	1	2	4	8	16	32	208	394
385	-3.536	52.261	12	6	1	6	1	2	4	8	16	32	261	535
386	-31.742	61.593	4	7	1	6	1	2	4	8	16	32	108	333
387	-69.25	84.881	12	2	1	6	1	2	4	8	16	32	164	429
388	2.1	-20.161	24	15	1	6	1	2	4	8	16	32	134	343
389	97.266	14.248	22	25	1	6	1	2	4	8	16	32	99	410
390	-13.831	-90.172	22	25	1	6	1	2	4	8	16	32	255	539
391	60.366	-70.903	7	11	1	6	1	2	4	8	16	32	176	514
392	51.401	-9.408	4	11	1	6	1	2	4	8	16	32	209	425
393	83.059	63.785	11	8	1	6	1	2	4	8	16	32	293	649
394	50.318	-50.419	11	2	1	6	1	2	4	8	16	32	202	424
395	67.298	73.711	2	19	1	6	1	2	4	8	16	32	130	401
396	29.476	-18.334	14	12	1	6	1	2	4	8	16	32	68	265
397	-56.177	48.002	17	20	1	6	1	2	4	8	16	32	148	490
398	-73.613	-23.673	1	12	1	6	1	2	4	8	16	32	134	357
399	49.143	-59.275	16	6	1	6	1	2	4	8	16	32	282	616
400	37.508	99.189	3	18	1	6	1	2	4	8	16	32	178	404
401	55.565	89.13	2	25	1	6	1	2	4	8	16	32	260	469
402	-37.53	52.127	18	14	1	6	1	2	4	8	16	32	286	585
403	-41.782	80.566	6	7	1	6	1	2	4	8	16	32	68	301
404	-67.887	-47.081	5	6	1	6	1	2	4	8	16	32	61	268
405	-71.875	64.92	19	13	1	6	1	2	4	8	16	32	274	459
406	30.537	16.541	12	20	1	6	1	2	4	8	16	32	199	417
407	5.429	-36.924	21	12	1	6	1	2	4	8	16	32	108	376
408	-19.466	-94.773	19	12	1	6	1	2	4	8	16	32	68	265
409	94.995	37.283	8	25	1	6	1	2	4	8	16	32	173	470
410	-59.284	-51.669	21	4	1	6	1	2	4	8	16	32	226	545
411	83.677	-37.87	21	20	1	6	1	2	4	8	16	32	196	411
412	-31.282	76.958	25	3	1	6	1	2	4	8	16	32	184	477
413	-21.775	-62.707	1	4	1	6	1	2	4	8	16	32	253	589
414	-38.303	79.185	13	23	1	6	1	2	4	8	16	32	87	282
415	-65.405	-2.976	11	3	1	6	1	2	4	8	16	32	77	372
416	-42.148	-93.52	20	21	1	6	1	2	4	8	16	32	267	453
417	-45.922	64.594	13	15	1	6	1	2	4	8	16	32	105	408
418	20.708	52.909	4	9	1	6	1	2	4	8	16	32	254	547
419	39.221	-92.221	4	17	1	6	1	2	4	8	16	32	178	465
420	-16.407	-25.092	10	13	1	6	1	2	4	8	16	32	263	588
421	-88.039	99.59	13	9	1	6	1	2	4	8	16	32	288	611
422	44.941	-83.928	8	7	1	6	1	2	4	8	16	32	200	420
423	11.889	29.626	11	4	1	6	1	2	4	8	16	32	213	519
424	-87.778	-31.8	14	4	1	6	1	2	4	8	16	32	119	392
425	-23.326	-49.252	12	17	1	6	1	2	4	8	16	32	213	407
426	44.533	15.419	23	18	1	6	1	2	4	8	16	32	123	334
427	77.683	56.199	9	19	1	6	1	2	4	8	16	32	91	342
428	-99.186	69.319	19	5	1	6	1	2	4	8	16	32	164	475
429	70.024	-10.589	1	16	1	6	1	2	4	8	16	32	61	272
430	48.44	39.212	9	14	1	6	1	2	4	8	16	32	259	517
431	-10.537	-8.642	19	13	1	6	1	2	4	8	16	32	279	575
432	5.848	4.905	11	8	1	6	1	2	4	8	16	32	290	489
433	-82.654	41.072	10	12	1	6	1	2	4	8	16	32	196	403
434	-27.619	-79.653	6	7	1	6	1	2	4	8	16	32	119	349
435	50.121	54.521	2	18	1	6	1	2	4	8	16	32	271	601
436	70.688	27.688	3	8	1	6	1	2	4	8	16	32	73	395
437	-37.749	-28.9	16	25	1	6	1	2	4	8	16	32	198	519
438	68.157	66.833	4	7	1	6	1	2	4	8	16	32	275	551
439	-77.422	71.717	2	6	1	6	1	2	4	8	16	32	140	357
440	71.045	71.232	20	21	1	6	1	2	4	8	16	32	115	435
441	-19.769	39.49	12	3	1	6	1	2	4	8	16	32	83	352
442	-92.568	-64.347	4	20	1	6	1	2	4	8	16	32	251	587
443	22.94	-97.178	15	14	1	6	1	2	4	8	16	32	120	392
444	-96.173	8.074	11	12	1	6	1	2	4	8	16	32	72	432
445	17.682	-69.748	20	10	1	6	1	2	4	8	16	32	132	393
446	-57.768	39.715	4	17	1	6	1	2	4	8	16	32	79	369
447	-43.472	-70.011	12	23	1	6	1	2	4	8	16	32	208	388
448	76.019	-94.839	4	19	1	6	1	2	4	8	16	32	299	513
449	-25.947	-12.209	14	3	1	6	1	2	4	8	16	32	126	371
450	-63.408	-32.63	17	13	1	6	1	2	4	8	16	32	181	402
451	-27.557	30.459	9	7	1	6	1	2	4	8	16	32	228	574
452	82.636	42.331	10	7	1	6	1	2	4	8	16	32	230	490
453	-99.622	-10.417	11	10	1	6	1	2	4	8	16	32	292	493
454	-96.408	-90.976	9	19	1	6	1	2	4	8	16	32	64	402
455	75.591	33.895	23	2	1	6	1	2	4	8	16	32	287	564
456	-97.661	-68.98	25	1	1	6	1	2	4	8	16	32	299	526
457	78.338	95.216	25	19	1	6	1	2	4	8	16	32	173	513
458	64.916	75.631	16	19	1	6	1	2	4	8	16	32	116	338
459	-97.571	40.149	23	13	1	6	1	2	4	8	16	32	294	644
460	-41.943	75.364	7	10	1	6	1	2	4	8	16	32	180	495
461	-93.925	11.645	5	17	1	6	1	2	4	8	16	32	271	576
462	56.102	-95.681	18	10	1	6	1	2	4	8	16	32	124	317
463	16.477	-25.814	11	18	1	6	1	2	4	8	16	32	172	493
464	-42.382	76.447	10	3	1	6	1	2	4	8	16	32	264	484
465	-44.745	78.318	13	12	1	6	1	2	4	8	16	32	100	328
466	-70.17	-50.321	6	7	1	6	1	2	4	8	16	32	145	367
467	43.628	6.119	7	9	1	6	1	2	4	8	16	32	119	435
468	55.957	-58.153	18	20	1	6	1	2	4	8	16	32	129	457
469	20.394	34.159	1	20	1	6	1	2	4	8	16	32	254	613
470	-80.586	-94.243	12	21	1	6	1	2	4	8	16	32	113	385
471	-72.56	99.292	6	15	1	6	1	2	4	8	16	32	274	464
472	88.007	15.369	4	7	1	6	1	2	4	8	16	32	266	575
473	-48.437	-54.38	23	22	1	6	1	2	4	8	16	32	209	530
474	-99.368	18.267	7	19	1	6	1	2	4	8	16	32	158	439
475	28.532	-88.483	9	16	1	6	1	2	4	8	16	32	228	560
476	98.434	-83.286	22	21	1	6	1	2	4	8	16	32	71	277
477	-92.193	-55.04	3	4	1	6	1	2	4	8	16	32	257	514
478	-1.879	36.763	3	20	1	6	1	2	4	8	16	32	181	460
479	68.398	33.017	15	3	1	6	1	2	4	8	16	32	295	620
480	-59.529	76.935	16	24	1	6	1	2	4	8	16	32	248	509
481	59.374	43.436	24	2	1	6	1	2	4	8	16	32	193	513
482	-21.933	27.263	25	13	1	6	1	2	4	8	16	32	128	472
483	-76.104	59.656	16	25	1	6	1	2	4	8	16	32	246	540
484	-80.412	18.087	9	20	1	6	1	2	4	8	16	32	201	393
485	30.871	-61.571	1	17	1	6	1	2	4	8	16	32	233	466
486	88.587	96.736	4	23	1	6	1	2	4	8	16	32	192	385
487	7.128	81.991	14	5	1	6	1	2	4	8	16	32	115	338
488	-90.995	-67.043	15	1	1	6	1	2	4	8	16	32	88	417
489	-4.581	57.715	5	4	1	6	1	2	4	8	16	32	175	396
490	-89.568	97.849	7	9	1	6	1	2	4	8	16	32	266	594
491	-27.695	23.315	1	7	1	6	1	2	4	8	16	32	281	569
492	23.934	8.48	1	13	1	6	1	2	4	8	16	32	75	389
493	4.498	92.682	4	2	1	6	1	2	4	8	16	32	256	611
494	90.895	44.75	25	9	1	6	1	2	4	8	16	32	98	439
495	53.032	-15.794	2	6	1	6	1	2	4	8	16	32	292	601
496	-94.632	-37.316	25	4	1	6	1	2	4	8	16	32	121	451
497	83.173	0.908	20	4	1	6	1	2	4	8	16	32	234	594
498	-53.805	-22.039	5	23	1	6	1	2	4	8	16	32	257	558
499	-69.111	28.013	15	25	1	6	1	2	4	8	16	32	179	381
500	-25.602	-82.965	3	24	1	6	1	2	4	8	16	32	285	499
501	81.065	92.421	14	20	1	6	1	2	4	8	16	32	116	431
502	-60.961	57.279	6	18	1	6	1	2	4	8	16	32	297	624
503	-7.482	97.751	20	24	1	6	1	2	4	8	16	32	109	386
504	-13.912	-57.282	6	8	1	6	1	2	4	8	16	32	277	619
505	-34.426	-48.883	15	18	1	6	1	2	4	8	16	32	90	450
506	52.381	47.645	17	2	1	6	1	2	4	8	16	32	173	409
507	-38.001	3.211	15	24	1	6	1	2	4	8	16	32	162	346
508	-83.29	-97.839	1	9	1	6	1	2	4	8	16	32	257	520
509	76.956	-87.147	3	2	1	6	1	2	4	8	16	32	247	605
510	71.79	-23.471	2	8	1	6	1	2	4	8	16	32	76	319
511	-18.26	67.64	22	24	1	6	1	2	4	8	16	32	82	354
512	-45.884	82.377	24	10	1	6	1	2	4	8	16	32	131	442
513	45.182	-13.815	9	5	1	6	1	2	4	8	16	32	214	444
514	-16.579	-91.529	5	4	1	6	1	2	4	8	16	32	264	612
515	79.309	-48.181	11	20	1	6	1	2	4	8	16	32	183	512
516	-22.648	-80.734	15	8	1	6	1	2	4	8	16	32	131	365
517	48.55	-77.742	6	24	1	6	1	2	4	8	16	32	285	495
518	66.838	44.888	17	18	1	6	1	2	4	8	16	32	179	483
519	-84.768	-79.497	3	16	1	6	1	2	4	8	16	32	184	393
520	-52.882	42.124	22	20	1	6	1	2	4	8	16	32	143	452
521	91.457	8.581	19	15	1	6	1	2	4	8	16	32	270	617
522	-70.771	44.683	6	16	1	6	1	2	4	8	16	32	91	450
523	-38.296	70.884	25	13	1	6	1	2	4	8	16	32	120	399
524	78.806	77.5	7	2	1	6	1	2	4	8	16	32	248	573
525	-17.485	-94.26	18	4	1	6	1	2	4	8	16	32	225	497
526	3.023	31.798	13	14	1	6	1	2	4	8	16	32	195	394
527	16.812	-55.327	17	19	1	6	1	2	4	8	16	32	268	454
528	25.24	-84.17	19	7	1	6	1	2	4	8	16	32	234	417
529	-82.696	-57.59	22	12	1	6	1	2	4	8	16	32	226	487
530	-27.46	61.856	22	20	1	6	1	2	4	8	16	32	183	478
531	-86.587	80.24	2	7	1	6	1	2	4	8	16	32	68	347
532	-34.357	20.982	3	9	1	6	1	2	4	8	16	32	81	288
533	95.827	-61.133	5	11	1	6	1	2	4	8	16	32	289	500
534	-85.297	79.473	20	25	1	6	1	2	4	8	16	32	228	489
535	13.355	-27.539	16	9	1	6	1	2	4	8	16	32	147	357
536	-96.872	35.735	9	11	1	6	1	2	4	8	16	32	269	507
537	-62.539	45.069	20	7	1	6	1	2	4	8	16	32	264	490
538	92.63	-37.475	2	9	1	6	1	2	4	8	16	32	232	414
539	-69.398	32.868	9	8	1	6	1	2	4	8	16	32	111	422
540	43.035	78.401	6	4	1	6	1	2	4	8	16	32	125	349
541	-78.774	-97.845	21	18	1	6	1	2	4	8	16	32	110	429
542	63.122	-28.211	7	23	1	6	1	2	4	8	16	32	67	396
543	-50.127	-7.132	25	1	1	6	1	2	4	8	16	32	171	468
544	67.502	-4.767	6	16	1	6	1	2	4	8	16	32	71	319
545	87.95	68.081	14	2	1	6	1	2	4	8	16	32	227	502
546	19.967	-6.369	3	9	1	6	1	2	4	8	16	32	220	439
547	77.513	37.872	13	22	1	6	1	2	4	8	16	32	253	466
548	-30.657	-37.889	18	20	1	6	1	2	4	8	16	32	151	502
549	-32.922	-57.05	23	9	1	6	1	2	4	8	16	32	115	393
550	-88.654	67.289	11	20	1	6	1	2	4	8	16	32	136	362
551	-70.256	81.637	18	6	1	6	1	2	4	8	16	32	163	448
552	78.346	73.703	5	23	1	6	1	2	4	8	16	32	208	472
553	-84.333	-80.772	11	6	1	6	1	2	4	8	16	32	122	344
554	-36.57	-23.585	24	8	1	6	1	2	4	8	16	32	176	450
555	-3.343	96.136	14	13	1	6	1	2	4	8	16	32	274	537
556	-27.868	27.847	2	18	1	6	1	2	4	8	16	32	179	394
557	22.987	11.002	13	4	1	6	1	2	4	8	16	32	108	318
558	-40.126	83.374	12	14	1	6	1	2	4	8	16	32	194	531
559	93.385	-75.927	17	16	1	6	1	2	4	8	16	32	188	420
560	-70.184	-69.884	22	13	1	6	1	2	4	8	16	32	252	453
561	-76.195	78.467	12	15	1	6	1	2	4	8	16	32	270	540
562	-70.312	-96.751	20	2	1	6	1	2	4	8	16	32	116	423
563	-17.638	95.431	7	11	1	6	1	2	4	8	16	32	131	406
564	-89.402	6.426	15	16	1	6	1	2	4	8	16	32	230	545
565	92.973	27.36	2	20	1	6	1	2	4	8	16	32	259	609
566	53.399	-12.485	7	12	1	6	1	2	4	8	16	32	262	566
567	-97.435	-41.61	13	2	1	6	1	2	4	8	16	32	155	418
568	-49.654	-55.233	17	4	1	6	1	2	4	8	16	32	246	466
569	-11.199	-83.05	13	1	1	6	1	2	4	8	16	32	264	562
570	-82.244	-83.4	19	3	1	6	1	2	4	8	16	32	66	326
571	-26.095	57.655	8	12	1	6	1	2	4	8	16	32	287	537
572	-49.244	93.869	21	22	1	6	1	2	4	8	16	32	72	390
573	-54.417	55.83	17	24	1	6	1	2	4	8	16	32	223	419
574	53.013	-63.241	7	9	1	6	1	2	4	8	16	32	201	412
575	51.548	90.756	17	6	1	6	1	2	4	8	16	32	238	529
576	-83.565	84.086	20	7	1	6	1	2	4	8	16	32	160	424
577	-80.13	3.963	22	11	1	6	1	2	4	8	16	32	81	388
578	-91.688	14.637	14	21	1	6	1	2	4	8	16	32	244	441
579	-1.964	-4.737	15	7	1	6	1	2	4	8	16	32	245	491
580	-20.578	-7.082	6	16	1	6	1	2	4	8	16	32	271	627
581	-55.77	18.579	14	23	1	6	1	2	4	8	16	32	265	606
582	73.503	91.074	14	15	1	6	1	2	4	8	16	32	155	372
583	72.24	56.12	16	18	1	6	1	2	4	8	16	32	201	491
584	-45.032	42.513	23	6	1	6	1	2	4	8	16	32	244	591
585	30.536	-85.699	19	17	1	6	1	2	4	8	16	32	272	473
586	65.113	87.452	24	19	1	6	1	2	4	8	16	32	206	388
587	26.49	-78.842	12	16	1	6	1	2	4	8	16	32	124	472
588	-22.337	42.121	19	19	1	6	1	2	4	8	16	32	112	304
589	84.538	-60.209	25	8	1	6	1	2	4	8	16	32	111	450
590	50.983	93.897	13	5	1	6	1	2	4	8	16	32	64	375
591	67.771	-41.162	12	13	1	6	1	2	4	8	16	32	173	449
592	-26.761	-11.111	25	1	1	6	1	2	4	8	16	32	169	413
593	72.466	55.413	7	15	1	6	1	2	4	8	16	32	196	381
594	-10.946	-81.136	25	10	1	6	1	2	4	8	16	32	91	294
595	88.799	4.174	5	21	1	6	1	2	4	8	16	32	114	424
596	95.111	84.526	8	3	1	6	1	2	4	8	16	32	297	551
597	-15.398	70.27	9	15	1	6	1	2	4	8	16	32	166	408
598	34.859	3.087	8	21	1	6	1	2	4	8	16	32	69	255
599	-72.079	-63.477	2	7	1	6	1	2	4	8	16	32	226	479
600	-7.708	63.376	1	5	1	6	1	2	4	8	16	32	256	446
601	38.759	-76.813	17	22	1	6	1	2	4	8	16	32	145	353
602	-7.31	-17.889	9	19	1	6	1	2	4	8	16	32	218	476
603	46.213	58.74	25	22	1	6	1	2	4	8	16	32	180	438
604	15.571	-24.527	14	18	1	6	1	2	4	8	16	32	93	437
605	89.007	15.6	3	7	1	6	1	2	4	8	16	32	295	540
606	8.629	6.921	17	10	1	6	1	2	4	8	16	32	93	340
607	-87.182	89.72	22	8	1	6	1	2	4	8	16	32	102	442
608	-60.518	48.371	25	7	1	6	1	2	4	8	16	32	120	473
609	-87.307	95.3	25	3	1	6	1	2	4	8	16	32	95	361
610	44.515	-15.86	11	12	1	6	1	2	4	8	16	32	187	474
611	47.418	60.176	4	6	1	6	1	2	4	8	16	32	208	477
612	40.465	-28.865	12	15	1	6	1	2	4	8	16	32	145	325
613	-25.052	57.65	17	14	1	6	1	2	4	8	16	32	103	457
614	-19.842	-88.066	13	3	1	6	1	2	4	8	16	32	259	470
615	8.498	21.597	10	9	1	6	1	2	4	8	16	32	132	417
616	-4.075	-57.002	16	17	1	6	1	2	4	8	16	32	240	451
617	-98.297	-26.045	6	21	1	6	1	2	4	8	16	32	169	461
618	-27.286	12.747	5	11	1	6	1	2	4	8	16	32	142	335
619	-30.609	-58.8	8	25	1	6	1	2	4	8	16	32	284	613
620	8.692	-91.843	6	2	1	6	1	2	4	8	16	32	255	491
621	65.178	-5.969	18	21	1	6	1	2	4	8	16	32	288	481
622	54.953	-96.962	17	5	1	6	1	2	4	8	16	32	254	557
623	-97.103	58.234	17	17	1	6	1	2	4	8	16	32	79	402
624	97.477	81.35	20	5	1	6	1	2	4	8	16	32	254	568
625	99.274	-85.273	2	12	1	6	1	2	4	8	16	32	99	375
626	-92.125	-39.229	7	6	1	6	1	2	4	8	16	32	145	470
627	-80.296	99.275	11	9	1	6	1	2	4	8	16	32	155	493
628	-4.521	89.601	11	11	1	6	1	2	4	8	16	32	67	403
629	96.536	-32.462	24	20	1	6	1	2	4	8	16	32	203	430
630	89.958	60.167	21	21	1	6	1	2	4	8	16	32	163	431
631	-21.204	34.464	23	2	1	6	1	2	4	8	16	32	78	347
632	-92.189	42.041	13	12	1	6	1	2	4	8	16	32	167	496
633	26.647	-63.615	13	21	1	6	1	2	4	8	16	32	160	507
634	40.766	99.974	21	6	1	6	1	2	4	8	16	32	247	442
635	4.379	-64.345	21	24	1	6	1	2	4	8	16	32	181	493
636	63.061	-96.523	7	24	1	6	1	2	4	8	16	32	187	545
637	98.325	25.41	1	18	1	6	1	2	4	8	16	32	239	508
638	-56.628	29.761	21	22	1	6	1	2	4	8	16	32	74	263
639	56.193	57.227	23	12	1	6	1	2	4	8	16	32	71	369
640	45.472	-99.471	15	15	1	6	1	2	4	8	16	32	114	455
641	-60.104	-51.658	25	21	1	6	1	2	4	8	16	32	137	370
642	-80.829	-63.209	5	11	1	6	1	2	4	8	16	32	114	425
643	40.768	50.552	20	17	1	6	1	2	4	8	16	32	222	562
644	-98.795	-32.312	14	15	1	6	1	2	4	8	16	32	179	403
645	7.254	68.995	3	13	1	6	1	2	4	8	16	32	214	574
646	18.751	60.037	3	12	1	6	1	2	4	8	16	32	180	399
647	-86.017	49.064	2	23	1	6	1	2	4	8	16	32	121	431
648	23.47	90.202	2	20	1	6	1	2	4	8	16	32	168	473
649	4.737	-5.327	8	1	1	6	1	2	4	8	16	32	289	531
650	-61.012	-46.769	7	20	1	6	1	2	4	8	16	32	261	477
651	52.708	44.977	9	1	1	6	1	2	4	8	16	32	252	508
652	-94.753	93.277	6	15	1	6	1	2	4	8	16	32	201	423
653	-83.249	49.102	8	19	1	6	1	2	4	8	16	32	156	412
654	-17.236	75.374	20	8	1	6	1	2	4	8	16	32	180	454
655	-36.693	7.705	18	23	1	6	1	2	4	8	16	32	251	502
656	-46.207	15.097	8	13	1	6	1	2	4	8	16	32	62	267
657	-6.468	-91.945	16	18	1	6	1	2	4	8	16	32	130	450
658	-51.296	-15.225	12	22	1	6	1	2	4	8	16	32	299	484
659	-6.889	-49.82	14	9	1	6	1	2	4	8	16	32	232	590
660	-89.393	-96.668	3	18	1	6	1	2	4	8	16	32	127	414
661	19.356	-7.406	7	14	1	6	1	2	4	8	16	32	153	407
662	-2.372	24.513	15	1	1	6	1	2	4	8	16	32	160	407
663	-11.309	-9.908	21	25	1	6	1	2	4	8	16	32	104	383
664	-74.272	1.343	24	25	1	6	1	2	4	8	16	32	162	480
665	-21.771	-28.745	24	17	1	6	1	2	4	8	16	32	276	583
666	-73.34	94.352	8	16	1	6	1	2	4	8	16	32	190	516
667	95.052	0.394	11	24	1	6	1	2	4	8	16	32	299	614
668	62.608	-60.888	2	14	1	6	1	2	4	8	16	32	279	578
669	-51.504	99.99	1	16	1	6	1	2	4	8	16	32	110	399
670	-44.223	93.128	17	25	1	6	1	2	4	8	16	32	294	568
671	47.821	-11.473	19	25	1	6	1	2	4	8	16	32	298	518
672	-64.714	29.571	6	4	1	6	1	2	4	8	16	32	218	532
673	-23.929	3.157	14	24	1	6	1	2	4	8	16	32	167	388
674	-62.563	-45.039	17	6	1	6	1	2	4	8	16	32	226	547
675	46.004	-66.752	1	25	1	6	1	2	4	8	16	32	208	554
676	84.428	38.377	10	5	1	6	1	2	4	8	16	32	245	500
677	12.02	62.104	23	8	1	6	1	2	4	8	16	32	75	381
678	-50.426	-50.313	17	4	1	6	1	2	4	8	16	32	117	403
679	-28.652	-75.214	8	4	1	6	1	2	4	8	16	32	148	392
680	-72.342	-83.697	19	12	1	6	1	2	4	8	16	32	234	592
681	-83.853	61.193	23	22	1	6	1	2	4	8	16	32	211	426
682	-11.443	77.977	20	21	1	6	1	2	4	8	16	32	115	384
683	-92.898	37.233	3	11	1	6	1	2	4	8	16	32	157	501
684	-38.229	-35.867	16	8	1	6	1	2	4	8	16	32	66	248
685	-36.878	-96.437	7	9	1	6	1	2	4	8	16	32	117	350
686	-15.449	88.184	3	5	1	6	1	2	4	8	16	32	159	447
687	-48.313	75.371	1	6	1	6	1	2	4	8	16	32	215	459
688	0.269	-25.621	17	8	1	6	1	2	4	8	16	32	266	575
689	-25.088	71.701	14	17	1	6	1	2	4	8	16	32	238	531
690	11.896	-83.981	25	25	1	6	1	2	4	8	16	32	172	491
691	25.915	64.022	5	3	1	6	1	2	4	8	16	32	65	395
692	-33.555	-28.986	8	14	1	6	1	2	4	8	16	32	177	520
693	33.041	83.359	1	4	1	6	1	2	4	8	16	32	202	388
694	-59.485	-88.316	21	16	1	6	1	2	4	8	16	32	272	598
695	90.285	-92.028	4	12	1	6	1	2	4	8	16	32	274	499
696	43.353	81.992	13	11	1	6	1	2	4	8	16	32	176	376
697	52.495	-92.793	5	22	1	6	1	2	4	8	16	32	145	448
698	19.004	57.367	25	9	1	6	1	2	4	8	16	32	63	347
699	-53.581	69.173	11	4	1	6	1	2	4	8	16	32	235	484
700	-88.217	-96.166	5	16	1	6	1	2	4	8	16	32	204	523
701	44.306	-25.952	0	0	0	0	0	1000
702	-32.403	14.042	0	0	0	0	0	1000
703	37.663	13.769	0	0	0	0	0	1000
704	-15.104	12.111	0	0	0	0	0	1000
705	32.413	24.218	0	0	0	0	0	1000
706	10.846	-42.185	0	0	0	0	0	1000
