6 4 420 12
475 200
475 200
475 200
475 200
475 200
475 200
475 200
475 200
475 200
475 200
475 200
475 200
1	61.698	-53.092	25	25	1	12	1	2	4	8	16	32	64	128	256	512	1024	2048	274	599
2	-63.955	-22.283	3	2	1	12	1	2	4	8	16	32	64	128	256	512	1024	2048	197	420
3	75.778	-69.433	21	1	1	12	1	2	4	8	16	32	64	128	256	512	1024	2048	93	420
4	22.586	-83.907	14	14	1	12	1	2	4	8	16	32	64	128	256	512	1024	2048	251	545
5	-86.788	-27.145	18	5	1	12	1	2	4	8	16	32	64	128	256	512	1024	2048	154	504
6	-81.831	-39.166	14	4	1	12	1	2	4	8	16	32	64	128	256	512	1024	2048	216	412
7	19.863	24.925	16	7	1	12	1	2	4	8	16	32	64	128	256	512	1024	2048	96	371
8	-63.5	16.599	16	2	1	12	1	2	4	8	16	32	64	128	256	512	1024	2048	180	516
9	96.287	-67.422	17	15	1	12	1	2	4	8	16	32	64	128	256	512	1024	2048	157	452
10	46.465	82.227	22	13	1	12	1	2	4	8	16	32	64	128	256	512	1024	2048	235	492
11	94.992	-93.873	15	11	1	12	1	2	4	8	16	32	64	128	256	512	1024	2048	227	585
12	70.484	83.028	6	9	1	12	1	2	4	8	16	32	64	128	256	512	1024	2048	143	489
13	8.301	-97.197	17	11	1	12	1	2	4	8	16	32	64	128	256	512	1024	2048	173	509
14	84.535	83.563	16	11	1	12	1	2	4	8	16	32	64	128	256	512	1024	2048	236	561
15	-31.382	-53.353	10	25	1	12	1	2	4	8	16	32	64	128	256	512	1024	2048	70	377
16	-76.44	-30.377	24	13	1	12	1	2	4	8	16	32	64	128	256	512	1024	2048	276	507
17	98.978	24.314	16	2	1	12	1	2	4	8	16	32	64	128	256	512	1024	2048	145	369
18	72.157	-61.097	23	19	1	12	1	2	4	8	16	32	64	128	256	512	1024	2048	207	403
19	-52.145	-54.455	21	3	1	12	1	2	4	8	16	32	64	128	256	512	1024	2048	94	437
20	-82.192	-24.92	11	7	1	12	1	2	4	8	16	32	64	128	256	512	1024	2048	166	364
21	-34.223	-7.639	13	7	1	12	1	2	4	8	16	32	64	128	256	512	1024	2048	290	549
22	12.413	49.052	11	20	1	12	1	2	4	8	16	32	64	128	256	512	1024	2048	80	378
23	65.409	32.804	25	19	1	12	1	2	4	8	16	32	64	128	256	512	1024	2048	296	550
24	-49.305	-60.586	2	15	1	12	1	2	4	8	16	32	64	128	256	512	1024	2048	255	605
25	-89.514	-7.337	23	8	1	12	1	2	4	8	16	32	64	128	256	512	1024	2048	116	441
26	79.734	34.981	16	11	1	12	1	2	4	8	16	32	64	128	256	512	1024	2048	177	523
27	-92.319	13.061	11	6	1	12	1	2	4	8	16	32	64	128	256	512	1024	2048	298	519
28	-22	55.634	6	9	1	12	1	2	4	8	16	32	64	128	256	512	1024	2048	79	330
29	57.728	78.306	19	3	1	12	1	2	4	8	16	32	64	128	256	512	1024	2048	228	521
30	-91.824	-57.099	23	7	1	12	1	2	4	8	16	32	64	128	256	512	1024	2048	117	433
31	-17.173	-57.77	6	13	1	12	1	2	4	8	16	32	64	128	256	512	1024	2048	213	520
32	98.536	74.341	10	2	1	12	1	2	4	8	16	32	64	128	256	512	1024	2048	199	503
33	80.134	-34.37	8	6	1	12	1	2	4	8	16	32	64	128	256	512	1024	2048	162	439
34	-81.105	63.758	25	11	1	12	1	2	4	8	16	32	64	128	256	512	1024	2048	223	518
35	72.739	-98.718	24	18	1	12	1	2	4	8	16	32	64	128	256	512	1024	2048	224	491
36	-96.412	72.897	15	9	1	12	1	2	4	8	16	32	64	128	256	512	1024	2048	129	407
37	19.351	83.622	18	23	1	12	1	2	4	8	16	32	64	128	256	512	1024	2048	285	565
38	-95.833	32.825	20	15	1	12	1	2	4	8	16	32	64	128	256	512	1024	2048	276	477
39	32.024	-65.238	7	20	1	12	1	2	4	8	16	32	64	128	256	512	1024	2048	180	387
40	-59.011	49.719	23	14	1	12	1	2	4	8	16	32	64	128	256	512	1024	2048	207	517
41	-21.061	-62.843	19	3	1	12	1	2	4	8	16	32	64	128	256	512	1024	2048	80	349
42	-51.674	-88.581	8	8	1	12	1	2	4	8	16	32	64	128	256	512	1024	2048	206	490
43	24.641	-77.076	5	21	1	12	1	2	4	8	16	32	64	128	256	512	1024	2048	85	361
44	-83.013	88.023	20	15	1	12	1	2	4	8	16	32	64	128	256	512	1024	2048	143	381
45	50.435	-81.865	6	8	1	12	1	2	4	8	16	32	64	128	256	512	1024	2048	144	443
46	-49.351	11.697	2	15	1	12	1	2	4	8	16	32	64	128	256	512	1024	2048	277	555
47	-64.821	-42.687	3	11	1	12	1	2	4	8	16	32	64	128	256	512	1024	2048	226	437
48	78.986	5.467	10	7	1	12	1	2	4	8	16	32	64	128	256	512	1024	2048	230	494
49	49.127	95.298	19	18	1	12	1	2	4	8	16	32	64	128	256	512	1024	2048	265	505
50	12.855	-5.226	4	12	1	12	1	2	4	8	16	32	64	128	256	512	1024	2048	72	331
51	-18.273	68.258	9	3	1	12	1	2	4	8	16	32	64	128	256	512	1024	2048	254	509
52	0.272	-24.782	8	20	1	12	1	2	4	8	16	32	64	128	256	512	1024	2048	117	438
53	92.088	-82.543	4	7	1	12	1	2	4	8	16	32	64	128	256	512	1024	2048	231	476
54	92.321	-12.63	3	25	1	12	1	2	4	8	16	32	64	128	256	512	1024	2048	263	575
55	87.652	-81.329	22	7	1	12	1	2	4	8	16	32	64	128	256	512	1024	2048	291	547
56	94.671	-55.65	15	24	1	12	1	2	4	8	16	32	64	128	256	512	1024	2048	148	425
57	-73.793	62.268	3	4	1	12	1	2	4	8	16	32	64	128	256	512	1024	2048	115	334
58	77.979	-47.487	2	20	1	12	1	2	4	8	16	32	64	128	256	512	1024	2048	141	418
59	-50.435	-72.255	13	17	1	12	1	2	4	8	16	32	64	128	256	512	1024	2048	241	580
60	-88.727	11.618	4	3	1	12	1	2	4	8	16	32	64	128	256	512	1024	2048	100	382
61	-98.309	-98.872	4	1	1	12	1	2	4	8	16	32	64	128	256	512	1024	2048	242	441
62	-80.669	14.506	20	1	1	12	1	2	4	8	16	32	64	128	256	512	1024	2048	279	472
63	-40.123	-34.209	25	9	1	12	1	2	4	8	16	32	64	128	256	512	1024	2048	111	424
64	18.178	45.924	25	20	1	12	1	2	4	8	16	32	64	128	256	512	1024	2048	252	442
65	-33.767	-26.121	14	1	1	12	1	2	4	8	16	32	64	128	256	512	1024	2048	172	443
66	-0.83	24.55	14	1	1	12	1	2	4	8	16	32	64	128	256	512	1024	2048	195	435
67	71.51	-76.041	24	8	1	12	1	2	4	8	16	32	64	128	256	512	1024	2048	166	366
68	-93.487	-8.037	20	20	1	12	1	2	4	8	16	32	64	128	256	512	1024	2048	300	494
69	-62.462	36.497	18	14	1	12	1	2	4	8	16	32	64	128	256	512	1024	2048	197	470
70	33.705	-24.84	3	4	1	12	1	2	4	8	16	32	64	128	256	512	1024	2048	297	653
71	-97.518	-51.281	11	14	1	12	1	2	4	8	16	32	64	128	256	512	1024	2048	94	365
72	-77.523	-69.189	19	17	1	12	1	2	4	8	16	32	64	128	256	512	1024	2048	300	595
73	-66.109	-92.951	10	23	1	12	1	2	4	8	16	32	64	128	256	512	1024	2048	108	335
74	29.145	75.018	22	5	1	12	1	2	4	8	16	32	64	128	256	512	1024	2048	113	322
75	-43.613	98.877	1	22	1	12	1	2	4	8	16	32	64	128	256	512	1024	2048	112	378
76	-13.693	-77.74	12	14	1	12	1	2	4	8	16	32	64	128	256	512	1024	2048	189	499
77	-29.092	-73.952	4	15	1	12	1	2	4	8	16	32	64	128	256	512	1024	2048	101	284
78	-59.931	79.215	22	13	1	12	1	2	4	8	16	32	64	128	256	512	1024	2048	276	626
79	63.509	81.027	9	20	1	12	1	2	4	8	16	32	64	128	256	512	1024	2048	98	335
80	89.689	-76.777	21	21	1	12	1	2	4	8	16	32	64	128	256	512	1024	2048	200	544
81	25.765	-63.018	24	21	1	12	1	2	4	8	16	32	64	128	256	512	1024	2048	298	649
82	87.684	72.051	8	21	1	12	1	2	4	8	16	32	64	128	256	512	1024	2048	237	565
83	60.187	-44.204	12	5	1	12	1	2	4	8	16	32	64	128	256	512	1024	2048	212	522
84	-23.442	91.116	13	3	1	12	1	2	4	8	16	32	64	128	256	512	1024	2048	62	278
85	40.372	89.616	11	8	1	12	1	2	4	8	16	32	64	128	256	512	1024	2048	256	465
86	-75.122	-17.393	2	13	1	12	1	2	4	8	16	32	64	128	256	512	1024	2048	107	338
87	73.83	75.837	25	20	1	12	1	2	4	8	16	32	64	128	256	512	1024	2048	87	401
88	-74.374	86.281	20	7	1	12	1	2	4	8	16	32	64	128	256	512	1024	2048	157	355
89	-37.843	-84.149	21	13	1	12	1	2	4	8	16	32	64	128	256	512	1024	2048	116	423
90	19.354	-7.134	10	15	1	12	1	2	4	8	16	32	64	128	256	512	1024	2048	232	538
91	50.717	81.312	6	14	1	12	1	2	4	8	16	32	64	128	256	512	1024	2048	275	462
92	-73.54	-59.72	10	11	1	12	1	2	4	8	16	32	64	128	256	512	1024	2048	268	595
93	-28.217	-93.019	4	5	1	12	1	2	4	8	16	32	64	128	256	512	1024	2048	193	523
94	-19.089	57.813	24	23	1	12	1	2	4	8	16	32	64	128	256	512	1024	2048	178	530
95	19.923	-91.844	17	7	1	12	1	2	4	8	16	32	64	128	256	512	1024	2048	148	459
96	47.511	-84.832	23	24	1	12	1	2	4	8	16	32	64	128	256	512	1024	2048	111	381
97	-16.981	69.551	4	3	1	12	1	2	4	8	16	32	64	128	256	512	1024	2048	144	492
98	-18.664	33.174	13	9	1	12	1	2	4	8	16	32	64	128	256	512	1024	2048	70	422
99	-67.235	91.064	6	21	1	12	1	2	4	8	16	32	64	128	256	512	1024	2048	251	547
100	28.908	73.689	22	20	1	12	1	2	4	8	16	32	64	128	256	512	1024	2048	192	382
101	44.676	-84.053	1	16	1	12	1	2	4	8	16	32	64	128	256	512	1024	2048	283	510
102	8.477	-9.628	14	9	1	12	1	2	4	8	16	32	64	128	256	512	1024	2048	205	565
103	-60.378	-13.467	20	6	1	12	1	2	4	8	16	32	64	128	256	512	1024	2048	66	271
104	-23.535	-46.021	12	16	1	12	1	2	4	8	16	32	64	128	256	512	1024	2048	231	530
105	16.938	-65.821	10	21	1	12	1	2	4	8	16	32	64	128	256	512	1024	2048	240	573
106	83.435	-63.765	1	15	1	12	1	2	4	8	16	32	64	128	256	512	1024	2048	158	494
107	-60.326	-81.289	13	22	1	12	1	2	4	8	16	32	64	128	256	512	1024	2048	197	417
108	-51.889	-69.908	21	24	1	12	1	2	4	8	16	32	64	128	256	512	1024	2048	281	618
109	-15.767	-87.689	20	2	1	12	1	2	4	8	16	32	64	128	256	512	1024	2048	186	401
110	97.014	54.023	11	25	1	12	1	2	4	8	16	32	64	128	256	512	1024	2048	71	359
111	65.406	-79.043	13	5	1	12	1	2	4	8	16	32	64	128	256	512	1024	2048	200	469
112	-43.499	74.997	9	20	1	12	1	2	4	8	16	32	64	128	256	512	1024	2048	265	458
113	60.211	86.287	2	9	1	12	1	2	4	8	16	32	64	128	256	512	1024	2048	206	514
114	-0.885	-96.702	23	17	1	12	1	2	4	8	16	32	64	128	256	512	1024	2048	113	303
115	37.168	75.667	17	2	1	12	1	2	4	8	16	32	64	128	256	512	1024	2048	164	361
116	-15.723	-86.624	25	19	1	12	1	2	4	8	16	32	64	128	256	512	1024	2048	84	407
117	-11.834	23.295	16	23	1	12	1	2	4	8	16	32	64	128	256	512	1024	2048	229	477
118	-55.227	-43.313	18	13	1	12	1	2	4	8	16	32	64	128	256	512	1024	2048	211	543
119	-47.345	32.97	19	23	1	12	1	2	4	8	16	32	64	128	256	512	1024	2048	260	600
120	-69.543	2.916	1	6	1	12	1	2	4	8	16	32	64	128	256	512	1024	2048	184	414
121	-29.019	40.365	1	21	1	12	1	2	4	8	16	32	64	128	256	512	1024	2048	106	371
122	-2.71	93.995	6	2	1	12	1	2	4	8	16	32	64	128	256	512	1024	2048	233	524
123	-43.454	90.189	9	12	1	12	1	2	4	8	16	32	64	128	256	512	1024	2048	104	425
124	88.091	11.886	25	11	1	12	1	2	4	8	16	32	64	128	256	512	1024	2048	119	335
125	7.563	-98.034	19	3	1	12	1	2	4	8	16	32	64	128	256	512	1024	2048	96	335
126	-54.865	-79.097	17	19	1	12	1	2	4	8	16	32	64	128	256	512	1024	2048	280	573
127	-77.274	-43.105	3	4	1	12	1	2	4	8	16	32	64	128	256	512	1024	2048	253	527
128	-84.757	81.79	18	17	1	12	1	2	4	8	16	32	64	128	256	512	1024	2048	201	469
129	-2.629	-67.495	23	9	1	12	1	2	4	8	16	32	64	128	256	512	1024	2048	250	604
130	50.528	78.183	9	3	1	12	1	2	4	8	16	32	64	128	256	512	1024	2048	249	453
131	37.707	98.965	12	14	1	12	1	2	4	8	16	32	64	128	256	512	1024	2048	124	458
132	-95.286	62.158	12	18	1	12	1	2	4	8	16	32	64	128	256	512	1024	2048	171	479
133	-59.416	-6.597	17	16	1	12	1	2	4	8	16	32	64	128	256	512	1024	2048	96	334
134	13.186	91.277	24	16	1	12	1	2	4	8	16	32	64	128	256	512	1024	2048	215	434
135	-18.092	-60.229	13	23	1	12	1	2	4	8	16	32	64	128	256	512	1024	2048	297	622
136	75.747	12.289	2	18	1	12	1	2	4	8	16	32	64	128	256	512	1024	2048	293	481
137	-84.96	-86.749	15	21	1	12	1	2	4	8	16	32	64	128	256	512	1024	2048	155	407
138	-40.311	-76.732	6	3	1	12	1	2	4	8	16	32	64	128	256	512	1024	2048	185	371
139	97.655	61.4	24	6	1	12	1	2	4	8	16	32	64	128	256	512	1024	2048	102	355
140	-58.494	-74.726	9	18	1	12	1	2	4	8	16	32	64	128	256	512	1024	2048	105	339
141	57.07	84.299	21	9	1	12	1	2	4	8	16	32	64	128	256	512	1024	2048	252	542
142	-76.258	-98.432	5	16	1	12	1	2	4	8	16	32	64	128	256	512	1024	2048	150	390
143	-19.787	-16.937	20	2	1	12	1	2	4	8	16	32	64	128	256	512	1024	2048	180	462
144	-56.943	-91.321	11	16	1	12	1	2	4	8	16	32	64	128	256	512	1024	2048	251	448
145	61.143	-50.147	17	9	1	12	1	2	4	8	16	32	64	128	256	512	1024	2048	95	330
146	41.27	-93.797	15	8	1	12	1	2	4	8	16	32	64	128	256	512	1024	2048	171	466
147	0.765	68.327	16	12	1	12	1	2	4	8	16	32	64	128	256	512	1024	2048	79	386
148	22.652	-12.459	3	10	1	12	1	2	4	8	16	32	64	128	256	512	1024	2048	204	438
149	-49.373	-11.169	5	17	1	12	1	2	4	8	16	32	64	128	256	512	1024	2048	288	498
150	82.417	-12.685	10	24	1	12	1	2	4	8	16	32	64	128	256	512	1024	2048	172	388
151	-44.852	-24.038	18	17	1	12	1	2	4	8	16	32	64	128	256	512	1024	2048	189	414
152	-23.094	-82.944	11	22	1	12	1	2	4	8	16	32	64	128	256	512	1024	2048	175	387
153	-96.489	-68.407	16	15	1	12	1	2	4	8	16	32	64	128	256	512	1024	2048	171	352
154	-0.725	-52.985	4	17	1	12	1	2	4	8	16	32	64	128	256	512	1024	2048	159	507
155	77.578	22.849	7	15	1	12	1	2	4	8	16	32	64	128	256	512	1024	2048	243	556
156	-65.714	0.841	2	24	1	12	1	2	4	8	16	32	64	128	256	512	1024	2048	123	358
157	-53.707	-43.512	3	25	1	12	1	2	4	8	16	32	64	128	256	512	1024	2048	205	442
158	-15.875	-57.184	23	9	1	12	1	2	4	8	16	32	64	128	256	512	1024	2048	109	317
159	-51.839	-70.497	23	15	1	12	1	2	4	8	16	32	64	128	256	512	1024	2048	203	521
160	-98.22	42.876	25	16	1	12	1	2	4	8	16	32	64	128	256	512	1024	2048	202	412
161	-89.776	-62.296	8	12	1	12	1	2	4	8	16	32	64	128	256	512	1024	2048	127	427
162	-81.043	-26.338	15	20	1	12	1	2	4	8	16	32	64	128	256	512	1024	2048	226	519
163	-49.509	-87.155	17	14	1	12	1	2	4	8	16	32	64	128	256	512	1024	2048	159	370
164	-12.5	42.259	23	11	1	12	1	2	4	8	16	32	64	128	256	512	1024	2048	126	331
165	85.553	10.064	14	13	1	12	1	2	4	8	16	32	64	128	256	512	1024	2048	95	400
166	-16.781	-37.596	20	13	1	12	1	2	4	8	16	32	64	128	256	512	1024	2048	170	500
167	-39.146	93.141	9	10	1	12	1	2	4	8	16	32	64	128	256	512	1024	2048	178	476
168	-67.551	-35.844	13	16	1	12	1	2	4	8	16	32	64	128	256	512	1024	2048	86	332
169	28.793	83.633	14	6	1	12	1	2	4	8	16	32	64	128	256	512	1024	2048	191	491
170	-51.802	43.962	16	22	1	12	1	2	4	8	16	32	64	128	256	512	1024	2048	92	390
171	19.754	63.128	19	12	1	12	1	2	4	8	16	32	64	128	256	512	1024	2048	192	519
172	5.154	32.394	25	25	1	12	1	2	4	8	16	32	64	128	256	512	1024	2048	98	323
173	-67.541	90.141	13	7	1	12	1	2	4	8	16	32	64	128	256	512	1024	2048	82	271
174	-76.329	-17.343	7	1	1	12	1	2	4	8	16	32	64	128	256	512	1024	2048	199	423
175	88.549	28.026	5	6	1	12	1	2	4	8	16	32	64	128	256	512	1024	2048	152	499
176	11.451	-67.094	13	18	1	12	1	2	4	8	16	32	64	128	256	512	1024	2048	63	287
177	67.156	-39.168	10	22	1	12	1	2	4	8	16	32	64	128	256	512	1024	2048	71	266
178	74.817	-17.028	8	21	1	12	1	2	4	8	16	32	64	128	256	512	1024	2048	137	354
179	-94.906	-31.706	13	1	1	12	1	2	4	8	16	32	64	128	256	512	1024	2048	124	377
180	69.783	45.476	5	2	1	12	1	2	4	8	16	32	64	128	256	512	1024	2048	67	361
181	-99.324	90.437	21	25	1	12	1	2	4	8	16	32	64	128	256	512	1024	2048	241	535
182	2.646	-18.594	23	5	1	12	1	2	4	8	16	32	64	128	256	512	1024	2048	160	507
183	-98.794	97.084	17	4	1	12	1	2	4	8	16	32	64	128	256	512	1024	2048	115	393
184	-8.744	35.989	16	3	1	12	1	2	4	8	16	32	64	128	256	512	1024	2048	229	446
185	-70.657	-56.623	4	10	1	12	1	2	4	8	16	32	64	128	256	512	1024	2048	60	354
186	-8.899	-70.758	6	13	1	12	1	2	4	8	16	32	64	128	256	512	1024	2048	286	554
187	90.593	91.792	3	19	1	12	1	2	4	8	16	32	64	128	256	512	1024	2048	75	259
188	-69.661	40.475	10	8	1	12	1	2	4	8	16	32	64	128	256	512	1024	2048	98	410
189	35.422	-75.577	3	9	1	12	1	2	4	8	16	32	64	128	256	512	1024	2048	265	550
190	-13.872	52.023	21	4	1	12	1	2	4	8	16	32	64	128	256	512	1024	2048	233	440
191	-80.864	-18.014	14	23	1	12	1	2	4	8	16	32	64	128	256	512	1024	2048	119	429
192	-49.906	62.928	17	23	1	12	1	2	4	8	16	32	64	128	256	512	1024	2048	258	547
193	44.92	-84.784	10	11	1	12	1	2	4	8	16	32	64	128	256	512	1024	2048	83	321
194	-79.066	-41.935	25	16	1	12	1	2	4	8	16	32	64	128	256	512	1024	2048	245	546
195	44.448	-72.234	7	5	1	12	1	2	4	8	16	32	64	128	256	512	1024	2048	87	291
196	-67.918	-43.582	19	6	1	12	1	2	4	8	16	32	64	128	256	512	1024	2048	275	588
197	87.472	70.413	3	23	1	12	1	2	4	8	16	32	64	128	256	512	1024	2048	244	436
198	35.435	-5.409	8	5	1	12	1	2	4	8	16	32	64	128	256	512	1024	2048	105	441
199	78.102	-87.657	13	22	1	12	1	2	4	8	16	32	64	128	256	512	1024	2048	150	498
200	-69.842	-91.787	17	9	1	12	1	2	4	8	16	32	64	128	256	512	1024	2048	158	500
201	86.062	-87.463	4	12	1	12	1	2	4	8	16	32	64	128	256	512	1024	2048	210	408
202	-12.736	-80.323	5	19	1	12	1	2	4	8	16	32	64	128	256	512	1024	2048	257	488
203	-49.366	10.733	13	4	1	12	1	2	4	8	16	32	64	128	256	512	1024	2048	90	332
204	4.337	97.717	11	18	1	12	1	2	4	8	16	32	64	128	256	512	1024	2048	147	470
205	62.209	74.82	24	25	1	12	1	2	4	8	16	32	64	128	256	512	1024	2048	136	337
206	-37.401	95.287	7	13	1	12	1	2	4	8	16	32	64	128	256	512	1024	2048	195	507
207	-31.234	84.347	25	1	1	12	1	2	4	8	16	32	64	128	256	512	1024	2048	292	606
208	75.098	56.919	14	19	1	12	1	2	4	8	16	32	64	128	256	512	1024	2048	285	579
209	-40.335	18.837	4	16	1	12	1	2	4	8	16	32	64	128	256	512	1024	2048	255	541
210	77.002	18.75	6	1	1	12	1	2	4	8	16	32	64	128	256	512	1024	2048	268	603
211	-10.169	59.236	8	24	1	12	1	2	4	8	16	32	64	128	256	512	1024	2048	103	373
212	98.485	-65.939	18	20	1	12	1	2	4	8	16	32	64	128	256	512	1024	2048	270	603
213	-52.459	-11.012	20	18	1	12	1	2	4	8	16	32	64	128	256	512	1024	2048	142	418
214	-21.474	-95.484	11	18	1	12	1	2	4	8	16	32	64	128	256	512	1024	2048	173	386
215	15.295	86.941	20	14	1	12	1	2	4	8	16	32	64	128	256	512	1024	2048	221	491
216	19.363	-72.907	15	19	1	12	1	2	4	8	16	32	64	128	256	512	1024	2048	125	416
217	-30.405	63.795	14	3	1	12	1	2	4	8	16	32	64	128	256	512	1024	2048	113	342
218	58.593	-82.985	11	23	1	12	1	2	4	8	16	32	64	128	256	512	1024	2048	132	476
219	-67.986	16.297	25	15	1	12	1	2	4	8	16	32	64	128	256	512	1024	2048	263	596
220	-31.951	-79.813	12	10	1	12	1	2	4	8	16	32	64	128	256	512	1024	2048	247	574
221	-86.817	97.642	4	9	1	12	1	2	4	8	16	32	64	128	256	512	1024	2048	109	382
222	16.247	-10.061	9	16	1	12	1	2	4	8	16	32	64	128	256	512	1024	2048	233	592
223	-57.99	81.81	17	17	1	12	1	2	4	8	16	32	64	128	256	512	1024	2048	92	408
224	-78.809	40.467	16	1	1	12	1	2	4	8	16	32	64	128	256	512	1024	2048	107	296
225	-86.391	-68.107	8	12	1	12	1	2	4	8	16	32	64	128	256	512	1024	2048	93	434
226	13.192	16.269	16	6	1	12	1	2	4	8	16	32	64	128	256	512	1024	2048	146	381
227	-91.165	48.88	24	8	1	12	1	2	4	8	16	32	64	128	256	512	1024	2048	264	505
228	-15.488	-64.646	2	25	1	12	1	2	4	8	16	32	64	128	256	512	1024	2048	78	324
229	-18.252	65.455	7	15	1	12	1	2	4	8	16	32	64	128	256	512	1024	2048	253	516
230	-67.752	1.392	10	1	1	12	1	2	4	8	16	32	64	128	256	512	1024	2048	266	619
231	-85.39	64.069	14	1	1	12	1	2	4	8	16	32	64	128	256	512	1024	2048	240	497
232	-68.14	79.243	20	7	1	12	1	2	4	8	16	32	64	128	256	512	1024	2048	69	429
233	43.244	75.441	10	14	1	12	1	2	4	8	16	32	64	128	256	512	1024	2048	297	604
234	-53.04	73.969	20	4	1	12	1	2	4	8	16	32	64	128	256	512	1024	2048	154	356
235	34.769	-35.124	20	10	1	12	1	2	4	8	16	32	64	128	256	512	1024	2048	160	500
236	80.289	59.159	11	14	1	12	1	2	4	8	16	32	64	128	256	512	1024	2048	62	399
237	-63.871	63.521	15	12	1	12	1	2	4	8	16	32	64	128	256	512	1024	2048	162	437
238	89.372	87.509	20	19	1	12	1	2	4	8	16	32	64	128	256	512	1024	2048	264	488
239	-0.248	96.123	7	4	1	12	1	2	4	8	16	32	64	128	256	512	1024	2048	64	319
240	55.39	-97.293	18	15	1	12	1	2	4	8	16	32	64	128	256	512	1024	2048	103	427
241	-44.258	-60.83	19	7	1	12	1	2	4	8	16	32	64	128	256	512	1024	2048	155	422
242	41.174	-80.199	14	2	1	12	1	2	4	8	16	32	64	128	256	512	1024	2048	260	459
243	-81.241	25.64	11	11	1	12	1	2	4	8	16	32	64	128	256	512	1024	2048	199	505
244	-89.674	7.85	8	13	1	12	1	2	4	8	16	32	64	128	256	512	1024	2048	149	503
245	-91.676	46.272	3	5	1	12	1	2	4	8	16	32	64	128	256	512	1024	2048	153	372
246	-73.38	-65.62	15	23	1	12	1	2	4	8	16	32	64	128	256	512	1024	2048	261	454
247	-25.887	-60.834	8	18	1	12	1	2	4	8	16	32	64	128	256	512	1024	2048	187	407
248	-76.044	-90.242	4	24	1	12	1	2	4	8	16	32	64	128	256	512	1024	2048	142	487
249	65.403	96.59	2	6	1	12	1	2	4	8	16	32	64	128	256	512	1024	2048	102	369
250	-14.491	79.658	24	1	1	12	1	2	4	8	16	32	64	128	256	512	1024	2048	261	568
251	30.821	-11.012	16	3	1	12	1	2	4	8	16	32	64	128	256	512	1024	2048	239	458
252	79.954	-65.261	16	24	1	12	1	2	4	8	16	32	64	128	256	512	1024	2048	221	561
253	-80.909	99.697	1	2	1	12	1	2	4	8	16	32	64	128	256	512	1024	2048	198	475
254	-61.495	56.748	24	9	1	12	1	2	4	8	16	32	64	128	256	512	1024	2048	122	332
255	91.835	32.607	17	7	1	12	1	2	4	8	16	32	64	128	256	512	1024	2048	191	437
256	-52.159	-46.33	5	2	1	12	1	2	4	8	16	32	64	128	256	512	1024	2048	190	485
257	13.637	-77.285	17	6	1	12	1	2	4	8	16	32	64	128	256	512	1024	2048	278	559
258	33.86	-56.973	17	6	1	12	1	2	4	8	16	32	64	128	256	512	1024	2048	204	432
259	-91.274	15.887	5	20	1	12	1	2	4	8	16	32	64	128	256	512	1024	2048	73	391
260	3.389	46.365	25	6	1	12	1	2	4	8	16	32	64	128	256	512	1024	2048	221	480
261	-56.96	87.374	2	13	1	12	1	2	4	8	16	32	64	128	256	512	1024	2048	278	468
262	69.748	5.51	11	21	1	12	1	2	4	8	16	32	64	128	256	512	1024	2048	242	452
263	80.282	-29.594	25	13	1	12	1	2	4	8	16	32	64	128	256	512	1024	2048	228	554
264	22.879	-8.667	18	6	1	12	1	2	4	8	16	32	64	128	256	512	1024	2048	94	450
265	-98.36	-5.213	19	19	1	12	1	2	4	8	16	32	64	128	256	512	1024	2048	296	531
266	-92.319	17.497	22	9	1	12	1	2	4	8	16	32	64	128	256	512	1024	2048	92	409
267	-64.001	-25.659	12	3	1	12	1	2	4	8	16	32	64	128	256	512	1024	2048	300	480
268	5.152	53.556	16	15	1	12	1	2	4	8	16	32	64	128	256	512	1024	2048	280	486
269	24.457	-81.058	14	19	1	12	1	2	4	8	16	32	64	128	256	512	1024	2048	225	457
270	87.985	35.007	11	21	1	12	1	2	4	8	16	32	64	128	256	512	1024	2048	273	482
271	75.092	-28.896	6	3	1	12	1	2	4	8	16	32	64	128	256	512	1024	2048	296	523
272	-49.666	-43.556	19	9	1	12	1	2	4	8	16	32	64	128	256	512	1024	2048	66	332
273	-31.422	84.764	5	15	1	12	1	2	4	8	16	32	64	128	256	512	1024	2048	86	364
274	20.193	-14.287	8	12	1	12	1	2	4	8	16	32	64	128	256	512	1024	2048	293	563
275	-89.661	85.251	13	24	1	12	1	2	4	8	16	32	64	128	256	512	1024	2048	250	596
276	93.359	17.904	2	6	1	12	1	2	4	8	16	32	64	128	256	512	1024	2048	216	542
277	57.392	39.208	13	3	1	12	1	2	4	8	16	32	64	128	256	512	1024	2048	149	341
278	-71.557	-36.715	22	22	1	12	1	2	4	8	16	32	64	128	256	512	1024	2048	105	462
279	-14.524	89.167	12	24	1	12	1	2	4	8	16	32	64	128	256	512	1024	2048	181	504
280	8.039	53.054	1	6	1	12	1	2	4	8	16	32	64	128	256	512	1024	2048	110	461
281	-98.054	-62.054	3	7	1	12	1	2	4	8	16	32	64	128	256	512	1024	2048	184	486
282	-18.945	-64.643	25	15	1	12	1	2	4	8	16	32	64	128	256	512	1024	2048	268	608
283	-54.479	-87.044	17	1	1	12	1	2	4	8	16	32	64	128	256	512	1024	2048	220	545
284	-26.151	-94.12	9	5	1	12	1	2	4	8	16	32	64	128	256	512	1024	2048	83	374
285	41.159	-70.376	23	21	1	12	1	2	4	8	16	32	64	128	256	512	1024	2048	196	418
286	-8.113	45.164	2	4	1	12	1	2	4	8	16	32	64	128	256	512	1024	2048	87	325
287	5.719	-69.297	21	24	1	12	1	2	4	8	16	32	64	128	256	512	1024	2048	208	567
288	16.737	13.999	10	20	1	12	1	2	4	8	16	32	64	128	256	512	1024	2048	254	507
289	-68.07	-37.383	9	4	1	12	1	2	4	8	16	32	64	128	256	512	1024	2048	247	510
290	90.854	-12.755	21	22	1	12	1	2	4	8	16	32	64	128	256	512	1024	2048	242	508
291	82.599	56.945	9	24	1	12	1	2	4	8	16	32	64	128	256	512	1024	2048	231	413
292	-73.608	53.311	10	24	1	12	1	2	4	8	16	32	64	128	256	512	1024	2048	189	370
293	86.904	51.033	25	20	1	12	1	2	4	8	16	32	64	128	256	512	1024	2048	215	526
294	-38.314	-2.919	8	14	1	12	1	2	4	8	16	32	64	128	256	512	1024	2048	239	554
295	-31.951	90.2	14	17	1	12	1	2	4	8	16	32	64	128	256	512	1024	2048	211	393
296	-66.08	92.757	15	18	1	12	1	2	4	8	16	32	64	128	256	512	1024	2048	131	442
297	-61	-76.207	14	10	1	12	1	2	4	8	16	32	64	128	256	512	1024	2048	248	528
298	-70.4	51.207	8	19	1	12	1	2	4	8	16	32	64	128	256	512	1024	2048	178	377
299	-45.384	-37.226	4	6	1	12	1	2	4	8	16	32	64	128	256	512	1024	2048	89	321
300	0.891	14.371	11	12	1	12	1	2	4	8	16	32	64	128	256	512	1024	2048	158	410
301	-50.982	-0.558	2	12	1	12	1	2	4	8	16	32	64	128	256	512	1024	2048	110	374
302	-86.846	-40.739	22	24	1	12	1	2	4	8	16	32	64	128	256	512	1024	2048	253	552
303	-56.905	-90.4	16	25	1	12	1	2	4	8	16	32	64	128	256	512	1024	2048	80	342
304	-98.436	60.291	5	15	1	12	1	2	4	8	16	32	64	128	256	512	1024	2048	140	425
305	16.876	-25.749	19	6	1	12	1	2	4	8	16	32	64	128	256	512	1024	2048	262	591
306	-76.032	-6.08	21	6	1	12	1	2	4	8	16	32	64	128	256	512	1024	2048	64	361
307	58.256	70.29	21	7	1	12	1	2	4	8	16	32	64	128	256	512	1024	2048	187	405
308	-43.192	94.758	13	23	1	12	1	2	4	8	16	32	64	128	256	512	1024	2048	113	439
309	-80.935	-67.892	6	2	1	12	1	2	4	8	16	32	64	128	256	512	1024	2048	187	382
310	48.066	-82.159	7	4	1	12	1	2	4	8	16	32	64	128	256	512	1024	2048	108	403
311	23.805	22.964	25	10	1	12	1	2	4	8	16	32	64	128	256	512	1024	2048	110	366
312	-25.54	84.101	2	1	1	12	1	2	4	8	16	32	64	128	256	512	1024	2048	90	444
313	90.076	23.883	18	23	1	12	1	2	4	8	16	32	64	128	256	512	1024	2048	139	490
314	-49.712	76.162	15	2	1	12	1	2	4	8	16	32	64	128	256	512	1024	2048	102	382
315	-74.976	16.511	2	6	1	12	1	2	4	8	16	32	64	128	256	512	1024	2048	271	549
316	9.806	-64.46	4	3	1	12	1	2	4	8	16	32	64	128	256	512	1024	2048	290	643
317	-39.537	17.082	19	16	1	12	1	2	4	8	16	32	64	128	256	512	1024	2048	181	486
318	-0.326	21.885	14	1	1	12	1	2	4	8	16	32	64	128	256	512	1024	2048	141	400
319	55.316	-50.975	7	17	1	12	1	2	4	8	16	32	64	128	256	512	1024	2048	218	408
320	54.429	-37.561	23	14	1	12	1	2	4	8	16	32	64	128	256	512	1024	2048	180	489
321	-73.911	29.639	20	24	1	12	1	2	4	8	16	32	64	128	256	512	1024	2048	169	470
322	35.748	-82.187	6	3	1	12	1	2	4	8	16	32	64	128	256	512	1024	2048	168	504
323	58.624	36.732	21	24	1	12	1	2	4	8	16	32	64	128	256	512	1024	2048	202	527
324	-97.904	-67.77	25	17	1	12	1	2	4	8	16	32	64	128	256	512	1024	2048	227	407
325	82.049	11.889	25	6	1	12	1	2	4	8	16	32	64	128	256	512	1024	2048	232	585
326	27.552	-71.304	22	1	1	12	1	2	4	8	16	32	64	128	256	512	1024	2048	238	529
327	-68.397	26.445	24	23	1	12	1	2	4	8	16	32	64	128	256	512	1024	2048	237	518
328	-1.506	26.509	19	7	1	12	1	2	4	8	16	32	64	128	256	512	1024	2048	148	451
329	18.466	-52.826	15	12	1	12	1	2	4	8	16	32	64	128	256	512	1024	2048	290	549
330	-17.836	83.8	7	20	1	12	1	2	4	8	16	32	64	128	256	512	1024	2048	232	497
331	78.547	30.537	10	11	1	12	1	2	4	8	16	32	64	128	256	512	1024	2048	193	453
332	-81.505	79.09	4	2	1	12	1	2	4	8	16	32	64	128	256	512	1024	2048	224	531
333	-81.554	74.666	8	6	1	12	1	2	4	8	16	32	64	128	256	512	1024	2048	106	297
334	-47.398	-83.47	25	8	1	12	1	2	4	8	16	32	64	128	256	512	1024	2048	264	512
335	-2.507	-72.084	20	5	1	12	1	2	4	8	16	32	64	128	256	512	1024	2048	104	351
336	-16.36	99.113	1	25	1	12	1	2	4	8	16	32	64	128	256	512	1024	2048	269	603
337	-49.633	-42.145	22	14	1	12	1	2	4	8	16	32	64	128	256	512	1024	2048	73	279
338	77.193	-90.581	14	11	1	12	1	2	4	8	16	32	64	128	256	512	1024	2048	171	359
339	-37.834	-84.422	5	22	1	12	1	2	4	8	16	32	64	128	256	512	1024	2048	209	557
340	74.247	-48.119	24	24	1	12	1	2	4	8	16	32	64	128	256	512	1024	2048	74	296
341	16.36	-18.325	19	20	1	12	1	2	4	8	16	32	64	128	256	512	1024	2048	90	362
342	73.656	-39.008	22	23	1	12	1	2	4	8	16	32	64	128	256	512	1024	2048	201	475
343	-21.892	84.581	2	10	1	12	1	2	4	8	16	32	64	128	256	512	1024	2048	147	410
344	-11.789	-18.976	19	17	1	12	1	2	4	8	16	32	64	128	256	512	1024	2048	167	371
345	-16.962	43.168	25	1	1	12	1	2	4	8	16	32	64	128	256	512	1024	2048	155	342
346	-83.289	-56.239	9	13	1	12	1	2	4	8	16	32	64	128	256	512	1024	2048	153	430
347	67.037	4.975	17	2	1	12	1	2	4	8	16	32	64	128	256	512	1024	2048	82	277
348	-29.358	-85.877	21	12	1	12	1	2	4	8	16	32	64	128	256	512	1024	2048	207	502
349	-57.893	-88.917	6	10	1	12	1	2	4	8	16	32	64	128	256	512	1024	2048	224	562
350	-88.691	4.523	24	21	1	12	1	2	4	8	16	32	64	128	256	512	1024	2048	181	454
351	49.394	1.532	4	4	1	12	1	2	4	8	16	32	64	128	256	512	1024	2048	298	584
352	1.442	-23.599	21	23	1	12	1	2	4	8	16	32	64	128	256	512	1024	2048	222	559
353	19.846	-31.792	2	7	1	12	1	2	4	8	16	32	64	128	256	512	1024	2048	118	362
354	-81.837	67.918	19	20	1	12	1	2	4	8	16	32	64	128	256	512	1024	2048	100	327
355	57.841	10.655	20	18	1	12	1	2	4	8	16	32	64	128	256	512	1024	2048	296	648
356	-61.91	6.282	16	23	1	12	1	2	4	8	16	32	64	128	256	512	1024	2048	199	486
357	0.556	-36.577	14	7	1	12	1	2	4	8	16	32	64	128	256	512	1024	2048	267	531
358	-61.624	38.528	7	20	1	12	1	2	4	8	16	32	64	128	256	512	1024	2048	117	385
359	-38.309	-90.507	19	20	1	12	1	2	4	8	16	32	64	128	256	512	1024	2048	142	420
360	-98.35	-91.793	14	16	1	12	1	2	4	8	16	32	64	128	256	512	1024	2048	248	550
361	17.601	-11.336	13	9	1	12	1	2	4	8	16	32	64	128	256	512	1024	2048	271	628
362	87.995	8.526	13	19	1	12	1	2	4	8	16	32	64	128	256	512	1024	2048	255	501
363	-82.823	-57.76	25	9	1	12	1	2	4	8	16	32	64	128	256	512	1024	2048	107	453
364	43.5	-44.233	14	12	1	12	1	2	4	8	16	32	64	128	256	512	1024	2048	110	436
365	-85.31	-22.107	23	4	1	12	1	2	4	8	16	32	64	128	256	512	1024	2048	185	366
366	-99.301	-33.313	14	24	1	12	1	2	4	8	16	32	64	128	256	512	1024	2048	63	335
367	-3.536	52.261	23	20	1	12	1	2	4	8	16	32	64	128	256	512	1024	2048	137	331
368	-31.742	61.593	10	4	1	12	1	2	4	8	16	32	64	128	256	512	1024	2048	125	369
369	-69.25	84.881	16	12	1	12	1	2	4	8	16	32	64	128	256	512	1024	2048	62	293
370	2.1	-20.161	21	20	1	12	1	2	4	8	16	32	64	128	256	512	1024	2048	113	446
371	97.266	14.248	7	21	1	12	1	2	4	8	16	32	64	128	256	512	1024	2048	86	362
372	-13.831	-90.172	6	3	1	12	1	2	4	8	16	32	64	128	256	512	1024	2048	298	553
373	60.366	-70.903	13	20	1	12	1	2	4	8	16	32	64	128	256	512	1024	2048	230	545
374	51.401	-9.408	2	5	1	12	1	2	4	8	16	32	64	128	256	512	1024	2048	84	432
375	83.059	63.785	11	4	1	12	1	2	4	8	16	32	64	128	256	512	1024	2048	224	428
376	50.318	-50.419	14	22	1	12	1	2	4	8	16	32	64	128	256	512	1024	2048	158	431
377	67.298	73.711	19	4	1	12	1	2	4	8	16	32	64	128	256	512	1024	2048	183	423
378	29.476	-18.334	25	11	1	12	1	2	4	8	16	32	64	128	256	512	1024	2048	134	379
379	-56.177	48.002	14	10	1	12	1	2	4	8	16	32	64	128	256	512	1024	2048	245	471
380	-73.613	-23.673	5	14	1	12	1	2	4	8	16	32	64	128	256	512	1024	2048	274	614
381	49.143	-59.275	20	4	1	12	1	2	4	8	16	32	64	128	256	512	1024	2048	135	480
382	37.508	99.189	16	24	1	12	1	2	4	8	16	32	64	128	256	512	1024	2048	178	456
383	55.565	89.13	17	11	1	12	1	2	4	8	16	32	64	128	256	512	1024	2048	237	589
384	-37.53	52.127	23	18	1	12	1	2	4	8	16	32	64	128	256	512	1024	2048	191	381
385	-41.782	80.566	2	23	1	12	1	2	4	8	16	32	64	128	256	512	1024	2048	131	421
386	-67.887	-47.081	10	16	1	12	1	2	4	8	16	32	64	128	256	512	1024	2048	243	545
387	-71.875	64.92	11	13	1	12	1	2	4	8	16	32	64	128	256	512	1024	2048	116	397
388	30.537	16.541	13	21	1	12	1	2	4	8	16	32	64	128	256	512	1024	2048	105	435
389	5.429	-36.924	13	21	1	12	1	2	4	8	16	32	64	128	256	512	1024	2048	62	299
390	-19.466	-94.773	11	18	1	12	1	2	4	8	16	32	64	128	256	512	1024	2048	284	644
391	94.995	37.283	18	11	1	12	1	2	4	8	16	32	64	128	256	512	1024	2048	183	452
392	-59.284	-51.669	4	14	1	12	1	2	4	8	16	32	64	128	256	512	1024	2048	171	373
393	83.677	-37.87	25	23	1	12	1	2	4	8	16	32	64	128	256	512	1024	2048	255	585
394	-31.282	76.958	19	15	1	12	1	2	4	8	16	32	64	128	256	512	1024	2048	260	493
395	-21.775	-62.707	13	22	1	12	1	2	4	8	16	32	64	128	256	512	1024	2048	178	362
396	-38.303	79.185	1	18	1	12	1	2	4	8	16	32	64	128	256	512	1024	2048	99	379
397	-65.405	-2.976	20	9	1	12	1	2	4	8	16	32	64	128	256	512	1024	2048	294	502
398	-42.148	-93.52	14	6	1	12	1	2	4	8	16	32	64	128	256	512	1024	2048	64	342
399	-45.922	64.594	18	12	1	12	1	2	4	8	16	32	64	128	256	512	1024	2048	159	459
400	39.221	-92.221	13	24	1	12	1	2	4	8	16	32	64	128	256	512	1024	2048	183	479
401	-16.407	-25.092	1	20	1	12	1	2	4	8	16	32	64	128	256	512	1024	2048	158	379
402	-88.039	99.59	10	8	1	12	1	2	4	8	16	32	64	128	256	512	1024	2048	199	510
403	44.941	-83.928	18	14	1	12	1	2	4	8	16	32	64	128	256	512	1024	2048	200	558
404	11.889	29.626	15	1	1	12	1	2	4	8	16	32	64	128	256	512	1024	2048	216	558
405	-87.778	-31.8	23	11	1	12	1	2	4	8	16	32	64	128	256	512	1024	2048	189	420
406	-23.326	-49.252	4	10	1	12	1	2	4	8	16	32	64	128	256	512	1024	2048	282	487
407	44.533	15.419	16	15	1	12	1	2	4	8	16	32	64	128	256	512	1024	2048	134	356
408	77.683	56.199	18	2	1	12	1	2	4	8	16	32	64	128	256	512	1024	2048	183	398
409	-99.186	69.319	13	3	1	12	1	2	4	8	16	32	64	128	256	512	1024	2048	243	433
410	70.024	-10.589	12	9	1	12	1	2	4	8	16	32	64	128	256	512	1024	2048	91	290
411	-10.537	-8.642	21	6	1	12	1	2	4	8	16	32	64	128	256	512	1024	2048	284	640
412	5.848	4.905	14	6	1	12	1	2	4	8	16	32	64	128	256	512	1024	2048	294	636
413	-82.654	41.072	10	4	1	12	1	2	4	8	16	32	64	128	256	512	1024	2048	219	470
414	-27.619	-79.653	21	22	1	12	1	2	4	8	16	32	64	128	256	512	1024	2048	81	343
415	70.688	27.688	8	9	1	12	1	2	4	8	16	32	64	128	256	512	1024	2048	143	485
416	-37.749	-28.9	5	25	1	12	1	2	4	8	16	32	64	128	256	512	1024	2048	155	487
417	68.157	66.833	16	12	1	12	1	2	4	8	16	32	64	128	256	512	1024	2048	131	329
418	-77.422	71.717	25	1	1	12	1	2	4	8	16	32	64	128	256	512	1024	2048	71	380
419	71.045	71.232	16	2	1	12	1	2	4	8	16	32	64	128	256	512	1024	2048	97	368
420	-19.769	39.49	21	4	1	12	1	2	4	8	16	32	64	128	256	512	1024	2048	141	403
421	44.306	-25.952	0	0	0	0	0	1000
422	-32.403	14.042	0	0	0	0	0	1000
423	37.663	13.769	0	0	0	0	0	1000
424	-15.104	12.111	0	0	0	0	0	1000
425	32.413	24.218	0	0	0	0	0	1000
426	10.846	-42.185	0	0	0	0	0	1000
427	37.199	1.346	0	0	0	0	0	1000
428	-33.128	-14.172	0	0	0	0	0	1000
429	-8.716	-4.86	0	0	0	0	0	1000
430	-25.037	19.618	0	0	0	0	0	1000
431	23.605	39.795	0	0	0	0	0	1000
432	41.196	45.258	0	0	0	0	0	1000
