6 6 600 12
450 190
450 190
450 190
450 190
450 190
450 190
450 190
450 190
450 190
450 190
450 190
450 190
1	61.698	-53.092	18	2	1	12	1	2	4	8	16	32	64	128	256	512	1024	2048	259	474
2	-63.955	-22.283	22	23	1	12	1	2	4	8	16	32	64	128	256	512	1024	2048	234	501
3	75.778	-69.433	21	24	1	12	1	2	4	8	16	32	64	128	256	512	1024	2048	62	330
4	22.586	-83.907	1	12	1	12	1	2	4	8	16	32	64	128	256	512	1024	2048	225	505
5	-86.788	-27.145	2	22	1	12	1	2	4	8	16	32	64	128	256	512	1024	2048	126	308
6	-81.831	-39.166	25	5	1	12	1	2	4	8	16	32	64	128	256	512	1024	2048	107	464
7	19.863	24.925	5	17	1	12	1	2	4	8	16	32	64	128	256	512	1024	2048	206	436
8	-63.5	16.599	4	13	1	12	1	2	4	8	16	32	64	128	256	512	1024	2048	165	431
9	96.287	-67.422	3	18	1	12	1	2	4	8	16	32	64	128	256	512	1024	2048	185	529
10	46.465	82.227	10	25	1	12	1	2	4	8	16	32	64	128	256	512	1024	2048	134	336
11	94.992	-93.873	13	19	1	12	1	2	4	8	16	32	64	128	256	512	1024	2048	153	399
12	70.484	83.028	19	13	1	12	1	2	4	8	16	32	64	128	256	512	1024	2048	66	258
13	8.301	-97.197	8	19	1	12	1	2	4	8	16	32	64	128	256	512	1024	2048	214	539
14	84.535	83.563	9	15	1	12	1	2	4	8	16	32	64	128	256	512	1024	2048	81	361
15	-31.382	-53.353	4	7	1	12	1	2	4	8	16	32	64	128	256	512	1024	2048	115	302
16	-76.44	-30.377	23	17	1	12	1	2	4	8	16	32	64	128	256	512	1024	2048	137	326
17	98.978	24.314	23	2	1	12	1	2	4	8	16	32	64	128	256	512	1024	2048	102	438
18	72.157	-61.097	11	14	1	12	1	2	4	8	16	32	64	128	256	512	1024	2048	81	411
19	-52.145	-54.455	16	5	1	12	1	2	4	8	16	32	64	128	256	512	1024	2048	178	460
20	-82.192	-24.92	5	23	1	12	1	2	4	8	16	32	64	128	256	512	1024	2048	96	404
21	-34.223	-7.639	6	10	1	12	1	2	4	8	16	32	64	128	256	512	1024	2048	62	296
22	12.413	49.052	23	6	1	12	1	2	4	8	16	32	64	128	256	512	1024	2048	256	532
23	65.409	32.804	5	24	1	12	1	2	4	8	16	32	64	128	256	512	1024	2048	282	520
24	-49.305	-60.586	22	4	1	12	1	2	4	8	16	32	64	128	256	512	1024	2048	92	351
25	-89.514	-7.337	9	4	1	12	1	2	4	8	16	32	64	128	256	512	1024	2048	209	392
26	79.734	34.981	12	16	1	12	1	2	4	8	16	32	64	128	256	512	1024	2048	135	464
27	-92.319	13.061	19	7	1	12	1	2	4	8	16	32	64	128	256	512	1024	2048	147	380
28	-22	55.634	4	13	1	12	1	2	4	8	16	32	64	128	256	512	1024	2048	83	328
29	57.728	78.306	18	22	1	12	1	2	4	8	16	32	64	128	256	512	1024	2048	292	650
30	-91.824	-57.099	25	4	1	12	1	2	4	8	16	32	64	128	256	512	1024	2048	131	447
31	-17.173	-57.77	13	16	1	12	1	2	4	8	16	32	64	128	256	512	1024	2048	289	577
32	98.536	74.341	1	17	1	12	1	2	4	8	16	32	64	128	256	512	1024	2048	234	512
33	80.134	-34.37	19	6	1	12	1	2	4	8	16	32	64	128	256	512	1024	2048	282	494
34	-81.105	63.758	16	22	1	12	1	2	4	8	16	32	64	128	256	512	1024	2048	153	428
35	72.739	-98.718	1	1	1	12	1	2	4	8	16	32	64	128	256	512	1024	2048	154	481
36	-96.412	72.897	24	3	1	12	1	2	4	8	16	32	64	128	256	512	1024	2048	149	415
37	19.351	83.622	20	13	1	12	1	2	4	8	16	32	64	128	256	512	1024	2048	124	400
38	-95.833	32.825	18	14	1	12	1	2	4	8	16	32	64	128	256	512	1024	2048	131	488
39	32.024	-65.238	18	13	1	12	1	2	4	8	16	32	64	128	256	512	1024	2048	123	351
40	-59.011	49.719	14	22	1	12	1	2	4	8	16	32	64	128	256	512	1024	2048	263	443
41	-21.061	-62.843	19	24	1	12	1	2	4	8	16	32	64	128	256	512	1024	2048	77	331
42	-51.674	-88.581	3	3	1	12	1	2	4	8	16	32	64	128	256	512	1024	2048	241	568
43	24.641	-77.076	23	1	1	12	1	2	4	8	16	32	64	128	256	512	1024	2048	277	605
44	-83.013	88.023	15	10	1	12	1	2	4	8	16	32	64	128	256	512	1024	2048	129	370
45	50.435	-81.865	10	23	1	12	1	2	4	8	16	32	64	128	256	512	1024	2048	117	434
46	-49.351	11.697	9	15	1	12	1	2	4	8	16	32	64	128	256	512	1024	2048	238	421
47	-64.821	-42.687	16	5	1	12	1	2	4	8	16	32	64	128	256	512	1024	2048	230	446
48	78.986	5.467	17	24	1	12	1	2	4	8	16	32	64	128	256	512	1024	2048	276	580
49	49.127	95.298	1	15	1	12	1	2	4	8	16	32	64	128	256	512	1024	2048	233	535
50	12.855	-5.226	12	11	1	12	1	2	4	8	16	32	64	128	256	512	1024	2048	125	355
51	-18.273	68.258	6	13	1	12	1	2	4	8	16	32	64	128	256	512	1024	2048	168	353
52	0.272	-24.782	8	11	1	12	1	2	4	8	16	32	64	128	256	512	1024	2048	296	538
53	92.088	-82.543	25	15	1	12	1	2	4	8	16	32	64	128	256	512	1024	2048	231	458
54	92.321	-12.63	15	22	1	12	1	2	4	8	16	32	64	128	256	512	1024	2048	250	604
55	87.652	-81.329	1	14	1	12	1	2	4	8	16	32	64	128	256	512	1024	2048	170	480
56	94.671	-55.65	1	9	1	12	1	2	4	8	16	32	64	128	256	512	1024	2048	260	561
57	-73.793	62.268	7	17	1	12	1	2	4	8	16	32	64	128	256	512	1024	2048	107	466
58	77.979	-47.487	14	1	1	12	1	2	4	8	16	32	64	128	256	512	1024	2048	288	487
59	-50.435	-72.255	4	22	1	12	1	2	4	8	16	32	64	128	256	512	1024	2048	164	348
60	-88.727	11.618	10	21	1	12	1	2	4	8	16	32	64	128	256	512	1024	2048	73	414
61	-98.309	-98.872	14	21	1	12	1	2	4	8	16	32	64	128	256	512	1024	2048	229	497
62	-80.669	14.506	12	4	1	12	1	2	4	8	16	32	64	128	256	512	1024	2048	160	495
63	-40.123	-34.209	19	9	1	12	1	2	4	8	16	32	64	128	256	512	1024	2048	211	394
64	18.178	45.924	4	9	1	12	1	2	4	8	16	32	64	128	256	512	1024	2048	266	540
65	-33.767	-26.121	15	21	1	12	1	2	4	8	16	32	64	128	256	512	1024	2048	126	337
66	-0.83	24.55	7	19	1	12	1	2	4	8	16	32	64	128	256	512	1024	2048	245	457
67	71.51	-76.041	2	19	1	12	1	2	4	8	16	32	64	128	256	512	1024	2048	170	434
68	-93.487	-8.037	11	3	1	12	1	2	4	8	16	32	64	128	256	512	1024	2048	168	388
69	-62.462	36.497	13	7	1	12	1	2	4	8	16	32	64	128	256	512	1024	2048	80	383
70	33.705	-24.84	5	11	1	12	1	2	4	8	16	32	64	128	256	512	1024	2048	60	330
71	-97.518	-51.281	23	14	1	12	1	2	4	8	16	32	64	128	256	512	1024	2048	248	451
72	-77.523	-69.189	18	6	1	12	1	2	4	8	16	32	64	128	256	512	1024	2048	95	278
73	-66.109	-92.951	24	25	1	12	1	2	4	8	16	32	64	128	256	512	1024	2048	248	458
74	29.145	75.018	6	7	1	12	1	2	4	8	16	32	64	128	256	512	1024	2048	223	449
75	-43.613	98.877	1	17	1	12	1	2	4	8	16	32	64	128	256	512	1024	2048	218	507
76	-13.693	-77.74	3	5	1	12	1	2	4	8	16	32	64	128	256	512	1024	2048	98	369
77	-29.092	-73.952	24	5	1	12	1	2	4	8	16	32	64	128	256	512	1024	2048	161	382
78	-59.931	79.215	2	17	1	12	1	2	4	8	16	32	64	128	256	512	1024	2048	171	358
79	63.509	81.027	9	18	1	12	1	2	4	8	16	32	64	128	256	512	1024	2048	233	417
80	89.689	-76.777	7	10	1	12	1	2	4	8	16	32	64	128	256	512	1024	2048	258	563
81	25.765	-63.018	2	23	1	12	1	2	4	8	16	32	64	128	256	512	1024	2048	109	407
82	87.684	72.051	6	6	1	12	1	2	4	8	16	32	64	128	256	512	1024	2048	174	471
83	60.187	-44.204	6	1	1	12	1	2	4	8	16	32	64	128	256	512	1024	2048	147	409
84	-23.442	91.116	20	9	1	12	1	2	4	8	16	32	64	128	256	512	1024	2048	275	616
85	40.372	89.616	6	17	1	12	1	2	4	8	16	32	64	128	256	512	1024	2048	71	330
86	-75.122	-17.393	13	14	1	12	1	2	4	8	16	32	64	128	256	512	1024	2048	221	480
87	73.83	75.837	21	6	1	12	1	2	4	8	16	32	64	128	256	512	1024	2048	227	475
88	-74.374	86.281	13	22	1	12	1	2	4	8	16	32	64	128	256	512	1024	2048	165	371
89	-37.843	-84.149	6	3	1	12	1	2	4	8	16	32	64	128	256	512	1024	2048	124	462
90	19.354	-7.134	19	1	1	12	1	2	4	8	16	32	64	128	256	512	1024	2048	91	333
91	50.717	81.312	9	21	1	12	1	2	4	8	16	32	64	128	256	512	1024	2048	202	458
92	-73.54	-59.72	3	12	1	12	1	2	4	8	16	32	64	128	256	512	1024	2048	125	370
93	-28.217	-93.019	15	23	1	12	1	2	4	8	16	32	64	128	256	512	1024	2048	62	373
94	-19.089	57.813	19	19	1	12	1	2	4	8	16	32	64	128	256	512	1024	2048	267	471
95	19.923	-91.844	21	16	1	12	1	2	4	8	16	32	64	128	256	512	1024	2048	177	421
96	47.511	-84.832	3	8	1	12	1	2	4	8	16	32	64	128	256	512	1024	2048	179	530
97	-16.981	69.551	9	9	1	12	1	2	4	8	16	32	64	128	256	512	1024	2048	253	532
98	-18.664	33.174	15	5	1	12	1	2	4	8	16	32	64	128	256	512	1024	2048	235	491
99	-67.235	91.064	12	2	1	12	1	2	4	8	16	32	64	128	256	512	1024	2048	74	419
100	28.908	73.689	24	18	1	12	1	2	4	8	16	32	64	128	256	512	1024	2048	196	416
101	44.676	-84.053	6	25	1	12	1	2	4	8	16	32	64	128	256	512	1024	2048	276	530
102	8.477	-9.628	3	22	1	12	1	2	4	8	16	32	64	128	256	512	1024	2048	92	281
103	-60.378	-13.467	22	7	1	12	1	2	4	8	16	32	64	128	256	512	1024	2048	194	382
104	-23.535	-46.021	24	9	1	12	1	2	4	8	16	32	64	128	256	512	1024	2048	282	520
105	16.938	-65.821	6	1	1	12	1	2	4	8	16	32	64	128	256	512	1024	2048	227	567
106	83.435	-63.765	7	17	1	12	1	2	4	8	16	32	64	128	256	512	1024	2048	243	491
107	-60.326	-81.289	15	16	1	12	1	2	4	8	16	32	64	128	256	512	1024	2048	138	401
108	-51.889	-69.908	1	20	1	12	1	2	4	8	16	32	64	128	256	512	1024	2048	231	480
109	-15.767	-87.689	5	11	1	12	1	2	4	8	16	32	64	128	256	512	1024	2048	240	489
110	97.014	54.023	21	18	1	12	1	2	4	8	16	32	64	128	256	512	1024	2048	82	425
111	65.406	-79.043	4	4	1	12	1	2	4	8	16	32	64	128	256	512	1024	2048	93	440
112	-43.499	74.997	24	3	1	12	1	2	4	8	16	32	64	128	256	512	1024	2048	277	584
113	60.211	86.287	20	21	1	12	1	2	4	8	16	32	64	128	256	512	1024	2048	247	574
114	-0.885	-96.702	4	8	1	12	1	2	4	8	16	32	64	128	256	512	1024	2048	166	460
115	37.168	75.667	22	20	1	12	1	2	4	8	16	32	64	128	256	512	1024	2048	67	291
116	-15.723	-86.624	24	23	1	12	1	2	4	8	16	32	64	128	256	512	1024	2048	263	578
117	-11.834	23.295	24	9	1	12	1	2	4	8	16	32	64	128	256	512	1024	2048	115	306
118	-55.227	-43.313	20	22	1	12	1	2	4	8	16	32	64	128	256	512	1024	2048	147	461
119	-47.345	32.97	14	8	1	12	1	2	4	8	16	32	64	128	256	512	1024	2048	148	416
120	-69.543	2.916	17	19	1	12	1	2	4	8	16	32	64	128	256	512	1024	2048	168	420
121	-29.019	40.365	18	19	1	12	1	2	4	8	16	32	64	128	256	512	1024	2048	63	366
122	-2.71	93.995	10	17	1	12	1	2	4	8	16	32	64	128	256	512	1024	2048	79	317
123	-43.454	90.189	19	6	1	12	1	2	4	8	16	32	64	128	256	512	1024	2048	157	424
124	88.091	11.886	6	6	1	12	1	2	4	8	16	32	64	128	256	512	1024	2048	184	532
125	7.563	-98.034	12	14	1	12	1	2	4	8	16	32	64	128	256	512	1024	2048	63	381
126	-54.865	-79.097	12	20	1	12	1	2	4	8	16	32	64	128	256	512	1024	2048	161	472
127	-77.274	-43.105	24	21	1	12	1	2	4	8	16	32	64	128	256	512	1024	2048	206	424
128	-84.757	81.79	25	1	1	12	1	2	4	8	16	32	64	128	256	512	1024	2048	249	518
129	-2.629	-67.495	15	15	1	12	1	2	4	8	16	32	64	128	256	512	1024	2048	217	575
130	50.528	78.183	6	23	1	12	1	2	4	8	16	32	64	128	256	512	1024	2048	106	437
131	37.707	98.965	6	2	1	12	1	2	4	8	16	32	64	128	256	512	1024	2048	218	411
132	-95.286	62.158	7	22	1	12	1	2	4	8	16	32	64	128	256	512	1024	2048	288	533
133	-59.416	-6.597	23	8	1	12	1	2	4	8	16	32	64	128	256	512	1024	2048	141	373
134	13.186	91.277	2	19	1	12	1	2	4	8	16	32	64	128	256	512	1024	2048	226	537
135	-18.092	-60.229	4	23	1	12	1	2	4	8	16	32	64	128	256	512	1024	2048	284	501
136	75.747	12.289	10	3	1	12	1	2	4	8	16	32	64	128	256	512	1024	2048	152	385
137	-84.96	-86.749	1	13	1	12	1	2	4	8	16	32	64	128	256	512	1024	2048	85	352
138	-40.311	-76.732	23	10	1	12	1	2	4	8	16	32	64	128	256	512	1024	2048	87	336
139	97.655	61.4	2	18	1	12	1	2	4	8	16	32	64	128	256	512	1024	2048	294	493
140	-58.494	-74.726	6	14	1	12	1	2	4	8	16	32	64	128	256	512	1024	2048	180	497
141	57.07	84.299	3	1	1	12	1	2	4	8	16	32	64	128	256	512	1024	2048	249	598
142	-76.258	-98.432	16	25	1	12	1	2	4	8	16	32	64	128	256	512	1024	2048	213	443
143	-19.787	-16.937	1	9	1	12	1	2	4	8	16	32	64	128	256	512	1024	2048	83	299
144	-56.943	-91.321	17	13	1	12	1	2	4	8	16	32	64	128	256	512	1024	2048	132	469
145	61.143	-50.147	14	23	1	12	1	2	4	8	16	32	64	128	256	512	1024	2048	198	425
146	41.27	-93.797	24	13	1	12	1	2	4	8	16	32	64	128	256	512	1024	2048	281	567
147	0.765	68.327	3	5	1	12	1	2	4	8	16	32	64	128	256	512	1024	2048	124	315
148	22.652	-12.459	24	9	1	12	1	2	4	8	16	32	64	128	256	512	1024	2048	294	605
149	-49.373	-11.169	17	12	1	12	1	2	4	8	16	32	64	128	256	512	1024	2048	144	345
150	82.417	-12.685	6	16	1	12	1	2	4	8	16	32	64	128	256	512	1024	2048	67	301
151	-44.852	-24.038	1	14	1	12	1	2	4	8	16	32	64	128	256	512	1024	2048	223	576
152	-23.094	-82.944	23	2	1	12	1	2	4	8	16	32	64	128	256	512	1024	2048	60	254
153	-96.489	-68.407	7	24	1	12	1	2	4	8	16	32	64	128	256	512	1024	2048	113	451
154	-0.725	-52.985	12	20	1	12	1	2	4	8	16	32	64	128	256	512	1024	2048	219	541
155	77.578	22.849	20	6	1	12	1	2	4	8	16	32	64	128	256	512	1024	2048	220	553
156	-65.714	0.841	11	9	1	12	1	2	4	8	16	32	64	128	256	512	1024	2048	297	630
157	-53.707	-43.512	2	10	1	12	1	2	4	8	16	32	64	128	256	512	1024	2048	178	373
158	-15.875	-57.184	6	19	1	12	1	2	4	8	16	32	64	128	256	512	1024	2048	76	330
159	-51.839	-70.497	8	24	1	12	1	2	4	8	16	32	64	128	256	512	1024	2048	187	443
160	-98.22	42.876	5	23	1	12	1	2	4	8	16	32	64	128	256	512	1024	2048	240	471
161	-89.776	-62.296	25	4	1	12	1	2	4	8	16	32	64	128	256	512	1024	2048	98	329
162	-81.043	-26.338	14	1	1	12	1	2	4	8	16	32	64	128	256	512	1024	2048	257	453
163	-49.509	-87.155	11	4	1	12	1	2	4	8	16	32	64	128	256	512	1024	2048	275	464
164	-12.5	42.259	22	1	1	12	1	2	4	8	16	32	64	128	256	512	1024	2048	98	387
165	85.553	10.064	24	14	1	12	1	2	4	8	16	32	64	128	256	512	1024	2048	142	413
166	-16.781	-37.596	20	24	1	12	1	2	4	8	16	32	64	128	256	512	1024	2048	283	553
167	-39.146	93.141	23	19	1	12	1	2	4	8	16	32	64	128	256	512	1024	2048	70	268
168	-67.551	-35.844	10	12	1	12	1	2	4	8	16	32	64	128	256	512	1024	2048	155	409
169	28.793	83.633	17	1	1	12	1	2	4	8	16	32	64	128	256	512	1024	2048	156	481
170	-51.802	43.962	1	7	1	12	1	2	4	8	16	32	64	128	256	512	1024	2048	121	427
171	19.754	63.128	13	4	1	12	1	2	4	8	16	32	64	128	256	512	1024	2048	290	540
172	5.154	32.394	2	24	1	12	1	2	4	8	16	32	64	128	256	512	1024	2048	67	375
173	-67.541	90.141	12	14	1	12	1	2	4	8	16	32	64	128	256	512	1024	2048	81	357
174	-76.329	-17.343	10	9	1	12	1	2	4	8	16	32	64	128	256	512	1024	2048	223	492
175	88.549	28.026	21	5	1	12	1	2	4	8	16	32	64	128	256	512	1024	2048	286	471
176	11.451	-67.094	4	17	1	12	1	2	4	8	16	32	64	128	256	512	1024	2048	83	303
177	67.156	-39.168	23	11	1	12	1	2	4	8	16	32	64	128	256	512	1024	2048	247	594
178	74.817	-17.028	7	11	1	12	1	2	4	8	16	32	64	128	256	512	1024	2048	67	247
179	-94.906	-31.706	20	9	1	12	1	2	4	8	16	32	64	128	256	512	1024	2048	146	393
180	69.783	45.476	18	6	1	12	1	2	4	8	16	32	64	128	256	512	1024	2048	195	456
181	-99.324	90.437	23	24	1	12	1	2	4	8	16	32	64	128	256	512	1024	2048	223	522
182	2.646	-18.594	7	20	1	12	1	2	4	8	16	32	64	128	256	512	1024	2048	118	300
183	-98.794	97.084	20	4	1	12	1	2	4	8	16	32	64	128	256	512	1024	2048	265	477
184	-8.744	35.989	20	5	1	12	1	2	4	8	16	32	64	128	256	512	1024	2048	253	599
185	-70.657	-56.623	16	3	1	12	1	2	4	8	16	32	64	128	256	512	1024	2048	205	454
186	-8.899	-70.758	9	12	1	12	1	2	4	8	16	32	64	128	256	512	1024	2048	232	499
187	90.593	91.792	19	13	1	12	1	2	4	8	16	32	64	128	256	512	1024	2048	156	495
188	-69.661	40.475	9	3	1	12	1	2	4	8	16	32	64	128	256	512	1024	2048	89	279
189	35.422	-75.577	12	13	1	12	1	2	4	8	16	32	64	128	256	512	1024	2048	214	470
190	-13.872	52.023	4	1	1	12	1	2	4	8	16	32	64	128	256	512	1024	2048	299	510
191	-80.864	-18.014	24	3	1	12	1	2	4	8	16	32	64	128	256	512	1024	2048	287	523
192	-49.906	62.928	20	5	1	12	1	2	4	8	16	32	64	128	256	512	1024	2048	192	433
193	44.92	-84.784	4	7	1	12	1	2	4	8	16	32	64	128	256	512	1024	2048	123	438
194	-79.066	-41.935	12	21	1	12	1	2	4	8	16	32	64	128	256	512	1024	2048	187	515
195	44.448	-72.234	20	17	1	12	1	2	4	8	16	32	64	128	256	512	1024	2048	164	487
196	-67.918	-43.582	21	21	1	12	1	2	4	8	16	32	64	128	256	512	1024	2048	167	500
197	87.472	70.413	3	7	1	12	1	2	4	8	16	32	64	128	256	512	1024	2048	241	592
198	35.435	-5.409	20	24	1	12	1	2	4	8	16	32	64	128	256	512	1024	2048	247	591
199	78.102	-87.657	5	20	1	12	1	2	4	8	16	32	64	128	256	512	1024	2048	114	406
200	-69.842	-91.787	4	17	1	12	1	2	4	8	16	32	64	128	256	512	1024	2048	236	449
201	86.062	-87.463	22	18	1	12	1	2	4	8	16	32	64	128	256	512	1024	2048	209	430
202	-12.736	-80.323	4	3	1	12	1	2	4	8	16	32	64	128	256	512	1024	2048	103	462
203	-49.366	10.733	11	9	1	12	1	2	4	8	16	32	64	128	256	512	1024	2048	187	450
204	4.337	97.717	10	11	1	12	1	2	4	8	16	32	64	128	256	512	1024	2048	170	378
205	62.209	74.82	14	22	1	12	1	2	4	8	16	32	64	128	256	512	1024	2048	179	362
206	-37.401	95.287	4	8	1	12	1	2	4	8	16	32	64	128	256	512	1024	2048	175	375
207	-31.234	84.347	24	7	1	12	1	2	4	8	16	32	64	128	256	512	1024	2048	78	323
208	75.098	56.919	11	20	1	12	1	2	4	8	16	32	64	128	256	512	1024	2048	257	443
209	-40.335	18.837	18	8	1	12	1	2	4	8	16	32	64	128	256	512	1024	2048	113	352
210	77.002	18.75	23	17	1	12	1	2	4	8	16	32	64	128	256	512	1024	2048	267	449
211	-10.169	59.236	16	6	1	12	1	2	4	8	16	32	64	128	256	512	1024	2048	86	349
212	98.485	-65.939	13	19	1	12	1	2	4	8	16	32	64	128	256	512	1024	2048	115	404
213	-52.459	-11.012	21	5	1	12	1	2	4	8	16	32	64	128	256	512	1024	2048	299	528
214	-21.474	-95.484	21	4	1	12	1	2	4	8	16	32	64	128	256	512	1024	2048	79	346
215	15.295	86.941	18	22	1	12	1	2	4	8	16	32	64	128	256	512	1024	2048	212	419
216	19.363	-72.907	11	2	1	12	1	2	4	8	16	32	64	128	256	512	1024	2048	87	425
217	-30.405	63.795	14	20	1	12	1	2	4	8	16	32	64	128	256	512	1024	2048	203	415
218	58.593	-82.985	23	4	1	12	1	2	4	8	16	32	64	128	256	512	1024	2048	236	563
219	-67.986	16.297	15	3	1	12	1	2	4	8	16	32	64	128	256	512	1024	2048	249	507
220	-31.951	-79.813	22	23	1	12	1	2	4	8	16	32	64	128	256	512	1024	2048	224	441
221	-86.817	97.642	18	25	1	12	1	2	4	8	16	32	64	128	256	512	1024	2048	187	374
222	16.247	-10.061	9	19	1	12	1	2	4	8	16	32	64	128	256	512	1024	2048	240	493
223	-57.99	81.81	6	15	1	12	1	2	4	8	16	32	64	128	256	512	1024	2048	84	420
224	-78.809	40.467	12	23	1	12	1	2	4	8	16	32	64	128	256	512	1024	2048	201	541
225	-86.391	-68.107	24	2	1	12	1	2	4	8	16	32	64	128	256	512	1024	2048	195	420
226	13.192	16.269	20	14	1	12	1	2	4	8	16	32	64	128	256	512	1024	2048	119	380
227	-91.165	48.88	8	8	1	12	1	2	4	8	16	32	64	128	256	512	1024	2048	104	434
228	-15.488	-64.646	14	25	1	12	1	2	4	8	16	32	64	128	256	512	1024	2048	251	514
229	-18.252	65.455	1	2	1	12	1	2	4	8	16	32	64	128	256	512	1024	2048	96	323
230	-67.752	1.392	11	23	1	12	1	2	4	8	16	32	64	128	256	512	1024	2048	190	388
231	-85.39	64.069	10	12	1	12	1	2	4	8	16	32	64	128	256	512	1024	2048	108	387
232	-68.14	79.243	15	19	1	12	1	2	4	8	16	32	64	128	256	512	1024	2048	285	637
233	43.244	75.441	2	4	1	12	1	2	4	8	16	32	64	128	256	512	1024	2048	193	387
234	-53.04	73.969	3	20	1	12	1	2	4	8	16	32	64	128	256	512	1024	2048	178	481
235	34.769	-35.124	9	19	1	12	1	2	4	8	16	32	64	128	256	512	1024	2048	124	389
236	80.289	59.159	6	10	1	12	1	2	4	8	16	32	64	128	256	512	1024	2048	267	584
237	-63.871	63.521	6	11	1	12	1	2	4	8	16	32	64	128	256	512	1024	2048	249	571
238	89.372	87.509	4	8	1	12	1	2	4	8	16	32	64	128	256	512	1024	2048	152	422
239	-0.248	96.123	22	19	1	12	1	2	4	8	16	32	64	128	256	512	1024	2048	65	370
240	55.39	-97.293	9	6	1	12	1	2	4	8	16	32	64	128	256	512	1024	2048	208	452
241	-44.258	-60.83	25	1	1	12	1	2	4	8	16	32	64	128	256	512	1024	2048	298	540
242	41.174	-80.199	12	7	1	12	1	2	4	8	16	32	64	128	256	512	1024	2048	140	465
243	-81.241	25.64	1	11	1	12	1	2	4	8	16	32	64	128	256	512	1024	2048	289	611
244	-89.674	7.85	2	12	1	12	1	2	4	8	16	32	64	128	256	512	1024	2048	290	473
245	-91.676	46.272	4	7	1	12	1	2	4	8	16	32	64	128	256	512	1024	2048	265	563
246	-73.38	-65.62	18	10	1	12	1	2	4	8	16	32	64	128	256	512	1024	2048	71	279
247	-25.887	-60.834	5	3	1	12	1	2	4	8	16	32	64	128	256	512	1024	2048	224	510
248	-76.044	-90.242	22	3	1	12	1	2	4	8	16	32	64	128	256	512	1024	2048	215	459
249	65.403	96.59	22	17	1	12	1	2	4	8	16	32	64	128	256	512	1024	2048	276	551
250	-14.491	79.658	13	12	1	12	1	2	4	8	16	32	64	128	256	512	1024	2048	158	355
251	30.821	-11.012	14	7	1	12	1	2	4	8	16	32	64	128	256	512	1024	2048	117	444
252	79.954	-65.261	6	18	1	12	1	2	4	8	16	32	64	128	256	512	1024	2048	99	294
253	-80.909	99.697	7	17	1	12	1	2	4	8	16	32	64	128	256	512	1024	2048	270	484
254	-61.495	56.748	1	14	1	12	1	2	4	8	16	32	64	128	256	512	1024	2048	97	352
255	91.835	32.607	17	6	1	12	1	2	4	8	16	32	64	128	256	512	1024	2048	83	307
256	-52.159	-46.33	16	23	1	12	1	2	4	8	16	32	64	128	256	512	1024	2048	76	421
257	13.637	-77.285	11	2	1	12	1	2	4	8	16	32	64	128	256	512	1024	2048	132	321
258	33.86	-56.973	21	15	1	12	1	2	4	8	16	32	64	128	256	512	1024	2048	262	538
259	-91.274	15.887	22	23	1	12	1	2	4	8	16	32	64	128	256	512	1024	2048	60	397
260	3.389	46.365	15	24	1	12	1	2	4	8	16	32	64	128	256	512	1024	2048	166	484
261	-56.96	87.374	21	4	1	12	1	2	4	8	16	32	64	128	256	512	1024	2048	295	512
262	69.748	5.51	10	24	1	12	1	2	4	8	16	32	64	128	256	512	1024	2048	113	459
263	80.282	-29.594	14	18	1	12	1	2	4	8	16	32	64	128	256	512	1024	2048	93	311
264	22.879	-8.667	21	10	1	12	1	2	4	8	16	32	64	128	256	512	1024	2048	191	440
265	-98.36	-5.213	13	7	1	12	1	2	4	8	16	32	64	128	256	512	1024	2048	211	410
266	-92.319	17.497	1	11	1	12	1	2	4	8	16	32	64	128	256	512	1024	2048	62	388
267	-64.001	-25.659	22	9	1	12	1	2	4	8	16	32	64	128	256	512	1024	2048	263	619
268	5.152	53.556	11	22	1	12	1	2	4	8	16	32	64	128	256	512	1024	2048	157	339
269	24.457	-81.058	4	23	1	12	1	2	4	8	16	32	64	128	256	512	1024	2048	299	631
270	87.985	35.007	14	3	1	12	1	2	4	8	16	32	64	128	256	512	1024	2048	275	532
271	75.092	-28.896	7	2	1	12	1	2	4	8	16	32	64	128	256	512	1024	2048	258	518
272	-49.666	-43.556	25	1	1	12	1	2	4	8	16	32	64	128	256	512	1024	2048	113	420
273	-31.422	84.764	2	2	1	12	1	2	4	8	16	32	64	128	256	512	1024	2048	194	483
274	20.193	-14.287	13	10	1	12	1	2	4	8	16	32	64	128	256	512	1024	2048	116	377
275	-89.661	85.251	15	23	1	12	1	2	4	8	16	32	64	128	256	512	1024	2048	255	497
276	93.359	17.904	15	21	1	12	1	2	4	8	16	32	64	128	256	512	1024	2048	71	301
277	57.392	39.208	25	6	1	12	1	2	4	8	16	32	64	128	256	512	1024	2048	233	515
278	-71.557	-36.715	24	9	1	12	1	2	4	8	16	32	64	128	256	512	1024	2048	176	481
279	-14.524	89.167	24	12	1	12	1	2	4	8	16	32	64	128	256	512	1024	2048	70	254
280	8.039	53.054	5	17	1	12	1	2	4	8	16	32	64	128	256	512	1024	2048	287	526
281	-98.054	-62.054	23	6	1	12	1	2	4	8	16	32	64	128	256	512	1024	2048	299	624
282	-18.945	-64.643	7	24	1	12	1	2	4	8	16	32	64	128	256	512	1024	2048	125	461
283	-54.479	-87.044	8	18	1	12	1	2	4	8	16	32	64	128	256	512	1024	2048	188	375
284	-26.151	-94.12	23	21	1	12	1	2	4	8	16	32	64	128	256	512	1024	2048	198	421
285	41.159	-70.376	20	18	1	12	1	2	4	8	16	32	64	128	256	512	1024	2048	130	320
286	-8.113	45.164	1	9	1	12	1	2	4	8	16	32	64	128	256	512	1024	2048	167	487
287	5.719	-69.297	16	2	1	12	1	2	4	8	16	32	64	128	256	512	1024	2048	134	407
288	16.737	13.999	16	19	1	12	1	2	4	8	16	32	64	128	256	512	1024	2048	190	506
289	-68.07	-37.383	10	17	1	12	1	2	4	8	16	32	64	128	256	512	1024	2048	163	504
290	90.854	-12.755	11	8	1	12	1	2	4	8	16	32	64	128	256	512	1024	2048	105	337
291	82.599	56.945	13	6	1	12	1	2	4	8	16	32	64	128	256	512	1024	2048	151	398
292	-73.608	53.311	11	13	1	12	1	2	4	8	16	32	64	128	256	512	1024	2048	224	490
293	86.904	51.033	6	6	1	12	1	2	4	8	16	32	64	128	256	512	1024	2048	75	414
294	-38.314	-2.919	7	18	1	12	1	2	4	8	16	32	64	128	256	512	1024	2048	95	423
295	-31.951	90.2	21	8	1	12	1	2	4	8	16	32	64	128	256	512	1024	2048	197	505
296	-66.08	92.757	15	8	1	12	1	2	4	8	16	32	64	128	256	512	1024	2048	227	484
297	-61	-76.207	9	12	1	12	1	2	4	8	16	32	64	128	256	512	1024	2048	71	417
298	-70.4	51.207	19	22	1	12	1	2	4	8	16	32	64	128	256	512	1024	2048	127	413
299	-45.384	-37.226	2	2	1	12	1	2	4	8	16	32	64	128	256	512	1024	2048	256	555
300	0.891	14.371	19	22	1	12	1	2	4	8	16	32	64	128	256	512	1024	2048	65	258
301	-50.982	-0.558	15	18	1	12	1	2	4	8	16	32	64	128	256	512	1024	2048	262	594
302	-86.846	-40.739	8	4	1	12	1	2	4	8	16	32	64	128	256	512	1024	2048	249	472
303	-56.905	-90.4	2	18	1	12	1	2	4	8	16	32	64	128	256	512	1024	2048	148	392
304	-98.436	60.291	24	18	1	12	1	2	4	8	16	32	64	128	256	512	1024	2048	80	264
305	16.876	-25.749	13	4	1	12	1	2	4	8	16	32	64	128	256	512	1024	2048	233	470
306	-76.032	-6.08	12	1	1	12	1	2	4	8	16	32	64	128	256	512	1024	2048	122	353
307	58.256	70.29	24	14	1	12	1	2	4	8	16	32	64	128	256	512	1024	2048	189	534
308	-43.192	94.758	2	13	1	12	1	2	4	8	16	32	64	128	256	512	1024	2048	228	521
309	-80.935	-67.892	12	19	1	12	1	2	4	8	16	32	64	128	256	512	1024	2048	144	504
310	48.066	-82.159	20	14	1	12	1	2	4	8	16	32	64	128	256	512	1024	2048	85	340
311	23.805	22.964	25	21	1	12	1	2	4	8	16	32	64	128	256	512	1024	2048	135	423
312	-25.54	84.101	22	22	1	12	1	2	4	8	16	32	64	128	256	512	1024	2048	285	469
313	90.076	23.883	9	13	1	12	1	2	4	8	16	32	64	128	256	512	1024	2048	267	621
314	-49.712	76.162	17	5	1	12	1	2	4	8	16	32	64	128	256	512	1024	2048	156	419
315	-74.976	16.511	21	5	1	12	1	2	4	8	16	32	64	128	256	512	1024	2048	110	360
316	9.806	-64.46	8	19	1	12	1	2	4	8	16	32	64	128	256	512	1024	2048	222	538
317	-39.537	17.082	12	24	1	12	1	2	4	8	16	32	64	128	256	512	1024	2048	137	355
318	-0.326	21.885	25	22	1	12	1	2	4	8	16	32	64	128	256	512	1024	2048	272	627
319	55.316	-50.975	1	15	1	12	1	2	4	8	16	32	64	128	256	512	1024	2048	202	546
320	54.429	-37.561	12	9	1	12	1	2	4	8	16	32	64	128	256	512	1024	2048	187	505
321	-73.911	29.639	19	4	1	12	1	2	4	8	16	32	64	128	256	512	1024	2048	295	486
322	35.748	-82.187	17	17	1	12	1	2	4	8	16	32	64	128	256	512	1024	2048	169	453
323	58.624	36.732	15	10	1	12	1	2	4	8	16	32	64	128	256	512	1024	2048	203	456
324	-97.904	-67.77	8	4	1	12	1	2	4	8	16	32	64	128	256	512	1024	2048	298	507
325	82.049	11.889	9	8	1	12	1	2	4	8	16	32	64	128	256	512	1024	2048	277	468
326	27.552	-71.304	14	3	1	12	1	2	4	8	16	32	64	128	256	512	1024	2048	126	321
327	-68.397	26.445	25	2	1	12	1	2	4	8	16	32	64	128	256	512	1024	2048	67	317
328	-1.506	26.509	2	10	1	12	1	2	4	8	16	32	64	128	256	512	1024	2048	191	528
329	18.466	-52.826	5	23	1	12	1	2	4	8	16	32	64	128	256	512	1024	2048	89	390
330	-17.836	83.8	8	23	1	12	1	2	4	8	16	32	64	128	256	512	1024	2048	267	505
331	78.547	30.537	13	13	1	12	1	2	4	8	16	32	64	128	256	512	1024	2048	236	560
332	-81.505	79.09	6	18	1	12	1	2	4	8	16	32	64	128	256	512	1024	2048	253	472
333	-81.554	74.666	10	24	1	12	1	2	4	8	16	32	64	128	256	512	1024	2048	245	445
334	-47.398	-83.47	23	13	1	12	1	2	4	8	16	32	64	128	256	512	1024	2048	84	428
335	-2.507	-72.084	5	11	1	12	1	2	4	8	16	32	64	128	256	512	1024	2048	287	467
336	-16.36	99.113	15	21	1	12	1	2	4	8	16	32	64	128	256	512	1024	2048	278	595
337	-49.633	-42.145	2	17	1	12	1	2	4	8	16	32	64	128	256	512	1024	2048	207	475
338	77.193	-90.581	23	1	1	12	1	2	4	8	16	32	64	128	256	512	1024	2048	243	427
339	-37.834	-84.422	18	4	1	12	1	2	4	8	16	32	64	128	256	512	1024	2048	102	307
340	74.247	-48.119	21	8	1	12	1	2	4	8	16	32	64	128	256	512	1024	2048	206	526
341	16.36	-18.325	5	4	1	12	1	2	4	8	16	32	64	128	256	512	1024	2048	288	556
342	73.656	-39.008	13	5	1	12	1	2	4	8	16	32	64	128	256	512	1024	2048	207	525
343	-21.892	84.581	23	17	1	12	1	2	4	8	16	32	64	128	256	512	1024	2048	63	273
344	-11.789	-18.976	11	20	1	12	1	2	4	8	16	32	64	128	256	512	1024	2048	115	327
345	-16.962	43.168	1	11	1	12	1	2	4	8	16	32	64	128	256	512	1024	2048	271	567
346	-83.289	-56.239	6	25	1	12	1	2	4	8	16	32	64	128	256	512	1024	2048	218	529
347	67.037	4.975	16	3	1	12	1	2	4	8	16	32	64	128	256	512	1024	2048	166	387
348	-29.358	-85.877	25	16	1	12	1	2	4	8	16	32	64	128	256	512	1024	2048	150	373
349	-57.893	-88.917	5	13	1	12	1	2	4	8	16	32	64	128	256	512	1024	2048	180	519
350	-88.691	4.523	15	16	1	12	1	2	4	8	16	32	64	128	256	512	1024	2048	266	573
351	49.394	1.532	8	22	1	12	1	2	4	8	16	32	64	128	256	512	1024	2048	244	493
352	1.442	-23.599	4	1	1	12	1	2	4	8	16	32	64	128	256	512	1024	2048	83	415
353	19.846	-31.792	23	19	1	12	1	2	4	8	16	32	64	128	256	512	1024	2048	206	395
354	-81.837	67.918	24	5	1	12	1	2	4	8	16	32	64	128	256	512	1024	2048	159	395
355	57.841	10.655	19	20	1	12	1	2	4	8	16	32	64	128	256	512	1024	2048	161	491
356	-61.91	6.282	18	19	1	12	1	2	4	8	16	32	64	128	256	512	1024	2048	76	317
357	0.556	-36.577	3	15	1	12	1	2	4	8	16	32	64	128	256	512	1024	2048	247	476
358	-61.624	38.528	10	13	1	12	1	2	4	8	16	32	64	128	256	512	1024	2048	117	450
359	-38.309	-90.507	5	13	1	12	1	2	4	8	16	32	64	128	256	512	1024	2048	100	290
360	-98.35	-91.793	19	3	1	12	1	2	4	8	16	32	64	128	256	512	1024	2048	278	521
361	17.601	-11.336	21	14	1	12	1	2	4	8	16	32	64	128	256	512	1024	2048	248	586
362	87.995	8.526	24	19	1	12	1	2	4	8	16	32	64	128	256	512	1024	2048	244	485
363	-82.823	-57.76	4	25	1	12	1	2	4	8	16	32	64	128	256	512	1024	2048	259	553
364	43.5	-44.233	5	13	1	12	1	2	4	8	16	32	64	128	256	512	1024	2048	195	501
365	-85.31	-22.107	7	6	1	12	1	2	4	8	16	32	64	128	256	512	1024	2048	285	490
366	-99.301	-33.313	6	5	1	12	1	2	4	8	16	32	64	128	256	512	1024	2048	163	440
367	-3.536	52.261	21	14	1	12	1	2	4	8	16	32	64	128	256	512	1024	2048	273	468
368	-31.742	61.593	24	18	1	12	1	2	4	8	16	32	64	128	256	512	1024	2048	122	370
369	-69.25	84.881	4	1	1	12	1	2	4	8	16	32	64	128	256	512	1024	2048	216	407
370	2.1	-20.161	21	1	1	12	1	2	4	8	16	32	64	128	256	512	1024	2048	203	423
371	97.266	14.248	25	8	1	12	1	2	4	8	16	32	64	128	256	512	1024	2048	207	410
372	-13.831	-90.172	20	6	1	12	1	2	4	8	16	32	64	128	256	512	1024	2048	74	395
373	60.366	-70.903	7	1	1	12	1	2	4	8	16	32	64	128	256	512	1024	2048	86	409
374	51.401	-9.408	4	21	1	12	1	2	4	8	16	32	64	128	256	512	1024	2048	159	376
375	83.059	63.785	2	21	1	12	1	2	4	8	16	32	64	128	256	512	1024	2048	196	376
376	50.318	-50.419	25	25	1	12	1	2	4	8	16	32	64	128	256	512	1024	2048	62	399
377	67.298	73.711	2	10	1	12	1	2	4	8	16	32	64	128	256	512	1024	2048	222	407
378	29.476	-18.334	11	18	1	12	1	2	4	8	16	32	64	128	256	512	1024	2048	187	528
379	-56.177	48.002	12	4	1	12	1	2	4	8	16	32	64	128	256	512	1024	2048	175	475
380	-73.613	-23.673	14	11	1	12	1	2	4	8	16	32	64	128	256	512	1024	2048	257	492
381	49.143	-59.275	20	24	1	12	1	2	4	8	16	32	64	128	256	512	1024	2048	178	473
382	37.508	99.189	1	9	1	12	1	2	4	8	16	32	64	128	256	512	1024	2048	241	453
383	55.565	89.13	9	22	1	12	1	2	4	8	16	32	64	128	256	512	1024	2048	232	477
384	-37.53	52.127	22	23	1	12	1	2	4	8	16	32	64	128	256	512	1024	2048	113	294
385	-41.782	80.566	21	8	1	12	1	2	4	8	16	32	64	128	256	512	1024	2048	151	465
386	-67.887	-47.081	5	7	1	12	1	2	4	8	16	32	64	128	256	512	1024	2048	228	463
387	-71.875	64.92	5	13	1	12	1	2	4	8	16	32	64	128	256	512	1024	2048	188	411
388	30.537	16.541	24	18	1	12	1	2	4	8	16	32	64	128	256	512	1024	2048	84	405
389	5.429	-36.924	2	6	1	12	1	2	4	8	16	32	64	128	256	512	1024	2048	217	546
390	-19.466	-94.773	21	19	1	12	1	2	4	8	16	32	64	128	256	512	1024	2048	153	489
391	94.995	37.283	20	22	1	12	1	2	4	8	16	32	64	128	256	512	1024	2048	216	496
392	-59.284	-51.669	7	11	1	12	1	2	4	8	16	32	64	128	256	512	1024	2048	147	414
393	83.677	-37.87	17	19	1	12	1	2	4	8	16	32	64	128	256	512	1024	2048	216	479
394	-31.282	76.958	25	1	1	12	1	2	4	8	16	32	64	128	256	512	1024	2048	219	399
395	-21.775	-62.707	24	6	1	12	1	2	4	8	16	32	64	128	256	512	1024	2048	77	422
396	-38.303	79.185	2	23	1	12	1	2	4	8	16	32	64	128	256	512	1024	2048	104	455
397	-65.405	-2.976	17	17	1	12	1	2	4	8	16	32	64	128	256	512	1024	2048	190	516
398	-42.148	-93.52	11	16	1	12	1	2	4	8	16	32	64	128	256	512	1024	2048	175	390
399	-45.922	64.594	11	1	1	12	1	2	4	8	16	32	64	128	256	512	1024	2048	216	484
400	39.221	-92.221	6	5	1	12	1	2	4	8	16	32	64	128	256	512	1024	2048	143	494
401	-16.407	-25.092	8	4	1	12	1	2	4	8	16	32	64	128	256	512	1024	2048	63	299
402	-88.039	99.59	17	23	1	12	1	2	4	8	16	32	64	128	256	512	1024	2048	87	307
403	44.941	-83.928	18	18	1	12	1	2	4	8	16	32	64	128	256	512	1024	2048	87	320
404	11.889	29.626	21	14	1	12	1	2	4	8	16	32	64	128	256	512	1024	2048	106	303
405	-87.778	-31.8	3	11	1	12	1	2	4	8	16	32	64	128	256	512	1024	2048	232	521
406	-23.326	-49.252	23	4	1	12	1	2	4	8	16	32	64	128	256	512	1024	2048	182	432
407	44.533	15.419	5	7	1	12	1	2	4	8	16	32	64	128	256	512	1024	2048	175	468
408	77.683	56.199	13	6	1	12	1	2	4	8	16	32	64	128	256	512	1024	2048	181	483
409	-99.186	69.319	25	19	1	12	1	2	4	8	16	32	64	128	256	512	1024	2048	180	403
410	70.024	-10.589	14	16	1	12	1	2	4	8	16	32	64	128	256	512	1024	2048	178	433
411	-10.537	-8.642	16	18	1	12	1	2	4	8	16	32	64	128	256	512	1024	2048	143	370
412	5.848	4.905	11	18	1	12	1	2	4	8	16	32	64	128	256	512	1024	2048	239	476
413	-82.654	41.072	16	7	1	12	1	2	4	8	16	32	64	128	256	512	1024	2048	75	432
414	-27.619	-79.653	24	23	1	12	1	2	4	8	16	32	64	128	256	512	1024	2048	214	443
415	70.688	27.688	25	25	1	12	1	2	4	8	16	32	64	128	256	512	1024	2048	217	554
416	-37.749	-28.9	2	20	1	12	1	2	4	8	16	32	64	128	256	512	1024	2048	95	442
417	68.157	66.833	6	21	1	12	1	2	4	8	16	32	64	128	256	512	1024	2048	209	446
418	-77.422	71.717	2	16	1	12	1	2	4	8	16	32	64	128	256	512	1024	2048	215	565
419	71.045	71.232	3	11	1	12	1	2	4	8	16	32	64	128	256	512	1024	2048	144	374
420	-19.769	39.49	20	19	1	12	1	2	4	8	16	32	64	128	256	512	1024	2048	98	349
421	-92.568	-64.347	21	1	1	12	1	2	4	8	16	32	64	128	256	512	1024	2048	153	429
422	22.94	-97.178	17	4	1	12	1	2	4	8	16	32	64	128	256	512	1024	2048	93	424
423	-96.173	8.074	6	19	1	12	1	2	4	8	16	32	64	128	256	512	1024	2048	298	654
424	17.682	-69.748	16	22	1	12	1	2	4	8	16	32	64	128	256	512	1024	2048	229	426
425	-57.768	39.715	16	13	1	12	1	2	4	8	16	32	64	128	256	512	1024	2048	243	582
426	-43.472	-70.011	7	21	1	12	1	2	4	8	16	32	64	128	256	512	1024	2048	148	457
427	76.019	-94.839	6	19	1	12	1	2	4	8	16	32	64	128	256	512	1024	2048	144	425
428	-63.408	-32.63	5	10	1	12	1	2	4	8	16	32	64	128	256	512	1024	2048	240	532
429	-27.557	30.459	23	22	1	12	1	2	4	8	16	32	64	128	256	512	1024	2048	117	459
430	-99.622	-10.417	15	19	1	12	1	2	4	8	16	32	64	128	256	512	1024	2048	130	392
431	-96.408	-90.976	15	3	1	12	1	2	4	8	16	32	64	128	256	512	1024	2048	91	450
432	75.591	33.895	11	20	1	12	1	2	4	8	16	32	64	128	256	512	1024	2048	279	512
433	-97.661	-68.98	15	22	1	12	1	2	4	8	16	32	64	128	256	512	1024	2048	211	455
434	78.338	95.216	1	11	1	12	1	2	4	8	16	32	64	128	256	512	1024	2048	229	414
435	64.916	75.631	22	16	1	12	1	2	4	8	16	32	64	128	256	512	1024	2048	223	411
436	-97.571	40.149	11	9	1	12	1	2	4	8	16	32	64	128	256	512	1024	2048	72	301
437	-41.943	75.364	18	14	1	12	1	2	4	8	16	32	64	128	256	512	1024	2048	219	530
438	-93.925	11.645	4	25	1	12	1	2	4	8	16	32	64	128	256	512	1024	2048	169	406
439	56.102	-95.681	16	6	1	12	1	2	4	8	16	32	64	128	256	512	1024	2048	172	357
440	16.477	-25.814	10	8	1	12	1	2	4	8	16	32	64	128	256	512	1024	2048	242	477
441	-42.382	76.447	13	22	1	12	1	2	4	8	16	32	64	128	256	512	1024	2048	261	469
442	-44.745	78.318	21	16	1	12	1	2	4	8	16	32	64	128	256	512	1024	2048	201	502
443	-70.17	-50.321	14	12	1	12	1	2	4	8	16	32	64	128	256	512	1024	2048	299	533
444	43.628	6.119	6	4	1	12	1	2	4	8	16	32	64	128	256	512	1024	2048	87	289
445	55.957	-58.153	1	12	1	12	1	2	4	8	16	32	64	128	256	512	1024	2048	261	581
446	20.394	34.159	12	24	1	12	1	2	4	8	16	32	64	128	256	512	1024	2048	102	434
447	-80.586	-94.243	13	22	1	12	1	2	4	8	16	32	64	128	256	512	1024	2048	191	408
448	-72.56	99.292	7	22	1	12	1	2	4	8	16	32	64	128	256	512	1024	2048	61	283
449	88.007	15.369	3	7	1	12	1	2	4	8	16	32	64	128	256	512	1024	2048	258	609
450	-48.437	-54.38	6	4	1	12	1	2	4	8	16	32	64	128	256	512	1024	2048	245	554
451	-99.368	18.267	1	11	1	12	1	2	4	8	16	32	64	128	256	512	1024	2048	192	450
452	28.532	-88.483	1	11	1	12	1	2	4	8	16	32	64	128	256	512	1024	2048	282	497
453	98.434	-83.286	19	2	1	12	1	2	4	8	16	32	64	128	256	512	1024	2048	133	401
454	-92.193	-55.04	20	14	1	12	1	2	4	8	16	32	64	128	256	512	1024	2048	213	410
455	-1.879	36.763	20	17	1	12	1	2	4	8	16	32	64	128	256	512	1024	2048	192	483
456	68.398	33.017	10	1	1	12	1	2	4	8	16	32	64	128	256	512	1024	2048	213	519
457	-59.529	76.935	25	16	1	12	1	2	4	8	16	32	64	128	256	512	1024	2048	97	391
458	-76.104	59.656	5	3	1	12	1	2	4	8	16	32	64	128	256	512	1024	2048	287	528
459	-80.412	18.087	9	2	1	12	1	2	4	8	16	32	64	128	256	512	1024	2048	203	517
460	30.871	-61.571	4	18	1	12	1	2	4	8	16	32	64	128	256	512	1024	2048	226	513
461	88.587	96.736	4	6	1	12	1	2	4	8	16	32	64	128	256	512	1024	2048	297	602
462	7.128	81.991	22	5	1	12	1	2	4	8	16	32	64	128	256	512	1024	2048	66	264
463	-90.995	-67.043	17	19	1	12	1	2	4	8	16	32	64	128	256	512	1024	2048	199	416
464	-4.581	57.715	20	12	1	12	1	2	4	8	16	32	64	128	256	512	1024	2048	81	269
465	-89.568	97.849	20	21	1	12	1	2	4	8	16	32	64	128	256	512	1024	2048	216	397
466	23.934	8.48	5	19	1	12	1	2	4	8	16	32	64	128	256	512	1024	2048	76	275
467	90.895	44.75	11	8	1	12	1	2	4	8	16	32	64	128	256	512	1024	2048	265	509
468	53.032	-15.794	23	21	1	12	1	2	4	8	16	32	64	128	256	512	1024	2048	159	499
469	-94.632	-37.316	18	21	1	12	1	2	4	8	16	32	64	128	256	512	1024	2048	92	420
470	83.173	0.908	17	25	1	12	1	2	4	8	16	32	64	128	256	512	1024	2048	203	467
471	-69.111	28.013	18	1	1	12	1	2	4	8	16	32	64	128	256	512	1024	2048	274	538
472	-25.602	-82.965	20	13	1	12	1	2	4	8	16	32	64	128	256	512	1024	2048	118	333
473	81.065	92.421	2	11	1	12	1	2	4	8	16	32	64	128	256	512	1024	2048	149	390
474	-60.961	57.279	14	20	1	12	1	2	4	8	16	32	64	128	256	512	1024	2048	249	568
475	-7.482	97.751	13	13	1	12	1	2	4	8	16	32	64	128	256	512	1024	2048	226	553
476	-13.912	-57.282	18	4	1	12	1	2	4	8	16	32	64	128	256	512	1024	2048	229	579
477	-34.426	-48.883	2	4	1	12	1	2	4	8	16	32	64	128	256	512	1024	2048	247	477
478	52.381	47.645	17	10	1	12	1	2	4	8	16	32	64	128	256	512	1024	2048	161	472
479	-38.001	3.211	15	13	1	12	1	2	4	8	16	32	64	128	256	512	1024	2048	170	479
480	-83.29	-97.839	6	8	1	12	1	2	4	8	16	32	64	128	256	512	1024	2048	149	365
481	76.956	-87.147	5	11	1	12	1	2	4	8	16	32	64	128	256	512	1024	2048	235	594
482	71.79	-23.471	14	14	1	12	1	2	4	8	16	32	64	128	256	512	1024	2048	65	288
483	-18.26	67.64	11	12	1	12	1	2	4	8	16	32	64	128	256	512	1024	2048	127	418
484	-45.884	82.377	15	23	1	12	1	2	4	8	16	32	64	128	256	512	1024	2048	216	476
485	45.182	-13.815	7	9	1	12	1	2	4	8	16	32	64	128	256	512	1024	2048	261	612
486	-16.579	-91.529	16	19	1	12	1	2	4	8	16	32	64	128	256	512	1024	2048	174	419
487	79.309	-48.181	5	1	1	12	1	2	4	8	16	32	64	128	256	512	1024	2048	79	378
488	-22.648	-80.734	21	9	1	12	1	2	4	8	16	32	64	128	256	512	1024	2048	254	476
489	48.55	-77.742	9	19	1	12	1	2	4	8	16	32	64	128	256	512	1024	2048	237	481
490	66.838	44.888	22	11	1	12	1	2	4	8	16	32	64	128	256	512	1024	2048	80	391
491	-84.768	-79.497	11	10	1	12	1	2	4	8	16	32	64	128	256	512	1024	2048	242	582
492	-52.882	42.124	23	6	1	12	1	2	4	8	16	32	64	128	256	512	1024	2048	140	421
493	91.457	8.581	14	2	1	12	1	2	4	8	16	32	64	128	256	512	1024	2048	270	600
494	-70.771	44.683	22	3	1	12	1	2	4	8	16	32	64	128	256	512	1024	2048	172	375
495	-38.296	70.884	24	16	1	12	1	2	4	8	16	32	64	128	256	512	1024	2048	277	557
496	78.806	77.5	6	4	1	12	1	2	4	8	16	32	64	128	256	512	1024	2048	217	405
497	-17.485	-94.26	10	2	1	12	1	2	4	8	16	32	64	128	256	512	1024	2048	217	445
498	3.023	31.798	13	20	1	12	1	2	4	8	16	32	64	128	256	512	1024	2048	174	364
499	16.812	-55.327	5	12	1	12	1	2	4	8	16	32	64	128	256	512	1024	2048	103	349
500	25.24	-84.17	18	4	1	12	1	2	4	8	16	32	64	128	256	512	1024	2048	188	380
501	-82.696	-57.59	23	15	1	12	1	2	4	8	16	32	64	128	256	512	1024	2048	70	348
502	-27.46	61.856	23	11	1	12	1	2	4	8	16	32	64	128	256	512	1024	2048	95	341
503	-86.587	80.24	4	20	1	12	1	2	4	8	16	32	64	128	256	512	1024	2048	280	529
504	-34.357	20.982	18	4	1	12	1	2	4	8	16	32	64	128	256	512	1024	2048	111	362
505	95.827	-61.133	6	12	1	12	1	2	4	8	16	32	64	128	256	512	1024	2048	209	517
506	-85.297	79.473	14	4	1	12	1	2	4	8	16	32	64	128	256	512	1024	2048	197	500
507	13.355	-27.539	14	14	1	12	1	2	4	8	16	32	64	128	256	512	1024	2048	238	429
508	-96.872	35.735	16	17	1	12	1	2	4	8	16	32	64	128	256	512	1024	2048	61	284
509	-62.539	45.069	3	9	1	12	1	2	4	8	16	32	64	128	256	512	1024	2048	151	378
510	92.63	-37.475	4	10	1	12	1	2	4	8	16	32	64	128	256	512	1024	2048	178	366
511	-69.398	32.868	8	11	1	12	1	2	4	8	16	32	64	128	256	512	1024	2048	72	331
512	43.035	78.401	1	9	1	12	1	2	4	8	16	32	64	128	256	512	1024	2048	71	283
513	-78.774	-97.845	7	23	1	12	1	2	4	8	16	32	64	128	256	512	1024	2048	103	378
514	63.122	-28.211	6	25	1	12	1	2	4	8	16	32	64	128	256	512	1024	2048	102	390
515	-50.127	-7.132	13	25	1	12	1	2	4	8	16	32	64	128	256	512	1024	2048	140	421
516	67.502	-4.767	22	16	1	12	1	2	4	8	16	32	64	128	256	512	1024	2048	82	350
517	87.95	68.081	18	23	1	12	1	2	4	8	16	32	64	128	256	512	1024	2048	238	422
518	77.513	37.872	9	7	1	12	1	2	4	8	16	32	64	128	256	512	1024	2048	219	454
519	-30.657	-37.889	2	5	1	12	1	2	4	8	16	32	64	128	256	512	1024	2048	108	401
520	-32.922	-57.05	8	18	1	12	1	2	4	8	16	32	64	128	256	512	1024	2048	161	437
521	-88.654	67.289	5	11	1	12	1	2	4	8	16	32	64	128	256	512	1024	2048	80	330
522	-70.256	81.637	10	10	1	12	1	2	4	8	16	32	64	128	256	512	1024	2048	260	596
523	78.346	73.703	25	13	1	12	1	2	4	8	16	32	64	128	256	512	1024	2048	236	521
524	-84.333	-80.772	2	6	1	12	1	2	4	8	16	32	64	128	256	512	1024	2048	190	543
525	-36.57	-23.585	12	7	1	12	1	2	4	8	16	32	64	128	256	512	1024	2048	295	584
526	-3.343	96.136	25	18	1	12	1	2	4	8	16	32	64	128	256	512	1024	2048	184	389
527	-27.868	27.847	23	1	1	12	1	2	4	8	16	32	64	128	256	512	1024	2048	142	332
528	22.987	11.002	20	12	1	12	1	2	4	8	16	32	64	128	256	512	1024	2048	129	394
529	-40.126	83.374	19	6	1	12	1	2	4	8	16	32	64	128	256	512	1024	2048	102	287
530	93.385	-75.927	15	4	1	12	1	2	4	8	16	32	64	128	256	512	1024	2048	106	355
531	-70.184	-69.884	21	23	1	12	1	2	4	8	16	32	64	128	256	512	1024	2048	167	365
532	-76.195	78.467	16	7	1	12	1	2	4	8	16	32	64	128	256	512	1024	2048	270	478
533	-70.312	-96.751	11	9	1	12	1	2	4	8	16	32	64	128	256	512	1024	2048	237	560
534	-17.638	95.431	21	22	1	12	1	2	4	8	16	32	64	128	256	512	1024	2048	134	462
535	-89.402	6.426	16	3	1	12	1	2	4	8	16	32	64	128	256	512	1024	2048	271	615
536	92.973	27.36	17	3	1	12	1	2	4	8	16	32	64	128	256	512	1024	2048	118	339
537	53.399	-12.485	3	15	1	12	1	2	4	8	16	32	64	128	256	512	1024	2048	77	344
538	-97.435	-41.61	11	16	1	12	1	2	4	8	16	32	64	128	256	512	1024	2048	112	311
539	-49.654	-55.233	24	24	1	12	1	2	4	8	16	32	64	128	256	512	1024	2048	248	451
540	-11.199	-83.05	24	25	1	12	1	2	4	8	16	32	64	128	256	512	1024	2048	175	359
541	-82.244	-83.4	4	16	1	12	1	2	4	8	16	32	64	128	256	512	1024	2048	145	404
542	-26.095	57.655	13	9	1	12	1	2	4	8	16	32	64	128	256	512	1024	2048	220	548
543	-49.244	93.869	21	1	1	12	1	2	4	8	16	32	64	128	256	512	1024	2048	182	405
544	-54.417	55.83	14	4	1	12	1	2	4	8	16	32	64	128	256	512	1024	2048	89	429
545	53.013	-63.241	1	14	1	12	1	2	4	8	16	32	64	128	256	512	1024	2048	285	635
546	51.548	90.756	10	15	1	12	1	2	4	8	16	32	64	128	256	512	1024	2048	290	546
547	-83.565	84.086	21	5	1	12	1	2	4	8	16	32	64	128	256	512	1024	2048	96	343
548	-80.13	3.963	3	7	1	12	1	2	4	8	16	32	64	128	256	512	1024	2048	235	564
549	-91.688	14.637	17	1	1	12	1	2	4	8	16	32	64	128	256	512	1024	2048	250	483
550	-55.77	18.579	6	1	1	12	1	2	4	8	16	32	64	128	256	512	1024	2048	186	446
551	73.503	91.074	1	4	1	12	1	2	4	8	16	32	64	128	256	512	1024	2048	84	443
552	72.24	56.12	25	25	1	12	1	2	4	8	16	32	64	128	256	512	1024	2048	156	460
553	-45.032	42.513	21	2	1	12	1	2	4	8	16	32	64	128	256	512	1024	2048	99	330
554	30.536	-85.699	8	25	1	12	1	2	4	8	16	32	64	128	256	512	1024	2048	142	349
555	65.113	87.452	23	20	1	12	1	2	4	8	16	32	64	128	256	512	1024	2048	242	548
556	26.49	-78.842	17	5	1	12	1	2	4	8	16	32	64	128	256	512	1024	2048	95	306
557	-22.337	42.121	22	15	1	12	1	2	4	8	16	32	64	128	256	512	1024	2048	111	355
558	84.538	-60.209	12	3	1	12	1	2	4	8	16	32	64	128	256	512	1024	2048	183	410
559	50.983	93.897	18	14	1	12	1	2	4	8	16	32	64	128	256	512	1024	2048	221	510
560	67.771	-41.162	15	6	1	12	1	2	4	8	16	32	64	128	256	512	1024	2048	65	256
561	-10.946	-81.136	5	20	1	12	1	2	4	8	16	32	64	128	256	512	1024	2048	111	428
562	88.799	4.174	3	6	1	12	1	2	4	8	16	32	64	128	256	512	1024	2048	277	533
563	95.111	84.526	21	15	1	12	1	2	4	8	16	32	64	128	256	512	1024	2048	97	442
564	-15.398	70.27	15	17	1	12	1	2	4	8	16	32	64	128	256	512	1024	2048	76	336
565	-72.079	-63.477	18	15	1	12	1	2	4	8	16	32	64	128	256	512	1024	2048	283	566
566	-7.708	63.376	13	1	1	12	1	2	4	8	16	32	64	128	256	512	1024	2048	257	611
567	38.759	-76.813	21	3	1	12	1	2	4	8	16	32	64	128	256	512	1024	2048	101	343
568	-7.31	-17.889	4	2	1	12	1	2	4	8	16	32	64	128	256	512	1024	2048	134	419
569	46.213	58.74	18	22	1	12	1	2	4	8	16	32	64	128	256	512	1024	2048	276	509
570	15.571	-24.527	4	24	1	12	1	2	4	8	16	32	64	128	256	512	1024	2048	70	309
571	89.007	15.6	23	9	1	12	1	2	4	8	16	32	64	128	256	512	1024	2048	98	297
572	8.629	6.921	13	5	1	12	1	2	4	8	16	32	64	128	256	512	1024	2048	199	517
573	-87.182	89.72	1	11	1	12	1	2	4	8	16	32	64	128	256	512	1024	2048	294	577
574	-60.518	48.371	22	15	1	12	1	2	4	8	16	32	64	128	256	512	1024	2048	108	313
575	-87.307	95.3	11	6	1	12	1	2	4	8	16	32	64	128	256	512	1024	2048	166	456
576	44.515	-15.86	17	17	1	12	1	2	4	8	16	32	64	128	256	512	1024	2048	171	507
577	47.418	60.176	8	3	1	12	1	2	4	8	16	32	64	128	256	512	1024	2048	223	454
578	40.465	-28.865	8	22	1	12	1	2	4	8	16	32	64	128	256	512	1024	2048	68	411
579	-25.052	57.65	22	19	1	12	1	2	4	8	16	32	64	128	256	512	1024	2048	108	423
580	-19.842	-88.066	7	6	1	12	1	2	4	8	16	32	64	128	256	512	1024	2048	97	315
581	8.498	21.597	3	25	1	12	1	2	4	8	16	32	64	128	256	512	1024	2048	251	466
582	-4.075	-57.002	12	7	1	12	1	2	4	8	16	32	64	128	256	512	1024	2048	196	458
583	-98.297	-26.045	23	18	1	12	1	2	4	8	16	32	64	128	256	512	1024	2048	109	391
584	-27.286	12.747	9	13	1	12	1	2	4	8	16	32	64	128	256	512	1024	2048	270	584
585	-30.609	-58.8	11	17	1	12	1	2	4	8	16	32	64	128	256	512	1024	2048	158	479
586	8.692	-91.843	2	19	1	12	1	2	4	8	16	32	64	128	256	512	1024	2048	257	600
587	65.178	-5.969	12	22	1	12	1	2	4	8	16	32	64	128	256	512	1024	2048	115	451
588	54.953	-96.962	7	22	1	12	1	2	4	8	16	32	64	128	256	512	1024	2048	63	414
589	-97.103	58.234	1	2	1	12	1	2	4	8	16	32	64	128	256	512	1024	2048	71	321
590	97.477	81.35	8	3	1	12	1	2	4	8	16	32	64	128	256	512	1024	2048	239	581
591	99.274	-85.273	12	5	1	12	1	2	4	8	16	32	64	128	256	512	1024	2048	61	399
592	-92.125	-39.229	22	20	1	12	1	2	4	8	16	32	64	128	256	512	1024	2048	253	546
593	-80.296	99.275	8	16	1	12	1	2	4	8	16	32	64	128	256	512	1024	2048	242	453
594	-4.521	89.601	12	9	1	12	1	2	4	8	16	32	64	128	256	512	1024	2048	137	325
595	96.536	-32.462	8	20	1	12	1	2	4	8	16	32	64	128	256	512	1024	2048	197	547
596	89.958	60.167	5	2	1	12	1	2	4	8	16	32	64	128	256	512	1024	2048	293	512
597	-21.204	34.464	6	9	1	12	1	2	4	8	16	32	64	128	256	512	1024	2048	129	462
598	-92.189	42.041	7	6	1	12	1	2	4	8	16	32	64	128	256	512	1024	2048	244	486
599	26.647	-63.615	25	21	1	12	1	2	4	8	16	32	64	128	256	512	1024	2048	277	527
600	40.766	99.974	23	7	1	12	1	2	4	8	16	32	64	128	256	512	1024	2048	170	504
601	44.306	-25.952	0	0	0	0	0	1000
602	-32.403	14.042	0	0	0	0	0	1000
603	37.663	13.769	0	0	0	0	0	1000
604	-15.104	12.111	0	0	0	0	0	1000
605	32.413	24.218	0	0	0	0	0	1000
606	10.846	-42.185	0	0	0	0	0	1000
607	37.199	1.346	0	0	0	0	0	1000
608	-33.128	-14.172	0	0	0	0	0	1000
609	-8.716	-4.86	0	0	0	0	0	1000
610	-25.037	19.618	0	0	0	0	0	1000
611	23.605	39.795	0	0	0	0	0	1000
612	41.196	45.258	0	0	0	0	0	1000
