6 16 600 4
430 190
430 190
430 190
430 190
1	70.769	-29.196	22	16	1	4	1	2	4	8	218	393
2	-79.231	74.084	1	6	1	4	1	2	4	8	252	407
3	97.576	-85.391	7	19	1	4	1	2	4	8	65	194
4	68.832	-19.019	1	21	1	4	1	2	4	8	111	284
5	-87.907	91.417	13	2	1	4	1	2	4	8	367	517
6	-27.185	1.319	13	19	1	4	1	2	4	8	426	586
7	49.321	40.594	23	11	1	4	1	2	4	8	204	353
8	93.058	62.799	6	14	1	4	1	2	4	8	355	513
9	66.827	-43.508	12	21	1	4	1	2	4	8	311	432
10	77.556	98.223	10	5	1	4	1	2	4	8	192	342
11	-60.744	86.188	10	9	1	4	1	2	4	8	302	439
12	79.995	-50.762	19	17	1	4	1	2	4	8	453	573
13	64.497	14.175	14	12	1	4	1	2	4	8	137	266
14	94.934	54.93	10	18	1	4	1	2	4	8	278	414
15	-52.087	66.721	23	21	1	4	1	2	4	8	320	485
16	15.07	8.961	5	3	1	4	1	2	4	8	70	184
17	35.846	-64.678	14	14	1	4	1	2	4	8	62	218
18	23.023	83.251	25	22	1	4	1	2	4	8	342	497
19	-11.115	10.705	17	15	1	4	1	2	4	8	419	559
20	64.93	39.527	6	14	1	4	1	2	4	8	332	470
21	-70.629	-90.927	22	11	1	4	1	2	4	8	166	269
22	-87.41	68.209	4	20	1	4	1	2	4	8	295	419
23	27.174	-34.118	1	16	1	4	1	2	4	8	355	447
24	-53.887	46.247	19	5	1	4	1	2	4	8	254	391
25	-95.191	-1.038	6	4	1	4	1	2	4	8	62	194
26	19.02	74.803	5	20	1	4	1	2	4	8	395	505
27	-26.046	-12.517	22	21	1	4	1	2	4	8	361	532
28	19.23	74.597	22	15	1	4	1	2	4	8	394	565
29	-95.339	60.508	15	11	1	4	1	2	4	8	64	237
30	48.564	-11.497	16	20	1	4	1	2	4	8	173	344
31	42.316	-4.864	5	10	1	4	1	2	4	8	332	489
32	43.546	61.968	14	14	1	4	1	2	4	8	132	233
33	29.527	-98.943	18	23	1	4	1	2	4	8	345	507
34	42.071	-69.016	22	4	1	4	1	2	4	8	153	320
35	-45.613	29.637	16	20	1	4	1	2	4	8	297	436
36	-9.572	-86.566	21	25	1	4	1	2	4	8	198	330
37	3.917	33.51	25	8	1	4	1	2	4	8	277	432
38	85.217	-79.948	11	7	1	4	1	2	4	8	94	224
39	57.628	80.163	19	4	1	4	1	2	4	8	97	190
40	96.538	57.972	8	1	1	4	1	2	4	8	136	274
41	91.649	-41.534	10	23	1	4	1	2	4	8	409	569
42	9.78	93.652	13	20	1	4	1	2	4	8	240	405
43	63.531	94.46	7	22	1	4	1	2	4	8	126	235
44	77.053	47.884	1	6	1	4	1	2	4	8	431	570
45	-36.597	-47.695	10	24	1	4	1	2	4	8	339	456
46	-72.402	23.878	22	16	1	4	1	2	4	8	439	603
47	-78.868	-50.176	7	11	1	4	1	2	4	8	314	429
48	4.082	-89.608	21	1	1	4	1	2	4	8	464	591
49	0.059	92.423	24	23	1	4	1	2	4	8	365	485
50	-76.866	47.64	25	2	1	4	1	2	4	8	209	333
51	83.604	-95.448	8	16	1	4	1	2	4	8	121	259
52	93.73	52.683	7	16	1	4	1	2	4	8	244	377
53	59.516	22.106	17	2	1	4	1	2	4	8	105	195
54	-77.177	-94.324	12	20	1	4	1	2	4	8	277	381
55	34.638	-85.192	6	7	1	4	1	2	4	8	465	591
56	-55.442	-62.205	20	17	1	4	1	2	4	8	276	408
57	-98.137	-73.146	3	4	1	4	1	2	4	8	356	502
58	-73.753	-18.809	22	23	1	4	1	2	4	8	398	520
59	-13.928	37.488	12	12	1	4	1	2	4	8	275	392
60	82.692	-16.542	15	18	1	4	1	2	4	8	293	414
61	19.734	73.01	7	2	1	4	1	2	4	8	332	425
62	-97.99	57.599	21	7	1	4	1	2	4	8	74	193
63	57.439	-82.957	15	14	1	4	1	2	4	8	138	236
64	-82.281	47.029	14	24	1	4	1	2	4	8	298	429
65	44.269	-40.427	21	25	1	4	1	2	4	8	375	466
66	95.576	-2.344	3	3	1	4	1	2	4	8	437	598
67	-8.428	-84.828	7	7	1	4	1	2	4	8	400	576
68	66.208	-86.82	16	3	1	4	1	2	4	8	187	338
69	66.656	-78.973	25	4	1	4	1	2	4	8	306	400
70	40.64	90.624	18	12	1	4	1	2	4	8	273	400
71	3.163	-41.893	25	22	1	4	1	2	4	8	179	338
72	62.926	93.578	10	1	1	4	1	2	4	8	115	205
73	-88.784	48.968	21	19	1	4	1	2	4	8	353	509
74	-35.348	69.916	15	16	1	4	1	2	4	8	414	567
75	48.137	21.153	12	15	1	4	1	2	4	8	479	589
76	-87.774	53.083	6	9	1	4	1	2	4	8	84	248
77	-33.654	28.555	18	23	1	4	1	2	4	8	177	285
78	-81.397	-82.066	22	25	1	4	1	2	4	8	370	493
79	92.41	-10.076	17	19	1	4	1	2	4	8	182	313
80	70.726	-85.392	7	15	1	4	1	2	4	8	333	482
81	35.108	40.007	12	13	1	4	1	2	4	8	343	439
82	-54.311	90.973	12	10	1	4	1	2	4	8	344	520
83	35.154	33.779	25	20	1	4	1	2	4	8	185	328
84	-33.562	-83.864	20	18	1	4	1	2	4	8	201	377
85	42.256	-55.045	15	4	1	4	1	2	4	8	280	435
86	-94.215	-36.933	15	22	1	4	1	2	4	8	73	241
87	89.73	42.601	17	3	1	4	1	2	4	8	279	385
88	-57.644	65.021	13	10	1	4	1	2	4	8	269	375
89	-78.914	80.272	23	25	1	4	1	2	4	8	200	316
90	23.701	24.168	18	16	1	4	1	2	4	8	472	623
91	79.622	96.988	5	13	1	4	1	2	4	8	111	281
92	-63.145	-5.725	12	11	1	4	1	2	4	8	464	584
93	93.216	8.942	12	15	1	4	1	2	4	8	139	259
94	-13.405	93.229	19	8	1	4	1	2	4	8	289	401
95	-50.427	-72.999	3	16	1	4	1	2	4	8	215	327
96	-84.72	-67.492	25	23	1	4	1	2	4	8	324	502
97	44.419	41.31	15	24	1	4	1	2	4	8	159	255
98	-62.745	65.696	16	1	1	4	1	2	4	8	407	503
99	56.967	40.619	14	10	1	4	1	2	4	8	425	564
100	60.497	-71.289	7	1	1	4	1	2	4	8	416	516
101	59.729	-28.772	10	13	1	4	1	2	4	8	412	561
102	27.977	10.761	5	11	1	4	1	2	4	8	115	254
103	-11.22	55.675	2	14	1	4	1	2	4	8	231	348
104	15.038	-71.58	5	6	1	4	1	2	4	8	376	534
105	2.362	-68.305	1	25	1	4	1	2	4	8	132	282
106	58.311	48.743	22	12	1	4	1	2	4	8	91	198
107	-68.317	85.241	9	21	1	4	1	2	4	8	353	517
108	61.408	-70.084	21	24	1	4	1	2	4	8	393	494
109	26.996	69.617	25	4	1	4	1	2	4	8	324	478
110	62.101	-59.575	6	23	1	4	1	2	4	8	137	274
111	65.2	-79.032	7	16	1	4	1	2	4	8	234	351
112	28.54	-57.815	5	13	1	4	1	2	4	8	386	536
113	-70.423	-80.983	8	15	1	4	1	2	4	8	240	389
114	88.97	-62.216	7	17	1	4	1	2	4	8	299	428
115	90.236	65.352	11	22	1	4	1	2	4	8	135	308
116	50.477	43.724	21	15	1	4	1	2	4	8	186	357
117	63.462	15.785	20	6	1	4	1	2	4	8	287	398
118	-96.279	-76.955	7	8	1	4	1	2	4	8	207	307
119	-6.412	-8.384	9	7	1	4	1	2	4	8	373	463
120	-88.11	36.757	17	23	1	4	1	2	4	8	260	394
121	57.635	74.254	16	16	1	4	1	2	4	8	173	339
122	75.649	-22.328	6	24	1	4	1	2	4	8	231	332
123	22.128	-58.142	14	9	1	4	1	2	4	8	269	437
124	-80.607	-68.704	10	17	1	4	1	2	4	8	129	307
125	77.577	55.188	15	20	1	4	1	2	4	8	454	572
126	44.177	29.352	9	10	1	4	1	2	4	8	409	585
127	31.48	34.232	22	23	1	4	1	2	4	8	153	326
128	-53.086	30.88	17	6	1	4	1	2	4	8	123	288
129	-29.757	-67.398	10	8	1	4	1	2	4	8	128	288
130	55.592	-74.02	25	13	1	4	1	2	4	8	260	430
131	-25.893	35.631	20	4	1	4	1	2	4	8	353	479
132	20.784	20.082	2	19	1	4	1	2	4	8	300	392
133	46.345	-91.145	2	15	1	4	1	2	4	8	188	287
134	-66.123	-46.35	6	19	1	4	1	2	4	8	192	339
135	75.201	-35.894	12	15	1	4	1	2	4	8	319	444
136	36.561	60.148	3	13	1	4	1	2	4	8	344	443
137	61.374	97.776	17	1	1	4	1	2	4	8	262	387
138	81.275	81.851	19	3	1	4	1	2	4	8	79	194
139	-49.189	-60.161	17	7	1	4	1	2	4	8	316	425
140	44.034	-53.23	6	18	1	4	1	2	4	8	181	361
141	37.828	-68.314	21	22	1	4	1	2	4	8	354	471
142	-53.671	-23.869	9	6	1	4	1	2	4	8	96	217
143	-57.209	44.528	23	22	1	4	1	2	4	8	203	344
144	39.521	-95.385	6	5	1	4	1	2	4	8	476	585
145	-91.131	-65.33	16	15	1	4	1	2	4	8	479	593
146	8.347	65.426	3	20	1	4	1	2	4	8	313	446
147	75.979	89.084	10	7	1	4	1	2	4	8	298	427
148	99.637	-49.794	22	16	1	4	1	2	4	8	129	302
149	-23.496	95.279	20	2	1	4	1	2	4	8	467	612
150	-79.277	-22.748	18	11	1	4	1	2	4	8	427	577
151	15.242	95.652	4	17	1	4	1	2	4	8	143	235
152	-84.997	-0.574	17	4	1	4	1	2	4	8	269	393
153	91.039	69.953	12	1	1	4	1	2	4	8	79	224
154	-60.235	81.351	17	12	1	4	1	2	4	8	329	456
155	17.006	56.009	20	7	1	4	1	2	4	8	64	163
156	-66.73	-41.659	3	5	1	4	1	2	4	8	170	272
157	-4.533	9.104	12	10	1	4	1	2	4	8	476	650
158	-6.237	85.991	5	7	1	4	1	2	4	8	142	308
159	-75.497	97.859	11	18	1	4	1	2	4	8	95	207
160	7.882	40.441	23	13	1	4	1	2	4	8	97	237
161	-52.731	99.84	25	13	1	4	1	2	4	8	268	429
162	89.001	21.294	20	15	1	4	1	2	4	8	453	574
163	-29.736	-36.741	8	2	1	4	1	2	4	8	320	410
164	19.658	-61.825	19	17	1	4	1	2	4	8	287	396
165	83.76	-44.755	24	9	1	4	1	2	4	8	61	214
166	-81.878	-88.726	5	24	1	4	1	2	4	8	432	568
167	15.145	38.068	19	10	1	4	1	2	4	8	195	292
168	71.735	46.04	9	19	1	4	1	2	4	8	152	245
169	58.221	92.206	11	5	1	4	1	2	4	8	277	457
170	-34.867	-90.024	20	16	1	4	1	2	4	8	239	403
171	4.769	90.88	6	12	1	4	1	2	4	8	313	461
172	-79.62	43.504	16	24	1	4	1	2	4	8	231	366
173	79.308	-61.354	18	8	1	4	1	2	4	8	293	387
174	-97.764	4.529	20	4	1	4	1	2	4	8	175	317
175	-71.019	18.95	5	11	1	4	1	2	4	8	98	219
176	-63.107	50.759	15	19	1	4	1	2	4	8	271	425
177	70.727	97.116	21	12	1	4	1	2	4	8	444	565
178	98.13	-21.122	15	21	1	4	1	2	4	8	302	451
179	90.441	89.427	25	8	1	4	1	2	4	8	297	455
180	-89.295	-86.07	16	24	1	4	1	2	4	8	440	535
181	54.095	31.333	2	12	1	4	1	2	4	8	69	230
182	-47.018	-99.842	7	1	1	4	1	2	4	8	363	465
183	77.426	-32.749	3	3	1	4	1	2	4	8	69	231
184	-50.837	44.492	10	21	1	4	1	2	4	8	86	230
185	-24.373	-41.795	14	20	1	4	1	2	4	8	100	212
186	-79.746	52.476	7	20	1	4	1	2	4	8	418	513
187	21.31	-51.234	20	15	1	4	1	2	4	8	247	412
188	57.616	68.896	4	14	1	4	1	2	4	8	169	302
189	-34.608	-70.334	7	24	1	4	1	2	4	8	176	277
190	-42.363	92.175	2	19	1	4	1	2	4	8	367	522
191	43.436	-18.255	22	21	1	4	1	2	4	8	241	337
192	-68.816	28.156	13	24	1	4	1	2	4	8	232	406
193	79.252	99.155	17	18	1	4	1	2	4	8	262	401
194	73.23	2.06	18	11	1	4	1	2	4	8	372	509
195	-8.354	41.97	18	19	1	4	1	2	4	8	247	379
196	56.291	-85.561	14	7	1	4	1	2	4	8	395	523
197	65.575	15.525	7	8	1	4	1	2	4	8	198	331
198	89.525	0.676	17	6	1	4	1	2	4	8	247	379
199	-86.819	-15.437	14	11	1	4	1	2	4	8	393	517
200	-75.8	30.985	17	11	1	4	1	2	4	8	315	426
201	28.025	64.54	11	24	1	4	1	2	4	8	480	612
202	-88.73	20.473	23	25	1	4	1	2	4	8	261	440
203	68.548	47.348	11	19	1	4	1	2	4	8	410	556
204	-67.247	-58.783	24	22	1	4	1	2	4	8	259	425
205	84.605	-23.11	21	23	1	4	1	2	4	8	467	628
206	-14.231	82.473	14	21	1	4	1	2	4	8	315	414
207	-40.406	-74.69	16	8	1	4	1	2	4	8	154	317
208	-24.282	78.877	25	16	1	4	1	2	4	8	175	296
209	-28.25	-84.13	8	11	1	4	1	2	4	8	404	534
210	64.565	-26.288	18	22	1	4	1	2	4	8	433	608
211	85.108	-52.882	24	14	1	4	1	2	4	8	280	456
212	-79.472	45.79	20	11	1	4	1	2	4	8	326	467
213	-5.336	88.046	10	13	1	4	1	2	4	8	213	382
214	-78.764	49.502	4	12	1	4	1	2	4	8	149	262
215	-63.111	73.002	14	25	1	4	1	2	4	8	418	535
216	-3.891	-99.948	10	12	1	4	1	2	4	8	430	527
217	7.549	-5.308	23	7	1	4	1	2	4	8	361	525
218	19.123	-27.018	14	15	1	4	1	2	4	8	203	327
219	44.737	-16.687	2	16	1	4	1	2	4	8	359	497
220	72.585	-74.851	5	8	1	4	1	2	4	8	414	518
221	-16.839	37.726	21	17	1	4	1	2	4	8	110	244
222	94.261	92.015	7	5	1	4	1	2	4	8	267	416
223	56.192	-84.283	21	20	1	4	1	2	4	8	74	242
224	68.635	26.727	12	16	1	4	1	2	4	8	126	292
225	-99.17	28.876	20	1	1	4	1	2	4	8	472	592
226	-45.074	50.54	14	21	1	4	1	2	4	8	92	205
227	3.857	92.612	1	13	1	4	1	2	4	8	400	509
228	20.222	-69.211	7	12	1	4	1	2	4	8	313	470
229	-40.476	-77.39	1	3	1	4	1	2	4	8	227	334
230	-57.198	-72.777	21	13	1	4	1	2	4	8	321	413
231	56.312	65.402	11	4	1	4	1	2	4	8	223	319
232	69.7	80.937	6	6	1	4	1	2	4	8	119	216
233	90.906	-9.33	6	6	1	4	1	2	4	8	192	328
234	-97.436	65.063	22	10	1	4	1	2	4	8	65	229
235	42.06	31.785	12	7	1	4	1	2	4	8	199	323
236	-73.499	21.246	14	20	1	4	1	2	4	8	460	552
237	-85.046	-27.866	9	23	1	4	1	2	4	8	383	486
238	49.337	-89.743	4	1	1	4	1	2	4	8	61	195
239	35.597	-19.54	16	1	1	4	1	2	4	8	315	443
240	-61.688	37.016	4	21	1	4	1	2	4	8	238	394
241	42.689	-45.019	7	15	1	4	1	2	4	8	272	380
242	92.79	-94.538	23	17	1	4	1	2	4	8	265	384
243	24.999	-60.03	5	24	1	4	1	2	4	8	110	233
244	-59.224	-77.116	7	2	1	4	1	2	4	8	413	543
245	90.548	30.961	16	7	1	4	1	2	4	8	398	555
246	-12.275	88.35	21	22	1	4	1	2	4	8	137	274
247	55.234	16.229	6	23	1	4	1	2	4	8	82	207
248	27.81	98.151	11	25	1	4	1	2	4	8	229	331
249	-3.149	-65.864	21	18	1	4	1	2	4	8	234	356
250	98.907	-38.92	8	2	1	4	1	2	4	8	205	313
251	32.179	79.962	19	20	1	4	1	2	4	8	129	277
252	28.28	68.653	2	11	1	4	1	2	4	8	101	213
253	18.019	-32.892	10	10	1	4	1	2	4	8	296	469
254	-6.911	-77.002	25	15	1	4	1	2	4	8	347	487
255	-11.851	64.795	9	21	1	4	1	2	4	8	378	508
256	51.136	-85.981	15	16	1	4	1	2	4	8	475	642
257	36.686	-22.851	23	24	1	4	1	2	4	8	451	556
258	-67.853	-98.845	3	17	1	4	1	2	4	8	100	219
259	-80.102	-3.15	5	16	1	4	1	2	4	8	160	272
260	87.073	-2.082	4	2	1	4	1	2	4	8	169	277
261	-57.074	2.351	16	4	1	4	1	2	4	8	410	538
262	75.097	74.816	24	14	1	4	1	2	4	8	470	583
263	73.501	3.689	11	17	1	4	1	2	4	8	141	313
264	68.862	74.515	24	9	1	4	1	2	4	8	350	456
265	-27.734	-38.551	8	9	1	4	1	2	4	8	359	476
266	81.097	89.536	22	21	1	4	1	2	4	8	207	316
267	78.878	-45.516	7	16	1	4	1	2	4	8	479	651
268	23.462	-92.327	25	5	1	4	1	2	4	8	181	302
269	-83.392	16.664	10	15	1	4	1	2	4	8	326	428
270	-67.957	94.658	1	1	1	4	1	2	4	8	164	310
271	7.112	-49.165	16	19	1	4	1	2	4	8	329	444
272	-83.452	73.871	12	3	1	4	1	2	4	8	148	246
273	94.96	-64.55	11	6	1	4	1	2	4	8	190	326
274	84.39	28.653	5	15	1	4	1	2	4	8	123	216
275	71.381	-95.378	13	13	1	4	1	2	4	8	208	328
276	-32.943	-64.505	4	22	1	4	1	2	4	8	458	588
277	-42.012	37.956	14	7	1	4	1	2	4	8	257	427
278	-27.482	-72.12	11	24	1	4	1	2	4	8	466	636
279	13.155	-61.826	18	12	1	4	1	2	4	8	173	330
280	88.124	54.19	5	17	1	4	1	2	4	8	267	365
281	-68.968	-71.299	11	18	1	4	1	2	4	8	401	577
282	-97.041	9.426	12	3	1	4	1	2	4	8	278	413
283	-81.893	-61.942	19	10	1	4	1	2	4	8	462	570
284	86.794	-37.83	14	7	1	4	1	2	4	8	153	266
285	18.363	29.664	12	12	1	4	1	2	4	8	199	359
286	-50.519	95.311	1	11	1	4	1	2	4	8	63	210
287	51.922	13.562	14	9	1	4	1	2	4	8	324	420
288	-63.163	-54.967	21	22	1	4	1	2	4	8	280	429
289	-97.65	23.888	18	22	1	4	1	2	4	8	221	359
290	-6.737	28.808	25	16	1	4	1	2	4	8	270	414
291	10.109	-92.166	16	11	1	4	1	2	4	8	304	474
292	-45.46	-3.36	12	23	1	4	1	2	4	8	89	181
293	81.001	47.966	3	23	1	4	1	2	4	8	170	298
294	-44.665	-58.114	2	6	1	4	1	2	4	8	112	286
295	55.571	-22.96	20	22	1	4	1	2	4	8	306	457
296	84.259	-75.528	11	20	1	4	1	2	4	8	296	447
297	84.793	68.606	21	18	1	4	1	2	4	8	117	232
298	34.711	-40.102	2	8	1	4	1	2	4	8	277	420
299	-89.04	-7.186	9	13	1	4	1	2	4	8	363	481
300	-61.039	40.829	2	8	1	4	1	2	4	8	137	231
301	-24.26	-11.067	11	21	1	4	1	2	4	8	387	513
302	64.501	-53.568	17	3	1	4	1	2	4	8	459	627
303	-0.296	83.299	18	3	1	4	1	2	4	8	233	400
304	-57.614	-52.736	15	8	1	4	1	2	4	8	122	291
305	49.224	34.873	16	13	1	4	1	2	4	8	156	257
306	-9.184	-93.817	17	8	1	4	1	2	4	8	379	520
307	32.108	-19.172	11	13	1	4	1	2	4	8	421	600
308	-88.309	-56.421	11	2	1	4	1	2	4	8	162	312
309	-80.604	-91.908	24	11	1	4	1	2	4	8	404	514
310	95.905	66.735	17	22	1	4	1	2	4	8	477	649
311	80.853	70.21	10	10	1	4	1	2	4	8	95	190
312	-15.086	86.436	5	24	1	4	1	2	4	8	266	368
313	-36.493	58.852	9	13	1	4	1	2	4	8	468	571
314	42.46	-68.931	23	10	1	4	1	2	4	8	246	351
315	-50.904	87.312	2	8	1	4	1	2	4	8	341	449
316	-71.612	-23.398	10	10	1	4	1	2	4	8	443	537
317	92.321	35.984	4	12	1	4	1	2	4	8	238	389
318	48.304	35.815	17	11	1	4	1	2	4	8	361	508
319	11.621	-71.534	6	5	1	4	1	2	4	8	442	584
320	-14.256	64.879	15	9	1	4	1	2	4	8	328	459
321	-23.533	40.119	20	10	1	4	1	2	4	8	470	629
322	-0.337	53.996	5	20	1	4	1	2	4	8	411	553
323	-53.791	73.958	16	19	1	4	1	2	4	8	229	333
324	-36.616	-99.178	22	8	1	4	1	2	4	8	85	257
325	33.47	-93.486	15	9	1	4	1	2	4	8	133	307
326	-98.427	-35.969	9	16	1	4	1	2	4	8	247	352
327	94.118	-46.456	8	7	1	4	1	2	4	8	114	243
328	15.39	26.725	24	10	1	4	1	2	4	8	225	332
329	12.05	27.397	21	10	1	4	1	2	4	8	402	566
330	-77.921	-31.492	15	23	1	4	1	2	4	8	188	357
331	62.305	72.457	22	22	1	4	1	2	4	8	130	296
332	87.468	8.826	8	12	1	4	1	2	4	8	461	632
333	-94.983	70.145	25	7	1	4	1	2	4	8	185	314
334	43.498	41.279	3	21	1	4	1	2	4	8	377	534
335	-70.285	31.852	25	18	1	4	1	2	4	8	72	201
336	80.375	27.776	12	20	1	4	1	2	4	8	121	294
337	8.985	93.313	12	25	1	4	1	2	4	8	303	432
338	92.54	-52.894	19	3	1	4	1	2	4	8	176	296
339	72.002	16.913	21	16	1	4	1	2	4	8	155	254
340	97.377	-23.339	5	12	1	4	1	2	4	8	181	332
341	36.717	47.516	5	14	1	4	1	2	4	8	352	484
342	7.149	-71.451	17	9	1	4	1	2	4	8	443	543
343	-43.206	42.939	7	22	1	4	1	2	4	8	256	373
344	-83.605	90.892	22	19	1	4	1	2	4	8	163	271
345	1.67	94.475	15	19	1	4	1	2	4	8	151	300
346	40.715	-1.898	4	5	1	4	1	2	4	8	303	394
347	-18.009	96.118	5	5	1	4	1	2	4	8	97	194
348	68.544	32.884	20	18	1	4	1	2	4	8	81	179
349	65.797	95.628	14	25	1	4	1	2	4	8	144	293
350	22.312	73.149	23	10	1	4	1	2	4	8	196	328
351	52.49	17.437	17	11	1	4	1	2	4	8	447	570
352	73.874	77.598	24	25	1	4	1	2	4	8	206	381
353	-92.253	-90.888	2	8	1	4	1	2	4	8	143	261
354	41.127	-58.161	11	18	1	4	1	2	4	8	222	358
355	96.775	-23.832	21	10	1	4	1	2	4	8	293	395
356	-74.067	-94.372	24	10	1	4	1	2	4	8	303	441
357	-0.832	-87.738	1	6	1	4	1	2	4	8	317	466
358	38.495	1.565	18	3	1	4	1	2	4	8	405	504
359	61.817	-2.644	17	20	1	4	1	2	4	8	289	423
360	-73.967	-4.3	11	9	1	4	1	2	4	8	210	327
361	-60.871	81.892	16	6	1	4	1	2	4	8	417	590
362	60.472	-30.597	13	4	1	4	1	2	4	8	157	328
363	85.386	-28.128	23	6	1	4	1	2	4	8	91	202
364	62.164	34.636	9	22	1	4	1	2	4	8	175	307
365	83.207	-9.123	11	7	1	4	1	2	4	8	444	546
366	82.309	29.769	11	16	1	4	1	2	4	8	212	384
367	42.677	90.018	7	15	1	4	1	2	4	8	367	515
368	63.058	-83.133	25	22	1	4	1	2	4	8	202	363
369	57.468	44.776	8	2	1	4	1	2	4	8	356	479
370	-7.174	15.914	2	4	1	4	1	2	4	8	79	235
371	64.042	93.588	13	2	1	4	1	2	4	8	103	247
372	80.888	-79.97	17	6	1	4	1	2	4	8	451	551
373	-48.211	61.308	21	14	1	4	1	2	4	8	164	288
374	46	49.296	11	16	1	4	1	2	4	8	63	156
375	-20.976	-33.139	3	2	1	4	1	2	4	8	178	313
376	-6.022	78.92	20	7	1	4	1	2	4	8	127	275
377	68.822	91.597	12	15	1	4	1	2	4	8	407	502
378	42.975	-20.081	22	9	1	4	1	2	4	8	186	339
379	71.159	-32.69	22	13	1	4	1	2	4	8	333	479
380	16.073	-74.893	18	5	1	4	1	2	4	8	270	375
381	16.044	68.169	17	3	1	4	1	2	4	8	477	615
382	-84.073	28.892	10	1	1	4	1	2	4	8	408	570
383	-90.873	73.607	10	12	1	4	1	2	4	8	468	615
384	-77.124	63.195	5	21	1	4	1	2	4	8	262	383
385	20.298	46.353	22	3	1	4	1	2	4	8	84	209
386	28.419	43.747	18	17	1	4	1	2	4	8	249	355
387	-33.562	-30.091	20	1	1	4	1	2	4	8	84	236
388	-16.029	-76.392	14	11	1	4	1	2	4	8	368	483
389	-64.067	26.829	7	7	1	4	1	2	4	8	110	253
390	-22.846	-69.793	21	13	1	4	1	2	4	8	85	209
391	12.682	-95.128	7	7	1	4	1	2	4	8	266	371
392	87.071	33.365	4	20	1	4	1	2	4	8	462	558
393	-77.532	-96.939	1	5	1	4	1	2	4	8	96	207
394	-39.146	45.573	10	8	1	4	1	2	4	8	180	292
395	-35.479	10.24	24	23	1	4	1	2	4	8	330	456
396	-65.554	-65.485	11	21	1	4	1	2	4	8	338	462
397	-83.83	86.488	17	8	1	4	1	2	4	8	469	611
398	-68.427	46.705	11	18	1	4	1	2	4	8	105	220
399	58.965	42.187	8	1	1	4	1	2	4	8	425	541
400	-60.307	-4.92	8	17	1	4	1	2	4	8	177	294
401	-28.404	90.417	8	11	1	4	1	2	4	8	402	534
402	-36.312	81.37	7	23	1	4	1	2	4	8	473	635
403	5.959	-95.856	16	2	1	4	1	2	4	8	357	531
404	47.945	-24.239	3	24	1	4	1	2	4	8	235	370
405	59.546	69.268	3	9	1	4	1	2	4	8	310	440
406	-60.668	81.323	19	22	1	4	1	2	4	8	160	271
407	96.854	-91.124	6	18	1	4	1	2	4	8	443	602
408	-40.165	-59.739	18	17	1	4	1	2	4	8	451	580
409	92.492	48.342	3	10	1	4	1	2	4	8	210	344
410	-99.176	-50.842	7	7	1	4	1	2	4	8	154	269
411	-57.212	86.088	23	20	1	4	1	2	4	8	394	520
412	-2.321	53.219	24	11	1	4	1	2	4	8	64	187
413	-18.476	26.456	21	7	1	4	1	2	4	8	356	533
414	86.736	-91.984	6	13	1	4	1	2	4	8	395	508
415	-62.626	-85.132	12	6	1	4	1	2	4	8	454	604
416	-22.398	5.252	8	24	1	4	1	2	4	8	267	446
417	-98.833	-67.259	10	3	1	4	1	2	4	8	193	334
418	-4.144	-94.902	9	2	1	4	1	2	4	8	207	342
419	1.006	-44.857	1	13	1	4	1	2	4	8	396	538
420	71.322	-85.45	13	22	1	4	1	2	4	8	412	507
421	-26.819	56.631	13	23	1	4	1	2	4	8	311	426
422	80.4	-74.653	6	4	1	4	1	2	4	8	351	519
423	-53.784	-19.964	3	13	1	4	1	2	4	8	383	498
424	30.723	-62.044	15	8	1	4	1	2	4	8	285	459
425	-56.908	-51.124	9	11	1	4	1	2	4	8	396	553
426	64.213	-10.371	11	21	1	4	1	2	4	8	212	375
427	-0.891	-33.581	20	9	1	4	1	2	4	8	229	389
428	67.054	76.331	7	18	1	4	1	2	4	8	272	394
429	44.651	-94.292	5	7	1	4	1	2	4	8	184	276
430	-15.677	-12.886	9	20	1	4	1	2	4	8	62	218
431	85.256	45.798	1	21	1	4	1	2	4	8	418	574
432	16.507	-18.696	21	17	1	4	1	2	4	8	298	419
433	-91.634	-14.836	20	15	1	4	1	2	4	8	390	570
434	-67.361	-2.449	15	7	1	4	1	2	4	8	89	184
435	93.633	-90.12	3	8	1	4	1	2	4	8	77	257
436	69.659	-41.857	12	24	1	4	1	2	4	8	67	193
437	-19.218	75.851	17	13	1	4	1	2	4	8	215	385
438	-27.041	17.219	5	8	1	4	1	2	4	8	378	514
439	-35.358	45.51	2	25	1	4	1	2	4	8	350	521
440	-90.176	-14.341	15	18	1	4	1	2	4	8	307	409
441	-74.069	86.853	22	11	1	4	1	2	4	8	394	560
442	96.223	-15.119	12	12	1	4	1	2	4	8	196	326
443	-45.816	-55.769	3	2	1	4	1	2	4	8	70	202
444	-35.536	-29.582	15	24	1	4	1	2	4	8	467	642
445	-14.635	80.153	3	11	1	4	1	2	4	8	97	220
446	-77.263	78.472	13	24	1	4	1	2	4	8	350	481
447	-28.877	3.705	16	25	1	4	1	2	4	8	349	522
448	55.512	84.718	2	11	1	4	1	2	4	8	64	183
449	65.973	-36.891	1	20	1	4	1	2	4	8	124	238
450	52.071	-25.238	5	3	1	4	1	2	4	8	124	233
451	-85.187	-75.767	20	1	1	4	1	2	4	8	206	311
452	-90.918	-90.735	7	12	1	4	1	2	4	8	373	490
453	93.824	-16.043	17	24	1	4	1	2	4	8	108	286
454	33.038	61.774	25	20	1	4	1	2	4	8	235	354
455	-75.614	84.94	25	7	1	4	1	2	4	8	346	450
456	-45.421	-78.252	14	11	1	4	1	2	4	8	304	419
457	49.961	-38.581	13	12	1	4	1	2	4	8	408	573
458	57.311	-44.891	25	11	1	4	1	2	4	8	142	301
459	97.436	10.077	23	13	1	4	1	2	4	8	447	570
460	41.046	41.948	16	22	1	4	1	2	4	8	240	415
461	-77.767	-54.771	23	4	1	4	1	2	4	8	283	406
462	-2.462	58.478	2	22	1	4	1	2	4	8	136	229
463	26.917	-63.358	12	13	1	4	1	2	4	8	307	479
464	-83.593	-42.26	3	19	1	4	1	2	4	8	464	642
465	69.486	66.834	15	16	1	4	1	2	4	8	461	579
466	-57.189	-95.577	5	13	1	4	1	2	4	8	456	547
467	-88.043	48.024	12	8	1	4	1	2	4	8	138	263
468	-18.915	-81.715	4	13	1	4	1	2	4	8	408	514
469	45.583	-87.733	18	25	1	4	1	2	4	8	130	231
470	85.66	-27.88	16	3	1	4	1	2	4	8	243	373
471	-41.68	-79.082	9	18	1	4	1	2	4	8	316	450
472	21.198	-18.956	3	11	1	4	1	2	4	8	171	350
473	1.735	53.347	24	24	1	4	1	2	4	8	176	307
474	23.321	78.706	14	17	1	4	1	2	4	8	187	302
475	77.76	-93.858	13	15	1	4	1	2	4	8	301	432
476	21.941	-81.506	2	8	1	4	1	2	4	8	214	393
477	34.05	77.64	17	8	1	4	1	2	4	8	182	311
478	-93.241	73.426	1	4	1	4	1	2	4	8	154	257
479	-84.527	-85.113	18	11	1	4	1	2	4	8	174	319
480	-50.976	-81.99	13	20	1	4	1	2	4	8	448	558
481	88.528	6.919	25	6	1	4	1	2	4	8	258	431
482	-57.178	43.544	19	12	1	4	1	2	4	8	113	251
483	-74.923	58.584	16	18	1	4	1	2	4	8	330	477
484	-89.793	-92.593	16	2	1	4	1	2	4	8	364	491
485	-41.034	-36.772	11	4	1	4	1	2	4	8	316	487
486	-65.355	-11.517	24	22	1	4	1	2	4	8	270	447
487	82.661	46.228	9	10	1	4	1	2	4	8	92	268
488	23.438	-37.396	14	20	1	4	1	2	4	8	239	371
489	53.306	-64.271	6	22	1	4	1	2	4	8	360	473
490	89.277	22.37	5	6	1	4	1	2	4	8	332	501
491	15.57	96.585	18	24	1	4	1	2	4	8	283	438
492	1.772	48.199	9	14	1	4	1	2	4	8	119	256
493	71.348	98.848	17	22	1	4	1	2	4	8	436	562
494	13.373	22.73	6	2	1	4	1	2	4	8	448	546
495	-6.141	-51.58	1	3	1	4	1	2	4	8	83	192
496	-34.736	20.601	1	12	1	4	1	2	4	8	78	185
497	95.286	-56.926	17	7	1	4	1	2	4	8	186	292
498	-87.406	-38.125	14	24	1	4	1	2	4	8	197	293
499	-59.317	-85.907	21	4	1	4	1	2	4	8	193	295
500	-14.565	76.532	24	12	1	4	1	2	4	8	235	404
501	89.762	-27.029	14	8	1	4	1	2	4	8	223	353
502	-18.774	-22.189	15	14	1	4	1	2	4	8	99	251
503	-13.634	28.243	25	20	1	4	1	2	4	8	269	447
504	78.034	55.721	7	2	1	4	1	2	4	8	288	437
505	-36.83	-45.097	5	13	1	4	1	2	4	8	174	278
506	80.829	75.217	2	19	1	4	1	2	4	8	83	251
507	30.575	-55.624	21	4	1	4	1	2	4	8	313	446
508	-67.724	-83.497	21	23	1	4	1	2	4	8	227	317
509	75.639	-17.98	22	9	1	4	1	2	4	8	107	250
510	46.813	69.921	11	12	1	4	1	2	4	8	327	492
511	38.953	17.277	11	23	1	4	1	2	4	8	101	241
512	41.26	96.641	3	10	1	4	1	2	4	8	395	506
513	-66.746	-6.867	23	25	1	4	1	2	4	8	390	556
514	-20.3	95.695	4	17	1	4	1	2	4	8	271	390
515	-37.521	-37.852	3	25	1	4	1	2	4	8	385	536
516	94.501	5.934	20	25	1	4	1	2	4	8	313	467
517	50.498	83.401	9	22	1	4	1	2	4	8	455	620
518	-50.109	37.137	21	7	1	4	1	2	4	8	174	301
519	17.325	-58.111	7	2	1	4	1	2	4	8	69	219
520	52.618	65.765	21	15	1	4	1	2	4	8	451	571
521	-84.233	29.986	24	24	1	4	1	2	4	8	268	443
522	86.995	62.218	3	15	1	4	1	2	4	8	440	532
523	-62.845	27.576	14	14	1	4	1	2	4	8	405	499
524	14.001	-30.132	14	1	1	4	1	2	4	8	456	610
525	-88.668	26.272	19	8	1	4	1	2	4	8	430	540
526	-53.739	-82.768	15	6	1	4	1	2	4	8	416	579
527	37.068	-72.823	10	12	1	4	1	2	4	8	414	565
528	29.918	93.692	11	7	1	4	1	2	4	8	267	399
529	-38.49	-59.083	19	16	1	4	1	2	4	8	417	515
530	88.32	-28.194	6	9	1	4	1	2	4	8	179	280
531	92.611	-63.98	18	8	1	4	1	2	4	8	173	287
532	-93.98	76.63	23	23	1	4	1	2	4	8	76	213
533	-62.602	-13.492	7	6	1	4	1	2	4	8	76	176
534	14.681	56.532	9	22	1	4	1	2	4	8	184	294
535	-87.354	-96.753	15	7	1	4	1	2	4	8	242	389
536	61.723	81.262	18	5	1	4	1	2	4	8	125	277
537	61.604	-51.428	18	11	1	4	1	2	4	8	282	425
538	-27.371	67.85	8	25	1	4	1	2	4	8	388	489
539	97.491	-86.65	24	3	1	4	1	2	4	8	465	568
540	42.246	30.559	18	20	1	4	1	2	4	8	104	246
541	-23.877	8.191	24	13	1	4	1	2	4	8	400	573
542	8.956	-62.389	3	2	1	4	1	2	4	8	271	400
543	-57.036	-88.013	9	1	1	4	1	2	4	8	430	521
544	-79.894	49.307	4	24	1	4	1	2	4	8	350	519
545	-99.301	34.122	22	6	1	4	1	2	4	8	173	342
546	88.556	-38.902	24	8	1	4	1	2	4	8	266	380
547	-53.801	8.162	22	16	1	4	1	2	4	8	77	207
548	-87.782	17.79	11	19	1	4	1	2	4	8	453	588
549	-66.86	51.051	11	9	1	4	1	2	4	8	477	636
550	-4.987	-65.167	20	25	1	4	1	2	4	8	79	218
551	-26.83	57.736	21	10	1	4	1	2	4	8	348	500
552	66.033	70.991	6	13	1	4	1	2	4	8	355	485
553	42.065	59.082	13	18	1	4	1	2	4	8	434	562
554	24.04	-43.993	19	2	1	4	1	2	4	8	209	368
555	-3.189	-2.629	2	12	1	4	1	2	4	8	302	425
556	94.936	48.441	9	8	1	4	1	2	4	8	213	381
557	-70.829	48.767	10	15	1	4	1	2	4	8	69	213
558	-72.518	62.961	19	6	1	4	1	2	4	8	171	277
559	-79.644	-30.005	23	16	1	4	1	2	4	8	405	525
560	-31.383	-49.451	17	3	1	4	1	2	4	8	464	575
561	2.287	56.965	17	14	1	4	1	2	4	8	312	470
562	-10.244	97.08	4	15	1	4	1	2	4	8	70	170
563	-98.331	-73.901	15	12	1	4	1	2	4	8	468	566
564	93.529	-10.168	12	6	1	4	1	2	4	8	183	361
565	-90.344	-73.259	25	11	1	4	1	2	4	8	360	488
566	-71.978	29.908	6	18	1	4	1	2	4	8	365	460
567	-53.931	98.754	13	13	1	4	1	2	4	8	66	195
568	39.063	10.348	18	24	1	4	1	2	4	8	166	314
569	-62.518	-85.055	21	23	1	4	1	2	4	8	360	498
570	81.719	69.002	24	16	1	4	1	2	4	8	388	543
571	7.12	89.661	15	2	1	4	1	2	4	8	159	290
572	-3.421	46.259	23	6	1	4	1	2	4	8	329	499
573	-93.486	36.343	21	8	1	4	1	2	4	8	327	434
574	36.739	-61.649	20	21	1	4	1	2	4	8	234	381
575	-62.696	13.799	18	14	1	4	1	2	4	8	427	601
576	-34.196	-97.065	22	5	1	4	1	2	4	8	382	525
577	1.266	80.676	23	15	1	4	1	2	4	8	182	278
578	-11.88	-97.818	8	19	1	4	1	2	4	8	66	228
579	91.598	-95.487	14	9	1	4	1	2	4	8	452	544
580	60.045	72.278	21	4	1	4	1	2	4	8	435	595
581	97.106	-18.126	18	13	1	4	1	2	4	8	417	594
582	77.24	0.462	19	20	1	4	1	2	4	8	475	633
583	-14.104	60.393	15	24	1	4	1	2	4	8	298	455
584	49.839	-4.653	12	23	1	4	1	2	4	8	284	442
585	43.943	-52.289	12	8	1	4	1	2	4	8	347	493
586	-39.55	27.204	17	8	1	4	1	2	4	8	73	214
587	-82.302	-36.42	2	17	1	4	1	2	4	8	177	290
588	39.948	86.543	19	4	1	4	1	2	4	8	246	417
589	79.764	48.995	20	20	1	4	1	2	4	8	471	594
590	-1.636	48.366	17	2	1	4	1	2	4	8	107	220
591	68.35	61.481	7	4	1	4	1	2	4	8	143	235
592	94.645	-46.407	18	5	1	4	1	2	4	8	391	502
593	-71.423	59.998	15	13	1	4	1	2	4	8	405	502
594	43.444	2.69	25	17	1	4	1	2	4	8	177	306
595	-93.703	-8.622	1	10	1	4	1	2	4	8	425	560
596	-82.171	8.661	25	4	1	4	1	2	4	8	103	234
597	91.37	-74.881	20	20	1	4	1	2	4	8	109	279
598	39.925	77.309	12	2	1	4	1	2	4	8	319	490
599	-28.188	78.632	20	6	1	4	1	2	4	8	133	238
600	21.85	-82.818	18	16	1	4	1	2	4	8	309	420
601	2.958	4.357	0	0	0	0	0	1000
602	21.494	-8.63	0	0	0	0	0	1000
603	-43.073	-18.094	0	0	0	0	0	1000
604	-10.406	-37.888	0	0	0	0	0	1000
