6 17 720 4
420 185
420 185
420 185
420 185
1	64.827	48.437	8	14	1	4	1	2	4	8	212	441
2	-84.37	74.398	21	11	1	4	1	2	4	8	241	473
3	-66.256	-28.344	22	8	1	4	1	2	4	8	160	398
4	-9.72	-50.075	13	3	1	4	1	2	4	8	261	448
5	47.21	79.59	13	15	1	4	1	2	4	8	242	559
6	90.516	-8.751	24	8	1	4	1	2	4	8	96	393
7	-88.916	61.698	10	4	1	4	1	2	4	8	201	448
8	44.061	-63.955	18	2	1	4	1	2	4	8	250	603
9	57.645	75.778	1	24	1	4	1	2	4	8	226	445
10	42.872	-86.788	2	16	1	4	1	2	4	8	169	516
11	-64.039	-81.831	5	16	1	4	1	2	4	8	146	467
12	-70.301	58.036	12	1	1	4	1	2	4	8	66	419
13	-83.783	19.863	23	24	1	4	1	2	4	8	272	626
14	8.029	-63.5	13	17	1	4	1	2	4	8	77	383
15	28.453	96.287	17	5	1	4	1	2	4	8	91	274
16	91.668	46.465	20	17	1	4	1	2	4	8	288	488
17	22.994	94.992	23	17	1	4	1	2	4	8	250	456
18	85.196	-47.202	1	5	1	4	1	2	4	8	158	507
19	-98.603	70.484	22	25	1	4	1	2	4	8	245	576
20	-75.686	-60.478	22	2	1	4	1	2	4	8	156	487
21	-28.484	28.584	20	11	1	4	1	2	4	8	72	338
22	35.214	84.535	4	25	1	4	1	2	4	8	221	530
23	-36.842	-76.44	14	18	1	4	1	2	4	8	170	354
24	33.714	29.507	10	19	1	4	1	2	4	8	257	612
25	24.497	98.978	16	22	1	4	1	2	4	8	207	544
26	-20.261	72.157	5	12	1	4	1	2	4	8	120	335
27	-29.609	-52.145	14	16	1	4	1	2	4	8	239	494
28	-72.259	-82.192	25	14	1	4	1	2	4	8	264	590
29	-4.227	-34.223	7	11	1	4	1	2	4	8	85	380
30	50.295	12.413	25	6	1	4	1	2	4	8	218	558
31	2.848	65.409	2	19	1	4	1	2	4	8	106	412
32	82.021	-49.305	21	5	1	4	1	2	4	8	205	435
33	30.448	-89.514	10	8	1	4	1	2	4	8	84	440
34	89.201	79.734	15	13	1	4	1	2	4	8	281	508
35	-77.014	-3.068	14	2	1	4	1	2	4	8	245	505
36	0.108	52.122	7	13	1	4	1	2	4	8	117	473
37	-85.398	-92.319	19	22	1	4	1	2	4	8	107	424
38	93.831	-22	11	12	1	4	1	2	4	8	266	604
39	25.935	57.728	2	1	1	4	1	2	4	8	205	533
40	21.778	-91.824	3	3	1	4	1	2	4	8	224	418
41	-61.507	-17.173	14	25	1	4	1	2	4	8	242	547
42	79.157	98.536	8	17	1	4	1	2	4	8	136	344
43	68.099	80.134	19	9	1	4	1	2	4	8	260	474
44	2.415	-81.105	24	23	1	4	1	2	4	8	217	523
45	-73.574	-96.412	11	2	1	4	1	2	4	8	141	339
46	0.104	19.351	2	21	1	4	1	2	4	8	255	451
47	80.734	-95.833	1	10	1	4	1	2	4	8	269	609
48	-73.218	32.024	8	9	1	4	1	2	4	8	200	505
49	-16.995	-59.011	25	21	1	4	1	2	4	8	263	512
50	-32.162	-18.038	17	9	1	4	1	2	4	8	283	630
51	98.511	-51.674	23	10	1	4	1	2	4	8	213	458
52	63.144	-20.996	13	25	1	4	1	2	4	8	71	376
53	-90.828	24.641	20	8	1	4	1	2	4	8	88	319
54	44.433	-83.013	22	14	1	4	1	2	4	8	281	617
55	-38.906	-49.351	6	15	1	4	1	2	4	8	76	336
56	74.641	-64.821	8	14	1	4	1	2	4	8	219	577
57	-45.386	-5.479	19	8	1	4	1	2	4	8	60	329
58	-95.288	56.837	25	4	1	4	1	2	4	8	210	444
59	-31.709	51.49	16	11	1	4	1	2	4	8	274	481
60	-15.708	78.986	17	2	1	4	1	2	4	8	278	495
61	75.443	49.127	25	22	1	4	1	2	4	8	266	491
62	81.288	-18.273	3	16	1	4	1	2	4	8	255	578
63	-69.627	0.272	25	5	1	4	1	2	4	8	60	397
64	67.177	92.088	13	19	1	4	1	2	4	8	122	321
65	-60.709	92.321	13	21	1	4	1	2	4	8	175	367
66	88.741	87.652	2	21	1	4	1	2	4	8	132	357
67	24.811	12.393	5	13	1	4	1	2	4	8	246	550
68	-32.482	94.671	17	6	1	4	1	2	4	8	128	382
69	49.724	-73.793	1	7	1	4	1	2	4	8	88	342
70	-79.252	77.979	10	25	1	4	1	2	4	8	116	329
71	-25.619	-50.435	8	2	1	4	1	2	4	8	206	548
72	-65.31	-88.727	16	18	1	4	1	2	4	8	85	427
73	-34.149	-80.669	16	15	1	4	1	2	4	8	224	488
74	-11.176	-40.123	19	2	1	4	1	2	4	8	224	453
75	-27.17	18.178	2	4	1	4	1	2	4	8	72	387
76	67.31	-33.767	12	19	1	4	1	2	4	8	273	539
77	23.296	-0.83	8	14	1	4	1	2	4	8	66	291
78	98.23	-19.749	13	7	1	4	1	2	4	8	83	325
79	-79.177	71.51	7	23	1	4	1	2	4	8	215	437
80	58.633	-93.487	5	20	1	4	1	2	4	8	92	386
81	-35	-63.27	7	6	1	4	1	2	4	8	138	369
82	-98.016	-62.462	1	21	1	4	1	2	4	8	222	500
83	15.446	33.705	13	25	1	4	1	2	4	8	206	467
84	51.617	-97.518	12	25	1	4	1	2	4	8	174	456
85	35.933	-52.075	24	22	1	4	1	2	4	8	245	457
86	-87.164	-77.523	4	24	1	4	1	2	4	8	132	372
87	-16.032	-66.109	21	19	1	4	1	2	4	8	248	527
88	-79.876	29.145	10	15	1	4	1	2	4	8	298	649
89	93.603	-43.613	22	7	1	4	1	2	4	8	205	414
90	-90.271	-13.693	16	10	1	4	1	2	4	8	206	510
91	-73.128	-29.092	20	4	1	4	1	2	4	8	172	407
92	71.47	-59.931	12	8	1	4	1	2	4	8	100	432
93	-78.403	63.509	10	25	1	4	1	2	4	8	60	352
94	10.111	89.689	25	20	1	4	1	2	4	8	149	400
95	-69.51	25.765	22	1	1	4	1	2	4	8	215	419
96	22.876	87.684	3	22	1	4	1	2	4	8	287	631
97	-75.983	69.62	22	14	1	4	1	2	4	8	256	596
98	-67.496	60.187	21	5	1	4	1	2	4	8	122	414
99	54.58	-23.442	12	24	1	4	1	2	4	8	131	463
100	64.04	40.372	1	19	1	4	1	2	4	8	267	516
101	39.747	-75.122	4	22	1	4	1	2	4	8	264	620
102	60.102	73.83	14	2	1	4	1	2	4	8	172	451
103	-35.405	-74.374	5	19	1	4	1	2	4	8	112	340
104	-86.312	19.354	19	25	1	4	1	2	4	8	104	294
105	43.65	45.843	9	9	1	4	1	2	4	8	187	496
106	-86.302	50.717	13	17	1	4	1	2	4	8	292	652
107	56.127	-73.54	23	21	1	4	1	2	4	8	112	372
108	-16.217	40.044	24	6	1	4	1	2	4	8	90	420
109	-1.627	-19.089	11	24	1	4	1	2	4	8	177	469
110	-66.241	-16.981	6	4	1	4	1	2	4	8	173	365
111	15.388	-18.664	16	21	1	4	1	2	4	8	117	318
112	98.83	12.826	5	2	1	4	1	2	4	8	113	313
113	-86.609	-67.235	15	19	1	4	1	2	4	8	138	495
114	96.522	39.2	11	20	1	4	1	2	4	8	66	342
115	-25.442	28.908	8	16	1	4	1	2	4	8	260	467
116	59.045	14.41	9	14	1	4	1	2	4	8	157	403
117	20.187	8.477	22	7	1	4	1	2	4	8	149	400
118	41.522	-60.378	18	19	1	4	1	2	4	8	185	478
119	-44.982	17.064	1	14	1	4	1	2	4	8	66	327
120	-61.959	-18.511	9	13	1	4	1	2	4	8	87	349
121	-96.243	-52.375	8	13	1	4	1	2	4	8	256	557
122	-73.928	-23.535	24	25	1	4	1	2	4	8	203	473
123	-7.707	83.435	15	14	1	4	1	2	4	8	231	590
124	-82.678	-60.326	1	23	1	4	1	2	4	8	263	542
125	-11.108	-51.889	24	14	1	4	1	2	4	8	136	443
126	91.11	-56.856	11	23	1	4	1	2	4	8	266	454
127	-55.893	49.933	23	10	1	4	1	2	4	8	102	400
128	-33.956	97.014	6	16	1	4	1	2	4	8	83	349
129	-68.928	65.406	17	21	1	4	1	2	4	8	250	444
130	69.251	-43.499	13	7	1	4	1	2	4	8	97	344
131	-57.071	60.211	24	6	1	4	1	2	4	8	257	604
132	58.75	37.168	21	13	1	4	1	2	4	8	124	469
133	60.986	-11.834	23	2	1	4	1	2	4	8	129	389
134	98.324	-4.812	24	11	1	4	1	2	4	8	216	563
135	-88.471	-55.227	3	14	1	4	1	2	4	8	98	423
136	50.535	-47.345	1	19	1	4	1	2	4	8	167	520
137	70.096	-69.543	22	25	1	4	1	2	4	8	121	340
138	55.307	-29.019	23	14	1	4	1	2	4	8	238	592
139	-83.032	-2.71	18	5	1	4	1	2	4	8	283	486
140	33.297	-43.454	21	20	1	4	1	2	4	8	109	460
141	95.664	88.091	6	16	1	4	1	2	4	8	246	594
142	68.674	-77.274	2	17	1	4	1	2	4	8	60	402
143	0.922	-84.757	5	23	1	4	1	2	4	8	179	466
144	60.551	50.528	18	2	1	4	1	2	4	8	174	504
145	-60.495	37.707	4	10	1	4	1	2	4	8	136	418
146	69.48	-95.286	14	11	1	4	1	2	4	8	104	437
147	-67.899	-59.416	7	13	1	4	1	2	4	8	144	386
148	-24.9	37.655	2	13	1	4	1	2	4	8	182	514
149	7.826	13.186	17	11	1	4	1	2	4	8	127	312
150	31.324	73.022	12	18	1	4	1	2	4	8	103	363
151	-53.257	-18.092	22	4	1	4	1	2	4	8	96	361
152	-17.022	75.747	11	25	1	4	1	2	4	8	187	546
153	79.407	-84.96	9	19	1	4	1	2	4	8	167	439
154	94.813	97.655	3	13	1	4	1	2	4	8	174	430
155	96.682	1.963	3	1	1	4	1	2	4	8	149	489
156	-76.171	-58.494	21	20	1	4	1	2	4	8	119	359
157	-66.756	57.07	17	14	1	4	1	2	4	8	123	322
158	4.03	-19.787	24	18	1	4	1	2	4	8	76	410
159	-11.739	61.143	10	13	1	4	1	2	4	8	246	518
160	37.836	0.765	16	1	1	4	1	2	4	8	238	437
161	2.411	22.652	18	10	1	4	1	2	4	8	65	291
162	-7.596	-49.373	2	18	1	4	1	2	4	8	202	504
163	-10.671	82.417	15	15	1	4	1	2	4	8	241	534
164	58.201	-44.852	11	23	1	4	1	2	4	8	208	448
165	42.793	-96.489	9	4	1	4	1	2	4	8	166	423
166	13.865	77.578	17	16	1	4	1	2	4	8	212	514
167	-72.179	-65.714	21	18	1	4	1	2	4	8	297	616
168	72.855	-53.707	17	13	1	4	1	2	4	8	173	511
169	98.408	-15.875	8	12	1	4	1	2	4	8	280	530
170	-36.597	-98.22	25	21	1	4	1	2	4	8	271	518
171	-46.693	-89.776	22	14	1	4	1	2	4	8	240	457
172	-63.757	-81.043	2	10	1	4	1	2	4	8	257	546
173	-25.912	-12.5	23	21	1	4	1	2	4	8	266	465
174	30.763	85.553	1	8	1	4	1	2	4	8	204	547
175	72.158	-49.126	24	5	1	4	1	2	4	8	217	573
176	-29.117	-16.781	14	16	1	4	1	2	4	8	61	333
177	72.313	-39.146	23	25	1	4	1	2	4	8	293	532
178	-43.582	-67.551	6	16	1	4	1	2	4	8	173	423
179	58.063	77.759	8	21	1	4	1	2	4	8	202	498
180	-72.464	-38.558	19	3	1	4	1	2	4	8	153	394
181	-31.196	28.793	8	23	1	4	1	2	4	8	252	540
182	-12.118	-51.802	1	16	1	4	1	2	4	8	76	267
183	34.864	19.754	4	8	1	4	1	2	4	8	183	482
184	20.45	5.154	13	23	1	4	1	2	4	8	220	552
185	3.889	49.076	13	22	1	4	1	2	4	8	206	555
186	-28.364	-67.541	20	7	1	4	1	2	4	8	290	626
187	95.34	-76.329	9	24	1	4	1	2	4	8	254	448
188	-20.064	88.549	14	6	1	4	1	2	4	8	300	606
189	17.576	-32.944	7	7	1	4	1	2	4	8	68	248
190	14.496	67.156	11	15	1	4	1	2	4	8	123	377
191	80.127	74.817	15	6	1	4	1	2	4	8	186	420
192	97.469	-94.906	16	14	1	4	1	2	4	8	150	368
193	-25.627	69.783	11	25	1	4	1	2	4	8	270	613
194	-28.401	-99.324	14	16	1	4	1	2	4	8	191	407
195	50.075	30.104	12	8	1	4	1	2	4	8	237	571
196	-71.62	2.646	4	9	1	4	1	2	4	8	175	438
197	12.915	-98.794	11	21	1	4	1	2	4	8	177	475
198	-62.685	-8.744	19	2	1	4	1	2	4	8	194	424
199	56.589	-70.657	8	4	1	4	1	2	4	8	100	280
200	-31.331	-31.421	7	16	1	4	1	2	4	8	61	251
201	-43.98	90.593	19	1	1	4	1	2	4	8	281	607
202	26.527	-69.661	9	19	1	4	1	2	4	8	112	366
203	-69.424	52.137	24	3	1	4	1	2	4	8	245	566
204	-54.424	-13.872	20	16	1	4	1	2	4	8	86	363
205	15.812	-80.864	6	1	1	4	1	2	4	8	254	484
206	-83.857	-49.906	1	5	1	4	1	2	4	8	212	422
207	40.424	-79.066	10	25	1	4	1	2	4	8	126	465
208	-67.86	44.448	15	15	1	4	1	2	4	8	115	298
209	59.269	38.066	2	2	1	4	1	2	4	8	287	528
210	1.701	-67.918	23	13	1	4	1	2	4	8	159	504
211	44.975	87.472	2	19	1	4	1	2	4	8	120	399
212	57.629	35.435	9	23	1	4	1	2	4	8	180	494
213	-99.949	78.102	6	22	1	4	1	2	4	8	82	423
214	99.913	86.062	3	23	1	4	1	2	4	8	106	452
215	-70.393	-12.736	17	10	1	4	1	2	4	8	200	464
216	24.002	-38.426	8	8	1	4	1	2	4	8	220	559
217	-53.887	-49.366	13	22	1	4	1	2	4	8	270	494
218	95.928	10.482	22	24	1	4	1	2	4	8	286	645
219	-31.829	4.337	2	9	1	4	1	2	4	8	115	387
220	47.684	62.209	9	12	1	4	1	2	4	8	209	565
221	-66.668	-37.401	5	5	1	4	1	2	4	8	147	496
222	17.807	-31.234	20	5	1	4	1	2	4	8	172	455
223	-36.21	75.098	18	6	1	4	1	2	4	8	180	457
224	66.718	-40.335	4	16	1	4	1	2	4	8	299	507
225	90.712	-46.793	5	5	1	4	1	2	4	8	167	428
226	-77.661	49.278	19	12	1	4	1	2	4	8	146	389
227	-52.729	77.002	2	12	1	4	1	2	4	8	296	632
228	44.581	-35.831	18	9	1	4	1	2	4	8	199	380
229	7.491	-10.169	21	15	1	4	1	2	4	8	225	574
230	6.785	11.324	18	25	1	4	1	2	4	8	82	433
231	-33.471	98.485	2	6	1	4	1	2	4	8	166	469
232	-16.528	-52.459	20	25	1	4	1	2	4	8	162	485
233	-2.616	-45.108	13	9	1	4	1	2	4	8	97	372
234	-66.897	15.295	13	24	1	4	1	2	4	8	71	251
235	76.404	-30.405	14	11	1	4	1	2	4	8	248	500
236	-60.986	-67.986	23	14	1	4	1	2	4	8	190	424
237	-24.011	-86.817	25	8	1	4	1	2	4	8	112	339
238	98.059	16.247	25	11	1	4	1	2	4	8	229	559
239	1.365	-57.99	20	20	1	4	1	2	4	8	177	505
240	68.587	-78.809	15	18	1	4	1	2	4	8	233	487
241	-9.815	-86.391	4	5	1	4	1	2	4	8	270	494
242	49.922	13.192	17	3	1	4	1	2	4	8	152	357
243	-4.258	-91.165	5	3	1	4	1	2	4	8	234	529
244	89.349	-18.252	4	23	1	4	1	2	4	8	146	370
245	-17.556	5.642	20	10	1	4	1	2	4	8	138	374
246	-98.375	-67.752	11	10	1	4	1	2	4	8	273	593
247	11.423	-85.39	5	21	1	4	1	2	4	8	184	512
248	-72.785	-68.14	2	17	1	4	1	2	4	8	72	282
249	62.956	43.244	3	1	1	4	1	2	4	8	237	518
250	5.312	56.552	15	1	1	4	1	2	4	8	89	448
251	-65.52	-53.04	22	10	1	4	1	2	4	8	143	475
252	37.815	60.251	2	4	1	4	1	2	4	8	107	307
253	-82.718	34.769	7	24	1	4	1	2	4	8	107	384
254	36.114	56.615	2	5	1	4	1	2	4	8	171	491
255	-60.954	80.289	22	17	1	4	1	2	4	8	87	400
256	-68.729	-63.871	15	6	1	4	1	2	4	8	276	526
257	-66.485	89.372	22	20	1	4	1	2	4	8	178	518
258	66.3	-12.99	14	4	1	4	1	2	4	8	167	448
259	6.653	-0.248	25	2	1	4	1	2	4	8	182	512
260	-65.418	-44.258	7	5	1	4	1	2	4	8	75	314
261	95.816	-81.241	10	24	1	4	1	2	4	8	128	428
262	67.027	-89.674	24	6	1	4	1	2	4	8	228	567
263	90.179	-91.676	20	17	1	4	1	2	4	8	191	478
264	-42.445	-73.38	2	21	1	4	1	2	4	8	193	437
265	-14.05	-25.887	21	19	1	4	1	2	4	8	122	455
266	88.949	-76.044	15	16	1	4	1	2	4	8	72	292
267	5.292	65.403	10	15	1	4	1	2	4	8	249	439
268	-48.889	-14.491	17	2	1	4	1	2	4	8	94	373
269	11.053	27.916	6	19	1	4	1	2	4	8	144	439
270	-96.85	30.821	18	5	1	4	1	2	4	8	164	404
271	55.022	45.616	14	5	1	4	1	2	4	8	96	277
272	-10.164	79.954	16	10	1	4	1	2	4	8	291	583
273	-34.025	-80.909	11	13	1	4	1	2	4	8	195	475
274	-53.896	-61.495	9	20	1	4	1	2	4	8	205	455
275	97.163	-8.185	6	6	1	4	1	2	4	8	69	416
276	-48.036	91.835	22	13	1	4	1	2	4	8	177	482
277	70.116	-52.159	24	20	1	4	1	2	4	8	255	499
278	-37.542	97.917	19	12	1	4	1	2	4	8	220	503
279	-95.944	33.86	17	17	1	4	1	2	4	8	258	529
280	-85.897	-28.893	16	25	1	4	1	2	4	8	274	522
281	-7.206	-37.81	7	5	1	4	1	2	4	8	298	584
282	-87.997	-91.274	12	23	1	4	1	2	4	8	291	624
283	63.089	3.389	7	6	1	4	1	2	4	8	280	613
284	64.586	-56.96	9	20	1	4	1	2	4	8	85	280
285	88.486	69.748	16	23	1	4	1	2	4	8	287	557
286	-4.157	80.282	1	1	1	4	1	2	4	8	258	542
287	-66.415	-98.36	1	12	1	4	1	2	4	8	224	539
288	47.768	-92.319	20	21	1	4	1	2	4	8	289	488
289	24.073	-64.001	3	7	1	4	1	2	4	8	140	389
290	47.59	5.152	19	14	1	4	1	2	4	8	295	532
291	-71.782	87.985	8	14	1	4	1	2	4	8	212	452
292	27.538	75.092	1	3	1	4	1	2	4	8	254	540
293	77.355	-49.666	2	5	1	4	1	2	4	8	125	330
294	-18.538	-31.422	3	2	1	4	1	2	4	8	88	407
295	81.339	20.193	6	17	1	4	1	2	4	8	106	365
296	96.569	-89.661	7	11	1	4	1	2	4	8	214	465
297	47.488	93.359	8	22	1	4	1	2	4	8	97	373
298	38.449	57.392	17	11	1	4	1	2	4	8	150	486
299	20.392	-68.251	5	3	1	4	1	2	4	8	295	578
300	-67.946	-71.557	7	8	1	4	1	2	4	8	95	362
301	2.259	-18.005	4	3	1	4	1	2	4	8	78	411
302	-65.473	-14.524	5	23	1	4	1	2	4	8	284	622
303	-51.93	8.039	5	9	1	4	1	2	4	8	265	601
304	98.226	60.93	11	17	1	4	1	2	4	8	115	341
305	-42.134	-98.054	23	20	1	4	1	2	4	8	136	458
306	-66.033	-98.279	1	3	1	4	1	2	4	8	155	390
307	-97.981	-54.479	23	21	1	4	1	2	4	8	208	426
308	13.424	-13.017	20	3	1	4	1	2	4	8	110	353
309	89.077	41.159	10	2	1	4	1	2	4	8	188	377
310	28.376	-8.113	3	11	1	4	1	2	4	8	215	464
311	30.317	-37.06	25	9	1	4	1	2	4	8	234	453
312	-2.157	16.737	10	8	1	4	1	2	4	8	291	581
313	46.567	-68.07	12	23	1	4	1	2	4	8	298	656
314	-1.103	90.854	2	23	1	4	1	2	4	8	108	411
315	-81.82	82.599	5	2	1	4	1	2	4	8	136	408
316	91.497	-73.608	15	7	1	4	1	2	4	8	64	315
317	-12.494	86.904	1	19	1	4	1	2	4	8	291	630
318	22.224	-38.314	4	10	1	4	1	2	4	8	270	523
319	98.879	-31.951	12	14	1	4	1	2	4	8	119	327
320	99.999	72.207	9	9	1	4	1	2	4	8	299	487
321	-79.637	-5.862	23	23	1	4	1	2	4	8	268	601
322	-96.843	-66.08	6	6	1	4	1	2	4	8	298	542
323	-41.267	-70.4	16	17	1	4	1	2	4	8	184	430
324	33.014	40.751	20	11	1	4	1	2	4	8	72	416
325	-10.584	-29.071	5	10	1	4	1	2	4	8	262	556
326	-24.316	0.891	24	8	1	4	1	2	4	8	193	484
327	29.977	41.758	1	1	1	4	1	2	4	8	280	496
328	-2.848	-50.982	18	12	1	4	1	2	4	8	205	554
329	65.773	-86.846	16	25	1	4	1	2	4	8	62	270
330	-16.317	-56.905	20	6	1	4	1	2	4	8	249	452
331	-57.073	-98.436	4	6	1	4	1	2	4	8	232	584
332	-56.491	16.876	3	18	1	4	1	2	4	8	94	334
333	15.396	-76.032	10	16	1	4	1	2	4	8	78	432
334	-75.088	58.256	9	7	1	4	1	2	4	8	203	415
335	96.44	62.174	24	3	1	4	1	2	4	8	225	526
336	-93.38	-43.192	22	15	1	4	1	2	4	8	93	374
337	64.436	-80.935	9	9	1	4	1	2	4	8	98	304
338	-69.521	23.805	19	18	1	4	1	2	4	8	294	529
339	55.01	-25.54	7	18	1	4	1	2	4	8	151	343
340	-80.711	90.076	19	23	1	4	1	2	4	8	259	538
341	56.009	-49.712	21	13	1	4	1	2	4	8	62	273
342	-57.092	-74.976	2	9	1	4	1	2	4	8	77	345
343	53.202	-39.537	13	4	1	4	1	2	4	8	284	579
344	81.739	-0.326	22	22	1	4	1	2	4	8	254	509
345	32.83	55.316	12	7	1	4	1	2	4	8	127	351
346	-48.318	54.429	9	22	1	4	1	2	4	8	286	569
347	23.36	-73.911	20	5	1	4	1	2	4	8	191	402
348	-11.524	68.173	10	13	1	4	1	2	4	8	210	569
349	-68.352	58.624	1	4	1	4	1	2	4	8	253	539
350	73.554	-97.904	11	8	1	4	1	2	4	8	103	404
351	30.068	82.049	20	25	1	4	1	2	4	8	134	320
352	93.083	-68.397	5	12	1	4	1	2	4	8	102	356
353	75.257	-1.506	9	20	1	4	1	2	4	8	64	312
354	80.638	-17.836	19	19	1	4	1	2	4	8	137	415
355	-13.335	73.973	4	3	1	4	1	2	4	8	116	302
356	-86.641	3.882	13	20	1	4	1	2	4	8	263	474
357	-80.13	17.609	15	2	1	4	1	2	4	8	290	558
358	-17.242	78.547	22	13	1	4	1	2	4	8	114	369
359	12.901	-81.505	11	4	1	4	1	2	4	8	70	317
360	19.444	-81.554	11	5	1	4	1	2	4	8	148	332
361	-36.384	-47.398	2	7	1	4	1	2	4	8	133	462
362	21.083	-55.008	4	13	1	4	1	2	4	8	261	549
363	-83.82	-33.208	16	19	1	4	1	2	4	8	125	371
364	-68.502	-2.507	3	24	1	4	1	2	4	8	74	324
365	27.436	-16.36	9	5	1	4	1	2	4	8	78	437
366	48.742	-54.756	6	19	1	4	1	2	4	8	62	327
367	-45.101	-49.633	19	14	1	4	1	2	4	8	182	455
368	-58.762	77.193	7	10	1	4	1	2	4	8	147	452
369	-59.256	74.247	20	23	1	4	1	2	4	8	238	447
370	75.09	73.656	14	23	1	4	1	2	4	8	106	451
371	41.057	-21.892	20	14	1	4	1	2	4	8	114	423
372	-50.267	-11.789	2	2	1	4	1	2	4	8	253	488
373	21.525	-16.962	20	5	1	4	1	2	4	8	149	352
374	-19.547	-83.289	8	10	1	4	1	2	4	8	130	382
375	-20.39	67.037	10	19	1	4	1	2	4	8	82	320
376	54.979	-43.275	6	3	1	4	1	2	4	8	142	349
377	-89.756	-29.358	7	20	1	4	1	2	4	8	144	421
378	-30.428	-4.238	2	12	1	4	1	2	4	8	165	390
379	-72.361	-57.893	15	18	1	4	1	2	4	8	213	459
380	58.701	-88.691	25	18	1	4	1	2	4	8	136	479
381	47.152	49.394	25	12	1	4	1	2	4	8	214	435
382	98.749	1.442	11	19	1	4	1	2	4	8	135	387
383	70.369	-6.789	11	10	1	4	1	2	4	8	191	393
384	20.56	-81.837	8	20	1	4	1	2	4	8	94	413
385	80.783	57.841	2	19	1	4	1	2	4	8	262	489
386	76.182	-61.91	19	12	1	4	1	2	4	8	243	500
387	17.836	0.556	12	16	1	4	1	2	4	8	81	296
388	90.639	-61.624	20	19	1	4	1	2	4	8	280	541
389	58.777	-98.35	12	9	1	4	1	2	4	8	66	266
390	-18.378	87.995	6	22	1	4	1	2	4	8	271	467
391	80.328	-82.823	18	25	1	4	1	2	4	8	266	505
392	22.901	43.5	25	17	1	4	1	2	4	8	204	417
393	99.979	-7.659	14	10	1	4	1	2	4	8	225	421
394	-74.178	-85.31	7	7	1	4	1	2	4	8	234	477
395	31.687	-99.301	6	24	1	4	1	2	4	8	243	476
396	17.78	-9.558	13	19	1	4	1	2	4	8	173	382
397	19.072	-3.536	20	22	1	4	1	2	4	8	253	535
398	9.99	-31.742	12	5	1	4	1	2	4	8	145	336
399	93.929	-69.25	12	15	1	4	1	2	4	8	254	582
400	-49.561	2.1	25	15	1	4	1	2	4	8	286	571
401	84.991	97.266	4	23	1	4	1	2	4	8	91	277
402	-35.136	60.366	20	2	1	4	1	2	4	8	260	603
403	27.386	75.726	3	22	1	4	1	2	4	8	206	540
404	-95.895	51.401	4	5	1	4	1	2	4	8	269	514
405	90.088	83.059	23	3	1	4	1	2	4	8	236	416
406	-16.536	50.318	3	23	1	4	1	2	4	8	256	493
407	91.728	67.298	21	3	1	4	1	2	4	8	279	539
408	-5.567	29.476	15	3	1	4	1	2	4	8	102	341
409	24.247	-56.177	9	23	1	4	1	2	4	8	209	500
410	-15.787	-73.613	17	1	1	4	1	2	4	8	117	436
411	-5.743	49.143	13	11	1	4	1	2	4	8	258	452
412	47.026	37.508	9	4	1	4	1	2	4	8	132	331
413	19.365	55.565	7	23	1	4	1	2	4	8	103	393
414	76.434	-37.53	4	6	1	4	1	2	4	8	153	459
415	36.658	-41.782	4	18	1	4	1	2	4	8	130	316
416	-16.68	46.01	17	9	1	4	1	2	4	8	133	399
417	-72.614	-67.887	18	13	1	4	1	2	4	8	66	349
418	11.499	-71.875	19	12	1	4	1	2	4	8	180	473
419	73.78	30.537	5	10	1	4	1	2	4	8	277	507
420	-23.986	94.995	16	21	1	4	1	2	4	8	87	380
421	-62.937	-59.284	14	24	1	4	1	2	4	8	155	481
422	70.046	83.677	13	3	1	4	1	2	4	8	78	420
423	-16.85	-31.282	8	12	1	4	1	2	4	8	215	439
424	-70.533	-21.775	12	11	1	4	1	2	4	8	299	596
425	2.381	-18.432	7	16	1	4	1	2	4	8	161	383
426	-73.39	29.962	18	8	1	4	1	2	4	8	155	504
427	-77.693	-30.34	8	13	1	4	1	2	4	8	115	323
428	-45.148	52.866	25	1	1	4	1	2	4	8	168	501
429	-56.395	-38.303	7	1	1	4	1	2	4	8	288	530
430	-85.233	-65.405	6	20	1	4	1	2	4	8	202	388
431	-92.251	-45.922	21	24	1	4	1	2	4	8	238	535
432	-68.654	20.708	3	18	1	4	1	2	4	8	201	392
433	70.65	-16.407	20	22	1	4	1	2	4	8	214	550
434	24.89	-88.039	14	2	1	4	1	2	4	8	179	528
435	-42.952	11.889	12	9	1	4	1	2	4	8	255	549
436	35.038	-87.778	10	18	1	4	1	2	4	8	217	527
437	39.942	44.533	17	4	1	4	1	2	4	8	105	421
438	89.745	77.683	23	19	1	4	1	2	4	8	176	454
439	63.434	-99.186	19	16	1	4	1	2	4	8	97	419
440	-56.83	70.024	3	10	1	4	1	2	4	8	235	455
441	86.146	48.44	13	9	1	4	1	2	4	8	196	399
442	-26.305	-10.537	7	1	1	4	1	2	4	8	218	541
443	84.629	5.848	7	4	1	4	1	2	4	8	176	474
444	22.976	-82.654	10	12	1	4	1	2	4	8	283	629
445	16.025	-27.843	19	19	1	4	1	2	4	8	107	417
446	40.983	50.121	2	16	1	4	1	2	4	8	290	514
447	-28.342	70.688	1	20	1	4	1	2	4	8	196	451
448	-17.198	-37.749	19	6	1	4	1	2	4	8	153	410
449	18.649	68.157	19	25	1	4	1	2	4	8	143	418
450	-31.679	-77.422	13	7	1	4	1	2	4	8	269	582
451	-92.03	71.045	10	21	1	4	1	2	4	8	295	613
452	99.764	-19.769	17	18	1	4	1	2	4	8	208	405
453	83.744	-92.568	10	24	1	4	1	2	4	8	135	441
454	65.257	21.403	18	15	1	4	1	2	4	8	127	317
455	-29.359	-96.173	3	7	1	4	1	2	4	8	224	518
456	66.628	-57.768	12	23	1	4	1	2	4	8	290	559
457	99.35	76.019	7	17	1	4	1	2	4	8	127	351
458	-85.268	-25.947	9	5	1	4	1	2	4	8	91	371
459	-24.85	-63.408	20	10	1	4	1	2	4	8	203	499
460	-88.721	28.66	20	6	1	4	1	2	4	8	93	330
461	-39.57	-27.557	21	22	1	4	1	2	4	8	252	564
462	33.1	-15.522	15	24	1	4	1	2	4	8	151	334
463	-37.825	82.636	7	17	1	4	1	2	4	8	297	576
464	-81.576	-99.622	22	23	1	4	1	2	4	8	144	326
465	16.583	-96.408	19	9	1	4	1	2	4	8	219	488
466	-31.746	75.591	16	6	1	4	1	2	4	8	85	319
467	61.911	-97.661	21	23	1	4	1	2	4	8	228	437
468	57.673	78.338	4	25	1	4	1	2	4	8	227	421
469	-74.773	64.916	20	14	1	4	1	2	4	8	179	497
470	-56.712	-97.571	3	24	1	4	1	2	4	8	102	408
471	8.848	-41.943	24	4	1	4	1	2	4	8	98	432
472	56.179	-93.925	2	4	1	4	1	2	4	8	65	249
473	68.735	70.118	13	16	1	4	1	2	4	8	296	608
474	-5.465	-42.382	25	9	1	4	1	2	4	8	291	509
475	-3.662	-44.745	20	14	1	4	1	2	4	8	218	441
476	-81.811	-70.17	17	2	1	4	1	2	4	8	160	360
477	-13.655	43.628	23	5	1	4	1	2	4	8	176	465
478	85.186	55.957	5	15	1	4	1	2	4	8	277	629
479	27.923	20.394	1	13	1	4	1	2	4	8	185	511
480	81.843	97.48	4	20	1	4	1	2	4	8	297	477
481	-96.561	-80.586	9	19	1	4	1	2	4	8	115	428
482	-9.387	-72.56	7	17	1	4	1	2	4	8	217	432
483	55.654	88.007	13	23	1	4	1	2	4	8	277	595
484	83.858	-48.437	2	18	1	4	1	2	4	8	222	439
485	98.537	-99.368	9	4	1	4	1	2	4	8	234	506
486	60.709	98.434	6	23	1	4	1	2	4	8	212	533
487	-63.394	34.869	4	20	1	4	1	2	4	8	62	349
488	-55.337	-92.193	4	11	1	4	1	2	4	8	261	606
489	-89.766	-1.879	23	23	1	4	1	2	4	8	193	511
490	-7.931	-33.667	25	5	1	4	1	2	4	8	287	510
491	-31.815	68.398	24	16	1	4	1	2	4	8	77	262
492	-33.15	-59.529	20	25	1	4	1	2	4	8	170	432
493	62.105	53.287	18	19	1	4	1	2	4	8	265	549
494	-91.781	-6.866	24	4	1	4	1	2	4	8	248	437
495	-56.233	59.374	8	12	1	4	1	2	4	8	240	495
496	-40.409	-21.933	18	23	1	4	1	2	4	8	171	526
497	26.541	-76.104	2	23	1	4	1	2	4	8	188	448
498	-35.513	-80.412	24	4	1	4	1	2	4	8	78	360
499	21.491	88.587	9	11	1	4	1	2	4	8	296	624
500	-58.336	7.128	2	18	1	4	1	2	4	8	113	307
501	-1.587	-90.995	8	11	1	4	1	2	4	8	115	364
502	-56.755	-4.581	24	25	1	4	1	2	4	8	230	557
503	-55.795	-89.568	10	17	1	4	1	2	4	8	296	560
504	68.237	-27.695	5	20	1	4	1	2	4	8	210	518
505	34.062	4.498	4	22	1	4	1	2	4	8	194	478
506	-94.478	90.895	20	2	1	4	1	2	4	8	228	464
507	-57.782	53.032	8	17	1	4	1	2	4	8	242	472
508	7.702	-94.632	24	17	1	4	1	2	4	8	203	396
509	-62.697	83.173	18	4	1	4	1	2	4	8	253	596
510	-60.988	-53.805	16	6	1	4	1	2	4	8	130	420
511	-43.505	-69.111	20	4	1	4	1	2	4	8	192	445
512	97.728	81.065	15	7	1	4	1	2	4	8	216	504
513	89.034	-60.961	16	18	1	4	1	2	4	8	276	571
514	44.546	-7.482	13	4	1	4	1	2	4	8	211	426
515	17.894	-26.596	2	20	1	4	1	2	4	8	184	427
516	-87.64	-34.426	4	14	1	4	1	2	4	8	291	541
517	34.517	52.381	14	6	1	4	1	2	4	8	89	427
518	96.696	-38.001	19	18	1	4	1	2	4	8	275	635
519	79.477	76.956	7	1	1	4	1	2	4	8	216	401
520	2.418	71.79	12	3	1	4	1	2	4	8	299	613
521	3.217	-31.649	20	17	1	4	1	2	4	8	128	476
522	-95.739	-18.26	7	23	1	4	1	2	4	8	281	539
523	-29.562	-45.884	9	4	1	4	1	2	4	8	266	461
524	6.549	45.182	11	9	1	4	1	2	4	8	110	371
525	-42.879	79.309	25	4	1	4	1	2	4	8	61	260
526	36.394	66.838	9	11	1	4	1	2	4	8	286	606
527	42.076	-84.768	11	8	1	4	1	2	4	8	299	514
528	56.132	-12.439	7	17	1	4	1	2	4	8	299	503
529	-95.899	36.317	9	8	1	4	1	2	4	8	80	323
530	-88.983	-52.882	8	6	1	4	1	2	4	8	130	403
531	64.247	91.457	4	6	1	4	1	2	4	8	118	357
532	-72.655	-70.771	18	3	1	4	1	2	4	8	232	586
533	32.074	-38.296	23	23	1	4	1	2	4	8	76	325
534	54.75	78.806	1	12	1	4	1	2	4	8	248	443
535	27.747	3.023	16	25	1	4	1	2	4	8	117	401
536	76.298	-82.696	2	3	1	4	1	2	4	8	84	439
537	-38.252	-27.46	9	4	1	4	1	2	4	8	274	496
538	87.422	46.29	22	13	1	4	1	2	4	8	63	361
539	7.068	-86.587	20	10	1	4	1	2	4	8	180	428
540	59.458	-34.357	9	3	1	4	1	2	4	8	297	549
541	78.022	95.827	20	16	1	4	1	2	4	8	298	564
542	-65.182	-85.297	6	11	1	4	1	2	4	8	204	448
543	57.247	-90.481	23	23	1	4	1	2	4	8	205	388
544	-94.567	13.355	6	20	1	4	1	2	4	8	141	471
545	32.952	59.382	8	14	1	4	1	2	4	8	179	505
546	-72.026	-96.872	13	14	1	4	1	2	4	8	257	596
547	-51.895	-62.539	18	4	1	4	1	2	4	8	161	504
548	-51.575	92.63	4	18	1	4	1	2	4	8	147	408
549	-56.579	-69.398	14	20	1	4	1	2	4	8	269	617
550	26.402	81.786	16	22	1	4	1	2	4	8	125	428
551	-95.813	75.449	13	24	1	4	1	2	4	8	207	422
552	-79.111	43.035	15	16	1	4	1	2	4	8	200	521
553	-31.037	-78.774	2	10	1	4	1	2	4	8	146	506
554	-5.307	50.713	11	20	1	4	1	2	4	8	117	444
555	-95.771	63.122	16	1	1	4	1	2	4	8	143	441
556	62.242	-50.127	20	25	1	4	1	2	4	8	236	426
557	-4.149	67.502	12	15	1	4	1	2	4	8	210	568
558	28.492	87.95	2	9	1	4	1	2	4	8	135	396
559	85.136	19.967	4	8	1	4	1	2	4	8	114	306
560	-37.55	77.513	1	15	1	4	1	2	4	8	260	485
561	99.633	42.514	3	18	1	4	1	2	4	8	150	411
562	-96.217	-30.657	12	1	1	4	1	2	4	8	300	517
563	72.872	61.141	22	18	1	4	1	2	4	8	152	383
564	-52.716	-32.922	24	14	1	4	1	2	4	8	279	466
565	-56.768	-88.654	9	17	1	4	1	2	4	8	173	480
566	-21.917	-70.256	6	8	1	4	1	2	4	8	208	423
567	-13.912	78.346	7	2	1	4	1	2	4	8	183	497
568	90.339	-84.333	11	12	1	4	1	2	4	8	128	385
569	-22.419	-36.57	21	4	1	4	1	2	4	8	246	547
570	26.155	-3.343	7	18	1	4	1	2	4	8	231	517
571	17.56	-14.514	16	19	1	4	1	2	4	8	86	382
572	-63.247	-27.868	23	7	1	4	1	2	4	8	62	302
573	87.197	22.987	15	21	1	4	1	2	4	8	236	580
574	15.653	-40.126	18	13	1	4	1	2	4	8	138	407
575	-1.258	93.385	6	9	1	4	1	2	4	8	215	428
576	53.965	-70.184	17	12	1	4	1	2	4	8	174	358
577	29.807	-30.383	19	12	1	4	1	2	4	8	74	398
578	-99.093	-76.195	16	4	1	4	1	2	4	8	65	328
579	-48.942	-17.638	19	6	1	4	1	2	4	8	90	433
580	-4.802	-89.402	8	2	1	4	1	2	4	8	265	453
581	-85.608	13.399	5	2	1	4	1	2	4	8	237	502
582	-95.159	8.215	13	24	1	4	1	2	4	8	153	342
583	3.885	92.973	1	15	1	4	1	2	4	8	246	466
584	10.401	53.399	15	14	1	4	1	2	4	8	119	345
585	89.347	-97.435	10	20	1	4	1	2	4	8	162	403
586	24.52	-49.654	21	9	1	4	1	2	4	8	103	296
587	-57.638	-82.244	3	13	1	4	1	2	4	8	296	529
588	55.43	-26.095	15	17	1	4	1	2	4	8	148	469
589	91.527	-49.244	21	12	1	4	1	2	4	8	71	326
590	7.286	-54.417	7	18	1	4	1	2	4	8	261	529
591	21.386	53.013	5	19	1	4	1	2	4	8	183	366
592	-32.171	51.548	22	12	1	4	1	2	4	8	102	451
593	55.754	-83.565	19	1	1	4	1	2	4	8	193	521
594	-7.167	-80.13	22	18	1	4	1	2	4	8	191	406
595	-64.456	-91.688	18	21	1	4	1	2	4	8	273	617
596	-31.982	58.611	7	6	1	4	1	2	4	8	64	367
597	-55.382	-1.964	10	21	1	4	1	2	4	8	277	589
598	20.656	-20.578	8	20	1	4	1	2	4	8	296	511
599	6.065	-55.77	7	22	1	4	1	2	4	8	169	417
600	12.832	73.503	3	11	1	4	1	2	4	8	163	385
601	56.313	72.24	12	9	1	4	1	2	4	8	133	428
602	27.993	-45.032	6	15	1	4	1	2	4	8	284	614
603	-17.921	65.113	15	12	1	4	1	2	4	8	65	386
604	97.172	-22.337	14	9	1	4	1	2	4	8	96	419
605	32.325	84.538	3	2	1	4	1	2	4	8	196	454
606	-50.869	50.983	9	11	1	4	1	2	4	8	149	332
607	72.315	67.771	17	10	1	4	1	2	4	8	199	559
608	-25.059	-26.761	21	25	1	4	1	2	4	8	198	464
609	8.519	72.466	11	23	1	4	1	2	4	8	171	436
610	-69.923	88.799	25	13	1	4	1	2	4	8	63	246
611	96.041	95.111	2	10	1	4	1	2	4	8	115	383
612	21.622	-15.398	21	22	1	4	1	2	4	8	65	393
613	38.633	34.859	5	7	1	4	1	2	4	8	134	349
614	21.758	-6.772	17	6	1	4	1	2	4	8	86	408
615	-33.361	-72.079	5	22	1	4	1	2	4	8	260	592
616	66.493	-7.708	12	12	1	4	1	2	4	8	149	365
617	-98.794	-52.469	6	18	1	4	1	2	4	8	152	416
618	-83.827	38.759	9	8	1	4	1	2	4	8	205	505
619	23.084	-7.31	11	17	1	4	1	2	4	8	172	401
620	15.731	46.213	20	4	1	4	1	2	4	8	116	387
621	-1.847	89.007	21	16	1	4	1	2	4	8	105	340
622	5.782	-87.182	2	20	1	4	1	2	4	8	77	374
623	-48.171	-60.518	12	2	1	4	1	2	4	8	62	335
624	89.624	-87.307	21	22	1	4	1	2	4	8	139	387
625	-61.714	-49.676	6	4	1	4	1	2	4	8	211	428
626	-98.138	44.515	24	20	1	4	1	2	4	8	292	582
627	87.376	47.418	24	14	1	4	1	2	4	8	255	525
628	76.723	40.465	18	5	1	4	1	2	4	8	130	420
629	65.389	-25.052	22	7	1	4	1	2	4	8	138	454
630	4.266	-52.288	12	22	1	4	1	2	4	8	264	530
631	-77.732	8.498	15	11	1	4	1	2	4	8	299	564
632	33.614	-98.297	21	22	1	4	1	2	4	8	237	490
633	21.925	-49.025	11	19	1	4	1	2	4	8	252	559
634	-62.031	-27.286	17	8	1	4	1	2	4	8	279	557
635	98.808	-30.609	15	2	1	4	1	2	4	8	188	477
636	-10.522	65.178	13	5	1	4	1	2	4	8	70	319
637	-77.584	-97.103	12	15	1	4	1	2	4	8	258	545
638	-95.068	97.477	23	24	1	4	1	2	4	8	76	295
639	-58.133	-25.755	20	12	1	4	1	2	4	8	244	432
640	-94.275	99.274	1	19	1	4	1	2	4	8	152	422
641	82.44	-92.125	20	4	1	4	1	2	4	8	149	478
642	46.91	-80.296	1	22	1	4	1	2	4	8	114	460
643	-53.222	-4.521	15	13	1	4	1	2	4	8	150	377
644	76.49	96.536	19	20	1	4	1	2	4	8	185	441
645	14.174	29.332	8	19	1	4	1	2	4	8	183	471
646	-89.304	89.958	23	18	1	4	1	2	4	8	259	537
647	-22.824	-21.204	13	5	1	4	1	2	4	8	164	501
648	83.216	-92.189	18	16	1	4	1	2	4	8	232	564
649	16.239	40.766	22	21	1	4	1	2	4	8	234	572
650	-20.067	-68.604	9	25	1	4	1	2	4	8	130	334
651	-92.925	98.325	18	1	1	4	1	2	4	8	229	490
652	-11.863	-56.628	14	25	1	4	1	2	4	8	200	405
653	-39.791	56.193	1	25	1	4	1	2	4	8	233	417
654	-50.249	-60.104	25	11	1	4	1	2	4	8	145	412
655	-35.18	-80.829	25	9	1	4	1	2	4	8	273	633
656	-90.25	40.768	17	11	1	4	1	2	4	8	62	272
657	42.105	-98.795	16	20	1	4	1	2	4	8	284	512
658	-31.408	7.254	24	24	1	4	1	2	4	8	99	412
659	2.781	18.751	14	10	1	4	1	2	4	8	129	349
660	-3.471	-86.017	16	15	1	4	1	2	4	8	280	598
661	28.144	23.47	25	6	1	4	1	2	4	8	199	382
662	41.835	-65.442	25	2	1	4	1	2	4	8	91	309
663	-93.179	4.737	4	13	1	4	1	2	4	8	124	378
664	2.066	-61.012	24	4	1	4	1	2	4	8	92	392
665	47.501	52.708	6	9	1	4	1	2	4	8	228	539
666	-53.054	-94.753	25	9	1	4	1	2	4	8	75	280
667	-91.997	-73.532	5	24	1	4	1	2	4	8	115	336
668	-96.936	-83.249	8	15	1	4	1	2	4	8	82	327
669	-76.721	-17.236	4	10	1	4	1	2	4	8	68	292
670	82.89	-36.693	4	3	1	4	1	2	4	8	121	305
671	38.756	-35.794	12	12	1	4	1	2	4	8	215	422
672	-90.517	-46.207	22	6	1	4	1	2	4	8	140	466
673	-48.373	35.985	21	2	1	4	1	2	4	8	174	379
674	11.339	-51.296	11	20	1	4	1	2	4	8	84	444
675	83.555	19.356	8	12	1	4	1	2	4	8	85	350
676	72.441	-2.372	9	13	1	4	1	2	4	8	219	518
677	-96.791	-78.424	5	3	1	4	1	2	4	8	273	493
678	-86.832	-11.309	6	18	1	4	1	2	4	8	266	562
679	52.342	-74.272	8	6	1	4	1	2	4	8	272	605
680	94.863	-15.902	17	6	1	4	1	2	4	8	244	574
681	-64.001	-73.34	25	7	1	4	1	2	4	8	85	375
682	-51.231	95.052	3	16	1	4	1	2	4	8	85	274
683	27.125	62.608	14	23	1	4	1	2	4	8	284	601
684	12.705	-51.504	4	11	1	4	1	2	4	8	239	486
685	76.524	-44.223	16	22	1	4	1	2	4	8	282	509
686	37.547	47.821	12	6	1	4	1	2	4	8	144	380
687	68.594	-64.714	11	25	1	4	1	2	4	8	272	619
688	44.539	-62.563	22	24	1	4	1	2	4	8	101	347
689	45.716	44.989	9	5	1	4	1	2	4	8	106	339
690	19.303	46.004	4	16	1	4	1	2	4	8	219	538
691	53.315	84.428	16	5	1	4	1	2	4	8	283	555
692	94.448	12.02	8	3	1	4	1	2	4	8	289	502
693	98.006	-50.426	11	3	1	4	1	2	4	8	260	518
694	51.58	-83.853	2	19	1	4	1	2	4	8	294	538
695	-11.546	-11.443	18	5	1	4	1	2	4	8	128	383
696	96.179	10.943	21	1	1	4	1	2	4	8	175	367
697	-96.827	-92.898	8	11	1	4	1	2	4	8	73	255
698	-28.577	-38.229	10	16	1	4	1	2	4	8	280	584
699	70.755	-15.449	4	16	1	4	1	2	4	8	260	579
700	62.427	-48.313	24	5	1	4	1	2	4	8	99	428
701	-50.574	0.269	25	17	1	4	1	2	4	8	101	386
702	58.424	-25.088	2	5	1	4	1	2	4	8	125	446
703	98.755	25.915	10	5	1	4	1	2	4	8	108	360
704	69.591	-33.555	20	11	1	4	1	2	4	8	77	262
705	1.029	33.041	22	7	1	4	1	2	4	8	180	484
706	-66.632	90.285	11	4	1	4	1	2	4	8	61	363
707	-27.517	43.353	1	10	1	4	1	2	4	8	223	450
708	-84.9	19.004	18	14	1	4	1	2	4	8	174	500
709	74.053	72.544	1	22	1	4	1	2	4	8	191	527
710	-87.341	-53.581	18	1	1	4	1	2	4	8	185	430
711	-90.673	45.421	8	2	1	4	1	2	4	8	171	379
712	-74.002	87.768	21	5	1	4	1	2	4	8	146	481
713	6.88	-72.567	7	15	1	4	1	2	4	8	230	415
714	-13.13	-27.904	25	15	1	4	1	2	4	8	124	442
715	-32.988	-49.306	5	7	1	4	1	2	4	8	291	540
716	80.828	46.386	22	12	1	4	1	2	4	8	72	276
717	20.338	-47.948	24	4	1	4	1	2	4	8	144	384
718	-23.864	-99.678	13	7	1	4	1	2	4	8	165	429
719	43.901	81.572	11	1	1	4	1	2	4	8	161	507
720	97.293	54.545	7	5	1	4	1	2	4	8	151	507
721	44.306	-25.952	0	0	0	0	0	1000
722	-32.403	14.042	0	0	0	0	0	1000
723	37.663	13.769	0	0	0	0	0	1000
724	-15.104	12.111	0	0	0	0	0	1000
