6 20 840 4
410 180
410 180
410 180
410 180
1	64.827	48.437	25	1	1	4	1	2	4	8	155	342
2	-84.37	74.398	9	13	1	4	1	2	4	8	153	430
3	-66.256	-28.344	17	2	1	4	1	2	4	8	82	277
4	-9.72	-50.075	21	12	1	4	1	2	4	8	207	502
5	47.21	79.59	6	10	1	4	1	2	4	8	224	562
6	90.516	-8.751	24	21	1	4	1	2	4	8	181	454
7	-88.916	61.698	4	4	1	4	1	2	4	8	298	584
8	44.061	-63.955	21	23	1	4	1	2	4	8	222	559
9	57.645	75.778	2	7	1	4	1	2	4	8	118	362
10	42.872	-86.788	19	20	1	4	1	2	4	8	100	327
11	-64.039	-81.831	20	18	1	4	1	2	4	8	296	648
12	-70.301	58.036	16	23	1	4	1	2	4	8	199	486
13	-83.783	19.863	14	7	1	4	1	2	4	8	267	531
14	8.029	-63.5	7	20	1	4	1	2	4	8	117	385
15	28.453	96.287	19	20	1	4	1	2	4	8	142	420
16	91.668	46.465	14	16	1	4	1	2	4	8	248	550
17	22.994	94.992	13	9	1	4	1	2	4	8	271	628
18	85.196	-47.202	13	19	1	4	1	2	4	8	255	501
19	-98.603	70.484	25	9	1	4	1	2	4	8	107	453
20	-75.686	-60.478	14	12	1	4	1	2	4	8	110	436
21	-28.484	28.584	23	4	1	4	1	2	4	8	185	366
22	35.214	84.535	14	24	1	4	1	2	4	8	63	335
23	-36.842	-76.44	23	20	1	4	1	2	4	8	137	331
24	33.714	29.507	10	4	1	4	1	2	4	8	125	369
25	24.497	98.978	16	12	1	4	1	2	4	8	62	293
26	-20.261	72.157	21	20	1	4	1	2	4	8	113	446
27	-29.609	-52.145	7	21	1	4	1	2	4	8	86	362
28	-72.259	-82.192	6	3	1	4	1	2	4	8	298	553
29	-4.227	-34.223	13	20	1	4	1	2	4	8	230	545
30	50.295	12.413	2	5	1	4	1	2	4	8	84	432
31	2.848	65.409	11	4	1	4	1	2	4	8	224	428
32	82.021	-49.305	14	22	1	4	1	2	4	8	158	431
33	30.448	-89.514	19	4	1	4	1	2	4	8	183	423
34	89.201	79.734	25	11	1	4	1	2	4	8	134	379
35	-77.014	-3.068	14	10	1	4	1	2	4	8	245	471
36	0.108	52.122	5	14	1	4	1	2	4	8	274	614
37	-85.398	-92.319	20	4	1	4	1	2	4	8	135	480
38	93.831	-22	16	24	1	4	1	2	4	8	178	456
39	25.935	57.728	17	11	1	4	1	2	4	8	237	589
40	21.778	-91.824	23	18	1	4	1	2	4	8	191	381
41	-61.507	-17.173	2	23	1	4	1	2	4	8	131	421
42	79.157	98.536	10	16	1	4	1	2	4	8	243	545
43	68.099	80.134	11	13	1	4	1	2	4	8	116	397
44	2.415	-81.105	13	21	1	4	1	2	4	8	105	435
45	-73.574	-96.412	13	21	1	4	1	2	4	8	62	299
46	0.104	19.351	11	18	1	4	1	2	4	8	284	644
47	80.734	-95.833	18	11	1	4	1	2	4	8	183	452
48	-73.218	32.024	4	14	1	4	1	2	4	8	171	373
49	-16.995	-59.011	25	23	1	4	1	2	4	8	255	585
50	-32.162	-18.038	19	15	1	4	1	2	4	8	260	493
51	98.511	-51.674	13	22	1	4	1	2	4	8	178	362
52	63.144	-20.996	1	18	1	4	1	2	4	8	99	379
53	-90.828	24.641	20	9	1	4	1	2	4	8	294	502
54	44.433	-83.013	14	6	1	4	1	2	4	8	64	342
55	-38.906	-49.351	18	12	1	4	1	2	4	8	159	459
56	74.641	-64.821	13	24	1	4	1	2	4	8	183	479
57	-45.386	-5.479	1	20	1	4	1	2	4	8	158	379
58	-95.288	56.837	10	8	1	4	1	2	4	8	199	510
59	-31.709	51.49	18	14	1	4	1	2	4	8	200	558
60	-15.708	78.986	15	1	1	4	1	2	4	8	216	558
61	75.443	49.127	23	11	1	4	1	2	4	8	189	420
62	81.288	-18.273	4	10	1	4	1	2	4	8	282	487
63	-69.627	0.272	16	15	1	4	1	2	4	8	134	356
64	67.177	92.088	18	2	1	4	1	2	4	8	183	398
65	-60.709	92.321	13	3	1	4	1	2	4	8	243	433
66	88.741	87.652	12	9	1	4	1	2	4	8	91	290
67	24.811	12.393	21	6	1	4	1	2	4	8	284	640
68	-32.482	94.671	14	6	1	4	1	2	4	8	294	636
69	49.724	-73.793	10	4	1	4	1	2	4	8	219	470
70	-79.252	77.979	21	22	1	4	1	2	4	8	81	343
71	-25.619	-50.435	8	9	1	4	1	2	4	8	143	485
72	-65.31	-88.727	5	25	1	4	1	2	4	8	155	487
73	-34.149	-80.669	16	12	1	4	1	2	4	8	131	329
74	-11.176	-40.123	25	1	1	4	1	2	4	8	71	380
75	-27.17	18.178	16	2	1	4	1	2	4	8	97	368
76	67.31	-33.767	21	4	1	4	1	2	4	8	141	403
77	23.296	-0.83	3	18	1	4	1	2	4	8	210	463
78	98.23	-19.749	23	5	1	4	1	2	4	8	238	488
79	-79.177	71.51	16	22	1	4	1	2	4	8	115	310
80	58.633	-93.487	8	22	1	4	1	2	4	8	115	473
81	-35	-63.27	23	13	1	4	1	2	4	8	280	634
82	-98.016	-62.462	22	14	1	4	1	2	4	8	68	380
83	15.446	33.705	7	6	1	4	1	2	4	8	167	395
84	51.617	-97.518	24	7	1	4	1	2	4	8	144	484
85	35.933	-52.075	6	1	1	4	1	2	4	8	193	383
86	-87.164	-77.523	7	17	1	4	1	2	4	8	194	538
87	-16.032	-66.109	15	16	1	4	1	2	4	8	214	523
88	-79.876	29.145	6	11	1	4	1	2	4	8	238	459
89	93.603	-43.613	14	21	1	4	1	2	4	8	136	353
90	-90.271	-13.693	25	22	1	4	1	2	4	8	211	415
91	-73.128	-29.092	16	15	1	4	1	2	4	8	169	446
92	71.47	-59.931	8	21	1	4	1	2	4	8	77	300
93	-78.403	63.509	9	10	1	4	1	2	4	8	177	445
94	10.111	89.689	21	14	1	4	1	2	4	8	208	466
95	-69.51	25.765	2	21	1	4	1	2	4	8	251	518
96	22.876	87.684	4	13	1	4	1	2	4	8	286	581
97	-75.983	69.62	16	1	1	4	1	2	4	8	220	494
98	-67.496	60.187	1	22	1	4	1	2	4	8	287	534
99	54.58	-23.442	19	11	1	4	1	2	4	8	217	510
100	64.04	40.372	3	4	1	4	1	2	4	8	160	440
101	39.747	-75.122	16	14	1	4	1	2	4	8	246	480
102	60.102	73.83	1	7	1	4	1	2	4	8	135	407
103	-35.405	-74.374	5	25	1	4	1	2	4	8	95	455
104	-86.312	19.354	25	2	1	4	1	2	4	8	229	429
105	43.65	45.843	15	13	1	4	1	2	4	8	262	608
106	-86.302	50.717	2	15	1	4	1	2	4	8	283	470
107	56.127	-73.54	13	15	1	4	1	2	4	8	80	403
108	-16.217	40.044	19	25	1	4	1	2	4	8	69	343
109	-1.627	-19.089	23	24	1	4	1	2	4	8	248	436
110	-66.241	-16.981	22	24	1	4	1	2	4	8	246	516
111	15.388	-18.664	23	5	1	4	1	2	4	8	201	436
112	98.83	12.826	10	23	1	4	1	2	4	8	214	493
113	-86.609	-67.235	8	7	1	4	1	2	4	8	95	316
114	96.522	39.2	22	8	1	4	1	2	4	8	114	396
115	-25.442	28.908	24	23	1	4	1	2	4	8	83	347
116	59.045	14.41	9	20	1	4	1	2	4	8	185	523
117	20.187	8.477	12	1	1	4	1	2	4	8	212	494
118	41.522	-60.378	5	16	1	4	1	2	4	8	260	446
119	-44.982	17.064	5	16	1	4	1	2	4	8	269	528
120	-61.959	-18.511	6	10	1	4	1	2	4	8	274	605
121	-96.243	-52.375	16	11	1	4	1	2	4	8	218	563
122	-73.928	-23.535	5	13	1	4	1	2	4	8	172	500
123	-7.707	83.435	12	11	1	4	1	2	4	8	79	370
124	-82.678	-60.326	12	6	1	4	1	2	4	8	130	441
125	-11.108	-51.889	9	7	1	4	1	2	4	8	104	314
126	91.11	-56.856	15	21	1	4	1	2	4	8	167	466
127	-55.893	49.933	25	15	1	4	1	2	4	8	151	371
128	-33.956	97.014	6	9	1	4	1	2	4	8	284	608
129	-68.928	65.406	25	19	1	4	1	2	4	8	217	404
130	69.251	-43.499	9	2	1	4	1	2	4	8	103	335
131	-57.071	60.211	24	19	1	4	1	2	4	8	74	402
132	58.75	37.168	11	15	1	4	1	2	4	8	247	599
133	60.986	-11.834	14	8	1	4	1	2	4	8	95	317
134	98.324	-4.812	8	2	1	4	1	2	4	8	80	366
135	-88.471	-55.227	11	24	1	4	1	2	4	8	274	485
136	50.535	-47.345	20	13	1	4	1	2	4	8	96	360
137	70.096	-69.543	18	12	1	4	1	2	4	8	257	562
138	55.307	-29.019	5	24	1	4	1	2	4	8	202	462
139	-83.032	-2.71	3	2	1	4	1	2	4	8	69	413
140	33.297	-43.454	3	12	1	4	1	2	4	8	99	447
141	95.664	88.091	23	20	1	4	1	2	4	8	154	512
142	68.674	-77.274	10	25	1	4	1	2	4	8	157	444
143	0.922	-84.757	10	22	1	4	1	2	4	8	140	478
144	60.551	50.528	21	9	1	4	1	2	4	8	86	424
145	-60.495	37.707	17	17	1	4	1	2	4	8	260	507
146	69.48	-95.286	1	21	1	4	1	2	4	8	209	410
147	-67.899	-59.416	1	8	1	4	1	2	4	8	290	476
148	-24.9	37.655	10	12	1	4	1	2	4	8	117	376
149	7.826	13.186	4	25	1	4	1	2	4	8	145	428
150	31.324	73.022	24	1	1	4	1	2	4	8	73	270
151	-53.257	-18.092	5	12	1	4	1	2	4	8	257	452
152	-17.022	75.747	17	19	1	4	1	2	4	8	244	548
153	79.407	-84.96	6	17	1	4	1	2	4	8	165	481
154	94.813	97.655	20	15	1	4	1	2	4	8	290	475
155	96.682	1.963	4	8	1	4	1	2	4	8	215	556
156	-76.171	-58.494	2	9	1	4	1	2	4	8	71	430
157	-66.756	57.07	5	14	1	4	1	2	4	8	190	396
158	4.03	-19.787	24	25	1	4	1	2	4	8	268	550
159	-11.739	61.143	6	2	1	4	1	2	4	8	221	545
160	37.836	0.765	17	5	1	4	1	2	4	8	67	268
161	2.411	22.652	21	8	1	4	1	2	4	8	253	588
162	-7.596	-49.373	19	13	1	4	1	2	4	8	164	513
163	-10.671	82.417	16	6	1	4	1	2	4	8	258	609
164	58.201	-44.852	15	10	1	4	1	2	4	8	285	609
165	42.793	-96.489	2	23	1	4	1	2	4	8	114	306
166	13.865	77.578	19	5	1	4	1	2	4	8	171	410
167	-72.179	-65.714	5	15	1	4	1	2	4	8	149	381
168	72.855	-53.707	5	2	1	4	1	2	4	8	151	469
169	98.408	-15.875	10	23	1	4	1	2	4	8	250	533
170	-36.597	-98.22	13	18	1	4	1	2	4	8	231	419
171	-46.693	-89.776	20	21	1	4	1	2	4	8	176	388
172	-63.757	-81.043	6	5	1	4	1	2	4	8	291	510
173	-25.912	-12.5	13	13	1	4	1	2	4	8	79	330
174	30.763	85.553	20	23	1	4	1	2	4	8	61	291
175	72.158	-49.126	12	11	1	4	1	2	4	8	195	531
176	-29.117	-16.781	17	1	1	4	1	2	4	8	264	500
177	72.313	-39.146	25	6	1	4	1	2	4	8	270	588
178	-43.582	-67.551	5	16	1	4	1	2	4	8	179	461
179	58.063	77.759	23	25	1	4	1	2	4	8	119	458
180	-72.464	-38.558	6	5	1	4	1	2	4	8	129	339
181	-31.196	28.793	20	15	1	4	1	2	4	8	119	475
182	-12.118	-51.802	23	8	1	4	1	2	4	8	102	327
183	34.864	19.754	1	4	1	4	1	2	4	8	298	551
184	20.45	5.154	12	23	1	4	1	2	4	8	241	553
185	3.889	49.076	21	24	1	4	1	2	4	8	285	511
186	-28.364	-67.541	7	19	1	4	1	2	4	8	293	508
187	95.34	-76.329	14	18	1	4	1	2	4	8	134	447
188	-20.064	88.549	14	3	1	4	1	2	4	8	281	520
189	17.576	-32.944	3	10	1	4	1	2	4	8	113	326
190	14.496	67.156	5	5	1	4	1	2	4	8	147	413
191	80.127	74.817	2	19	1	4	1	2	4	8	71	290
192	97.469	-94.906	17	21	1	4	1	2	4	8	61	367
193	-25.627	69.783	11	24	1	4	1	2	4	8	200	483
194	-28.401	-99.324	22	4	1	4	1	2	4	8	156	361
195	50.075	30.104	11	5	1	4	1	2	4	8	104	380
196	-71.62	2.646	3	7	1	4	1	2	4	8	163	369
197	12.915	-98.794	8	6	1	4	1	2	4	8	227	577
198	-62.685	-8.744	3	21	1	4	1	2	4	8	261	532
199	56.589	-70.657	23	24	1	4	1	2	4	8	98	322
200	-31.331	-31.421	9	4	1	4	1	2	4	8	177	390
201	-43.98	90.593	17	21	1	4	1	2	4	8	266	455
202	26.527	-69.661	20	25	1	4	1	2	4	8	198	401
203	-69.424	52.137	3	20	1	4	1	2	4	8	155	387
204	-54.424	-13.872	21	7	1	4	1	2	4	8	109	431
205	15.812	-80.864	3	4	1	4	1	2	4	8	220	414
206	-83.857	-49.906	2	2	1	4	1	2	4	8	217	446
207	40.424	-79.066	11	25	1	4	1	2	4	8	128	312
208	-67.86	44.448	9	2	1	4	1	2	4	8	150	356
209	59.269	38.066	8	11	1	4	1	2	4	8	212	551
210	1.701	-67.918	23	12	1	4	1	2	4	8	205	476
211	44.975	87.472	23	14	1	4	1	2	4	8	100	457
212	57.629	35.435	2	20	1	4	1	2	4	8	276	558
213	-99.949	78.102	7	1	1	4	1	2	4	8	108	389
214	99.913	86.062	19	9	1	4	1	2	4	8	86	416
215	-70.393	-12.736	10	22	1	4	1	2	4	8	296	612
216	24.002	-38.426	14	21	1	4	1	2	4	8	144	402
217	-53.887	-49.366	9	5	1	4	1	2	4	8	256	550
218	95.928	10.482	23	5	1	4	1	2	4	8	110	387
219	-31.829	4.337	6	24	1	4	1	2	4	8	298	510
220	47.684	62.209	17	2	1	4	1	2	4	8	210	502
221	-66.668	-37.401	11	21	1	4	1	2	4	8	161	346
222	17.807	-31.234	10	20	1	4	1	2	4	8	189	474
223	-36.21	75.098	8	7	1	4	1	2	4	8	107	327
224	66.718	-40.335	1	17	1	4	1	2	4	8	147	392
225	90.712	-46.793	12	25	1	4	1	2	4	8	234	538
226	-77.661	49.278	25	24	1	4	1	2	4	8	274	589
227	-52.729	77.002	6	2	1	4	1	2	4	8	108	453
228	44.581	-35.831	6	17	1	4	1	2	4	8	73	351
229	7.491	-10.169	18	11	1	4	1	2	4	8	265	572
230	6.785	11.324	16	11	1	4	1	2	4	8	166	348
231	-33.471	98.485	7	6	1	4	1	2	4	8	218	420
232	-16.528	-52.459	3	8	1	4	1	2	4	8	63	259
233	-2.616	-45.108	15	17	1	4	1	2	4	8	103	458
234	-66.897	15.295	9	18	1	4	1	2	4	8	133	331
235	76.404	-30.405	18	21	1	4	1	2	4	8	180	380
236	-60.986	-67.986	18	3	1	4	1	2	4	8	119	403
237	-24.011	-86.817	23	23	1	4	1	2	4	8	64	387
238	98.059	16.247	13	5	1	4	1	2	4	8	262	524
239	1.365	-57.99	9	13	1	4	1	2	4	8	297	485
240	68.587	-78.809	4	25	1	4	1	2	4	8	103	388
241	-9.815	-86.391	22	14	1	4	1	2	4	8	166	519
242	49.922	13.192	7	16	1	4	1	2	4	8	234	443
243	-4.258	-91.165	22	11	1	4	1	2	4	8	196	396
244	89.349	-18.252	5	16	1	4	1	2	4	8	210	471
245	-17.556	5.642	13	24	1	4	1	2	4	8	70	331
246	-98.375	-67.752	4	25	1	4	1	2	4	8	287	608
247	11.423	-85.39	8	2	1	4	1	2	4	8	136	495
248	-72.785	-68.14	25	6	1	4	1	2	4	8	175	448
249	62.956	43.244	12	2	1	4	1	2	4	8	136	477
250	5.312	56.552	20	3	1	4	1	2	4	8	143	402
251	-65.52	-53.04	19	20	1	4	1	2	4	8	63	317
252	37.815	60.251	3	21	1	4	1	2	4	8	61	418
253	-82.718	34.769	20	17	1	4	1	2	4	8	226	486
254	36.114	56.615	2	6	1	4	1	2	4	8	249	559
255	-60.954	80.289	13	16	1	4	1	2	4	8	257	484
256	-68.729	-63.871	4	16	1	4	1	2	4	8	269	495
257	-66.485	89.372	5	7	1	4	1	2	4	8	94	281
258	66.3	-12.99	7	6	1	4	1	2	4	8	61	298
259	6.653	-0.248	13	5	1	4	1	2	4	8	242	542
260	-65.418	-44.258	19	23	1	4	1	2	4	8	259	516
261	95.816	-81.241	24	15	1	4	1	2	4	8	234	590
262	67.027	-89.674	5	15	1	4	1	2	4	8	167	422
263	90.179	-91.676	19	11	1	4	1	2	4	8	91	357
264	-42.445	-73.38	14	15	1	4	1	2	4	8	231	438
265	-14.05	-25.887	10	1	1	4	1	2	4	8	203	456
266	88.949	-76.044	23	22	1	4	1	2	4	8	92	397
267	5.292	65.403	23	11	1	4	1	2	4	8	131	431
268	-48.889	-14.491	14	18	1	4	1	2	4	8	69	410
269	11.053	27.916	2	4	1	4	1	2	4	8	244	484
270	-96.85	30.821	5	16	1	4	1	2	4	8	193	402
271	55.022	45.616	10	10	1	4	1	2	4	8	214	437
272	-10.164	79.954	19	13	1	4	1	2	4	8	238	435
273	-34.025	-80.909	3	21	1	4	1	2	4	8	80	359
274	-53.896	-61.495	20	14	1	4	1	2	4	8	265	524
275	97.163	-8.185	12	6	1	4	1	2	4	8	173	434
276	-48.036	91.835	18	1	1	4	1	2	4	8	89	290
277	70.116	-52.159	18	12	1	4	1	2	4	8	261	560
278	-37.542	97.917	12	13	1	4	1	2	4	8	234	574
279	-95.944	33.86	19	7	1	4	1	2	4	8	244	539
280	-85.897	-28.893	10	3	1	4	1	2	4	8	116	419
281	-7.206	-37.81	20	6	1	4	1	2	4	8	264	538
282	-87.997	-91.274	19	1	1	4	1	2	4	8	299	649
283	63.089	3.389	12	1	1	4	1	2	4	8	137	330
284	64.586	-56.96	16	19	1	4	1	2	4	8	167	371
285	88.486	69.748	19	20	1	4	1	2	4	8	166	439
286	-4.157	80.282	9	20	1	4	1	2	4	8	223	569
287	-66.415	-98.36	22	10	1	4	1	2	4	8	121	352
288	47.768	-92.319	25	25	1	4	1	2	4	8	77	371
289	24.073	-64.001	17	5	1	4	1	2	4	8	290	517
290	47.59	5.152	10	9	1	4	1	2	4	8	278	612
291	-71.782	87.985	7	4	1	4	1	2	4	8	294	617
292	27.538	75.092	24	4	1	4	1	2	4	8	173	422
293	77.355	-49.666	19	22	1	4	1	2	4	8	234	527
294	-18.538	-31.422	22	17	1	4	1	2	4	8	202	491
295	81.339	20.193	5	20	1	4	1	2	4	8	181	493
296	96.569	-89.661	15	20	1	4	1	2	4	8	195	510
297	47.488	93.359	15	5	1	4	1	2	4	8	105	370
298	38.449	57.392	23	11	1	4	1	2	4	8	287	611
299	20.392	-68.251	2	23	1	4	1	2	4	8	62	312
300	-67.946	-71.557	22	18	1	4	1	2	4	8	258	468
301	2.259	-18.005	5	17	1	4	1	2	4	8	102	405
302	-65.473	-14.524	3	18	1	4	1	2	4	8	155	495
303	-51.93	8.039	23	20	1	4	1	2	4	8	116	386
304	98.226	60.93	3	2	1	4	1	2	4	8	159	470
305	-42.134	-98.054	3	14	1	4	1	2	4	8	242	433
306	-66.033	-98.279	23	13	1	4	1	2	4	8	152	463
307	-97.981	-54.479	1	18	1	4	1	2	4	8	129	390
308	13.424	-13.017	11	2	1	4	1	2	4	8	68	341
309	89.077	41.159	4	17	1	4	1	2	4	8	223	514
310	28.376	-8.113	23	15	1	4	1	2	4	8	177	399
311	30.317	-37.06	6	6	1	4	1	2	4	8	120	343
312	-2.157	16.737	18	5	1	4	1	2	4	8	81	364
313	46.567	-68.07	9	14	1	4	1	2	4	8	246	436
314	-1.103	90.854	13	11	1	4	1	2	4	8	205	419
315	-81.82	82.599	12	15	1	4	1	2	4	8	268	574
316	91.497	-73.608	10	7	1	4	1	2	4	8	99	400
317	-12.494	86.904	21	16	1	4	1	2	4	8	211	423
318	22.224	-38.314	24	5	1	4	1	2	4	8	178	407
319	98.879	-31.951	3	21	1	4	1	2	4	8	246	426
320	99.999	72.207	12	9	1	4	1	2	4	8	270	561
321	-79.637	-5.862	11	22	1	4	1	2	4	8	286	475
322	-96.843	-66.08	16	11	1	4	1	2	4	8	286	573
323	-41.267	-70.4	8	23	1	4	1	2	4	8	123	401
324	33.014	40.751	13	14	1	4	1	2	4	8	163	348
325	-10.584	-29.071	1	22	1	4	1	2	4	8	205	393
326	-24.316	0.891	1	24	1	4	1	2	4	8	248	456
327	29.977	41.758	20	6	1	4	1	2	4	8	208	557
328	-2.848	-50.982	24	10	1	4	1	2	4	8	184	368
329	65.773	-86.846	18	13	1	4	1	2	4	8	63	363
330	-16.317	-56.905	22	5	1	4	1	2	4	8	140	388
331	-57.073	-98.436	2	18	1	4	1	2	4	8	160	506
332	-56.491	16.876	9	23	1	4	1	2	4	8	173	364
333	15.396	-76.032	18	23	1	4	1	2	4	8	230	551
334	-75.088	58.256	4	4	1	4	1	2	4	8	270	482
335	96.44	62.174	19	18	1	4	1	2	4	8	190	547
336	-93.38	-43.192	16	6	1	4	1	2	4	8	156	373
337	64.436	-80.935	10	14	1	4	1	2	4	8	108	413
338	-69.521	23.805	9	14	1	4	1	2	4	8	297	531
339	55.01	-25.54	1	16	1	4	1	2	4	8	178	363
340	-80.711	90.076	4	3	1	4	1	2	4	8	166	409
341	56.009	-49.712	12	4	1	4	1	2	4	8	203	389
342	-57.092	-74.976	19	8	1	4	1	2	4	8	127	461
343	53.202	-39.537	16	1	1	4	1	2	4	8	61	253
344	81.739	-0.326	20	7	1	4	1	2	4	8	142	495
345	32.83	55.316	6	6	1	4	1	2	4	8	127	312
346	-48.318	54.429	25	13	1	4	1	2	4	8	253	507
347	23.36	-73.911	7	22	1	4	1	2	4	8	147	473
348	-11.524	68.173	21	18	1	4	1	2	4	8	98	435
349	-68.352	58.624	18	9	1	4	1	2	4	8	148	507
350	73.554	-97.904	24	2	1	4	1	2	4	8	134	444
351	30.068	82.049	15	8	1	4	1	2	4	8	286	588
352	93.083	-68.397	7	5	1	4	1	2	4	8	268	477
353	75.257	-1.506	23	10	1	4	1	2	4	8	248	604
354	80.638	-17.836	17	25	1	4	1	2	4	8	232	438
355	-13.335	73.973	5	2	1	4	1	2	4	8	172	485
356	-86.641	3.882	10	12	1	4	1	2	4	8	196	462
357	-80.13	17.609	6	25	1	4	1	2	4	8	164	432
358	-17.242	78.547	22	23	1	4	1	2	4	8	143	489
359	12.901	-81.505	24	20	1	4	1	2	4	8	137	490
360	19.444	-81.554	17	19	1	4	1	2	4	8	163	463
361	-36.384	-47.398	23	15	1	4	1	2	4	8	279	613
362	21.083	-55.008	9	21	1	4	1	2	4	8	231	491
363	-83.82	-33.208	6	16	1	4	1	2	4	8	222	574
364	-68.502	-2.507	23	11	1	4	1	2	4	8	210	539
365	27.436	-16.36	25	21	1	4	1	2	4	8	264	539
366	48.742	-54.756	14	16	1	4	1	2	4	8	296	627
367	-45.101	-49.633	24	17	1	4	1	2	4	8	207	552
368	-58.762	77.193	4	3	1	4	1	2	4	8	203	535
369	-59.256	74.247	4	11	1	4	1	2	4	8	268	501
370	75.09	73.656	16	24	1	4	1	2	4	8	135	415
371	41.057	-21.892	9	24	1	4	1	2	4	8	129	486
372	-50.267	-11.789	14	4	1	4	1	2	4	8	99	297
373	21.525	-16.962	2	13	1	4	1	2	4	8	290	520
374	-19.547	-83.289	5	21	1	4	1	2	4	8	199	417
375	-20.39	67.037	15	14	1	4	1	2	4	8	234	441
376	54.979	-43.275	13	1	1	4	1	2	4	8	117	455
377	-89.756	-29.358	20	10	1	4	1	2	4	8	178	534
378	-30.428	-4.238	19	21	1	4	1	2	4	8	220	551
379	-72.361	-57.893	17	3	1	4	1	2	4	8	147	364
380	58.701	-88.691	23	17	1	4	1	2	4	8	250	455
381	47.152	49.394	18	6	1	4	1	2	4	8	189	477
382	98.749	1.442	4	1	1	4	1	2	4	8	211	460
383	70.369	-6.789	23	25	1	4	1	2	4	8	126	426
384	20.56	-81.837	20	21	1	4	1	2	4	8	197	422
385	80.783	57.841	11	8	1	4	1	2	4	8	226	486
386	76.182	-61.91	23	23	1	4	1	2	4	8	161	420
387	17.836	0.556	5	17	1	4	1	2	4	8	224	583
388	90.639	-61.624	16	22	1	4	1	2	4	8	240	441
389	58.777	-98.35	25	12	1	4	1	2	4	8	131	426
390	-18.378	87.995	19	18	1	4	1	2	4	8	190	454
391	80.328	-82.823	4	15	1	4	1	2	4	8	88	291
392	22.901	43.5	12	5	1	4	1	2	4	8	112	351
393	99.979	-7.659	23	3	1	4	1	2	4	8	192	396
394	-74.178	-85.31	23	21	1	4	1	2	4	8	188	533
395	31.687	-99.301	4	15	1	4	1	2	4	8	95	326
396	17.78	-9.558	11	18	1	4	1	2	4	8	270	574
397	19.072	-3.536	18	13	1	4	1	2	4	8	166	448
398	9.99	-31.742	11	21	1	4	1	2	4	8	263	556
399	93.929	-69.25	25	4	1	4	1	2	4	8	127	403
400	-49.561	2.1	17	18	1	4	1	2	4	8	92	375
401	84.991	97.266	20	4	1	4	1	2	4	8	150	452
402	-35.136	60.366	22	23	1	4	1	2	4	8	141	374
403	27.386	75.726	2	13	1	4	1	2	4	8	230	432
404	-95.895	51.401	17	1	1	4	1	2	4	8	118	423
405	90.088	83.059	17	22	1	4	1	2	4	8	68	294
406	-16.536	50.318	4	11	1	4	1	2	4	8	87	401
407	91.728	67.298	6	17	1	4	1	2	4	8	285	465
408	-5.567	29.476	4	8	1	4	1	2	4	8	162	464
409	24.247	-56.177	7	8	1	4	1	2	4	8	77	348
410	-15.787	-73.613	18	22	1	4	1	2	4	8	173	427
411	-5.743	49.143	4	7	1	4	1	2	4	8	265	483
412	47.026	37.508	20	3	1	4	1	2	4	8	271	599
413	19.365	55.565	14	12	1	4	1	2	4	8	282	512
414	76.434	-37.53	6	23	1	4	1	2	4	8	168	525
415	36.658	-41.782	18	9	1	4	1	2	4	8	214	452
416	-16.68	46.01	1	11	1	4	1	2	4	8	288	549
417	-72.614	-67.887	3	2	1	4	1	2	4	8	231	563
418	11.499	-71.875	17	12	1	4	1	2	4	8	68	376
419	73.78	30.537	23	7	1	4	1	2	4	8	286	636
420	-23.986	94.995	4	1	1	4	1	2	4	8	241	581
421	-62.937	-59.284	9	8	1	4	1	2	4	8	99	349
422	70.046	83.677	4	12	1	4	1	2	4	8	159	400
423	-16.85	-31.282	11	22	1	4	1	2	4	8	127	344
424	-70.533	-21.775	8	8	1	4	1	2	4	8	224	414
425	2.381	-18.432	17	12	1	4	1	2	4	8	71	416
426	-73.39	29.962	8	8	1	4	1	2	4	8	65	395
427	-77.693	-30.34	6	5	1	4	1	2	4	8	211	480
428	-45.148	52.866	6	6	1	4	1	2	4	8	62	294
429	-56.395	-38.303	3	7	1	4	1	2	4	8	215	444
430	-85.233	-65.405	23	25	1	4	1	2	4	8	219	498
431	-92.251	-45.922	12	23	1	4	1	2	4	8	139	426
432	-68.654	20.708	25	8	1	4	1	2	4	8	295	552
433	70.65	-16.407	3	10	1	4	1	2	4	8	246	433
434	24.89	-88.039	4	17	1	4	1	2	4	8	186	479
435	-42.952	11.889	13	13	1	4	1	2	4	8	109	366
436	35.038	-87.778	10	6	1	4	1	2	4	8	133	433
437	39.942	44.533	3	24	1	4	1	2	4	8	263	606
438	89.745	77.683	16	23	1	4	1	2	4	8	236	533
439	63.434	-99.186	11	13	1	4	1	2	4	8	184	532
440	-56.83	70.024	23	4	1	4	1	2	4	8	178	423
441	86.146	48.44	20	13	1	4	1	2	4	8	108	290
442	-26.305	-10.537	14	8	1	4	1	2	4	8	160	421
443	84.629	5.848	14	17	1	4	1	2	4	8	259	469
444	22.976	-82.654	4	25	1	4	1	2	4	8	137	323
445	16.025	-27.843	18	20	1	4	1	2	4	8	231	446
446	40.983	50.121	20	4	1	4	1	2	4	8	268	597
447	-28.342	70.688	22	21	1	4	1	2	4	8	68	343
448	-17.198	-37.749	24	3	1	4	1	2	4	8	84	337
449	18.649	68.157	16	17	1	4	1	2	4	8	215	476
450	-31.679	-77.422	10	24	1	4	1	2	4	8	116	447
451	-92.03	71.045	20	15	1	4	1	2	4	8	66	250
452	99.764	-19.769	1	25	1	4	1	2	4	8	201	473
453	83.744	-92.568	25	5	1	4	1	2	4	8	222	474
454	65.257	21.403	15	16	1	4	1	2	4	8	143	471
455	-29.359	-96.173	9	17	1	4	1	2	4	8	134	425
456	66.628	-57.768	8	16	1	4	1	2	4	8	284	543
457	99.35	76.019	15	25	1	4	1	2	4	8	164	458
458	-85.268	-25.947	18	7	1	4	1	2	4	8	181	483
459	-24.85	-63.408	1	14	1	4	1	2	4	8	214	434
460	-88.721	28.66	18	4	1	4	1	2	4	8	134	400
461	-39.57	-27.557	14	22	1	4	1	2	4	8	249	475
462	33.1	-15.522	17	14	1	4	1	2	4	8	189	424
463	-37.825	82.636	8	24	1	4	1	2	4	8	204	437
464	-81.576	-99.622	2	8	1	4	1	2	4	8	178	482
465	16.583	-96.408	12	2	1	4	1	2	4	8	202	431
466	-31.746	75.591	4	20	1	4	1	2	4	8	272	464
467	61.911	-97.661	18	6	1	4	1	2	4	8	182	511
468	57.673	78.338	19	5	1	4	1	2	4	8	161	361
469	-74.773	64.916	7	6	1	4	1	2	4	8	236	453
470	-56.712	-97.571	21	15	1	4	1	2	4	8	153	391
471	8.848	-41.943	13	24	1	4	1	2	4	8	162	405
472	56.179	-93.925	9	4	1	4	1	2	4	8	189	520
473	68.735	70.118	12	25	1	4	1	2	4	8	68	287
474	-5.465	-42.382	12	7	1	4	1	2	4	8	152	408
475	-3.662	-44.745	4	4	1	4	1	2	4	8	84	295
476	-81.811	-70.17	6	13	1	4	1	2	4	8	95	317
477	-13.655	43.628	2	3	1	4	1	2	4	8	215	460
478	85.186	55.957	2	5	1	4	1	2	4	8	105	429
479	27.923	20.394	24	10	1	4	1	2	4	8	269	536
480	81.843	97.48	15	25	1	4	1	2	4	8	106	371
481	-96.561	-80.586	14	13	1	4	1	2	4	8	174	463
482	-9.387	-72.56	20	19	1	4	1	2	4	8	96	326
483	55.654	88.007	9	25	1	4	1	2	4	8	96	446
484	83.858	-48.437	13	22	1	4	1	2	4	8	121	378
485	98.537	-99.368	17	17	1	4	1	2	4	8	142	487
486	60.709	98.434	12	24	1	4	1	2	4	8	82	369
487	-63.394	34.869	18	12	1	4	1	2	4	8	269	586
488	-55.337	-92.193	19	7	1	4	1	2	4	8	70	415
489	-89.766	-1.879	12	9	1	4	1	2	4	8	217	458
490	-7.931	-33.667	1	22	1	4	1	2	4	8	164	405
491	-31.815	68.398	18	13	1	4	1	2	4	8	196	446
492	-33.15	-59.529	21	17	1	4	1	2	4	8	231	555
493	62.105	53.287	6	24	1	4	1	2	4	8	224	548
494	-91.781	-6.866	21	15	1	4	1	2	4	8	139	366
495	-56.233	59.374	20	13	1	4	1	2	4	8	273	507
496	-40.409	-21.933	22	14	1	4	1	2	4	8	66	255
497	26.541	-76.104	11	1	1	4	1	2	4	8	205	438
498	-35.513	-80.412	9	22	1	4	1	2	4	8	69	423
499	21.491	88.587	15	14	1	4	1	2	4	8	174	526
500	-58.336	7.128	12	6	1	4	1	2	4	8	90	279
501	-1.587	-90.995	9	23	1	4	1	2	4	8	244	540
502	-56.755	-4.581	2	6	1	4	1	2	4	8	178	436
503	-55.795	-89.568	11	14	1	4	1	2	4	8	84	334
504	68.237	-27.695	10	13	1	4	1	2	4	8	158	466
505	34.062	4.498	25	25	1	4	1	2	4	8	149	490
506	-94.478	90.895	23	25	1	4	1	2	4	8	296	476
507	-57.782	53.032	13	13	1	4	1	2	4	8	262	495
508	7.702	-94.632	10	9	1	4	1	2	4	8	248	600
509	-62.697	83.173	22	22	1	4	1	2	4	8	181	444
510	-60.988	-53.805	7	24	1	4	1	2	4	8	178	516
511	-43.505	-69.111	6	24	1	4	1	2	4	8	106	380
512	97.728	81.065	22	1	1	4	1	2	4	8	202	504
513	89.034	-60.961	12	25	1	4	1	2	4	8	220	505
514	44.546	-7.482	18	6	1	4	1	2	4	8	162	375
515	17.894	-26.596	8	16	1	4	1	2	4	8	132	392
516	-87.64	-34.426	17	10	1	4	1	2	4	8	175	383
517	34.517	52.381	4	19	1	4	1	2	4	8	74	265
518	96.696	-38.001	16	17	1	4	1	2	4	8	278	557
519	79.477	76.956	20	3	1	4	1	2	4	8	271	499
520	2.418	71.79	2	13	1	4	1	2	4	8	151	416
521	3.217	-31.649	22	7	1	4	1	2	4	8	300	493
522	-95.739	-18.26	4	21	1	4	1	2	4	8	237	448
523	-29.562	-45.884	20	2	1	4	1	2	4	8	262	556
524	6.549	45.182	14	22	1	4	1	2	4	8	103	365
525	-42.879	79.309	5	9	1	4	1	2	4	8	214	484
526	36.394	66.838	7	2	1	4	1	2	4	8	127	462
527	42.076	-84.768	22	14	1	4	1	2	4	8	289	553
528	56.132	-12.439	11	14	1	4	1	2	4	8	212	498
529	-95.899	36.317	22	23	1	4	1	2	4	8	110	449
530	-88.983	-52.882	19	3	1	4	1	2	4	8	195	422
531	64.247	91.457	8	8	1	4	1	2	4	8	296	564
532	-72.655	-70.771	2	20	1	4	1	2	4	8	169	349
533	32.074	-38.296	5	15	1	4	1	2	4	8	142	332
534	54.75	78.806	15	8	1	4	1	2	4	8	245	436
535	27.747	3.023	24	5	1	4	1	2	4	8	276	512
536	76.298	-82.696	12	21	1	4	1	2	4	8	180	432
537	-38.252	-27.46	19	25	1	4	1	2	4	8	238	554
538	87.422	46.29	4	7	1	4	1	2	4	8	145	346
539	7.068	-86.587	22	7	1	4	1	2	4	8	81	292
540	59.458	-34.357	13	12	1	4	1	2	4	8	256	580
541	78.022	95.827	20	19	1	4	1	2	4	8	267	572
542	-65.182	-85.297	19	20	1	4	1	2	4	8	105	297
543	57.247	-90.481	18	7	1	4	1	2	4	8	205	536
544	-94.567	13.355	5	13	1	4	1	2	4	8	230	541
545	32.952	59.382	16	17	1	4	1	2	4	8	287	559
546	-72.026	-96.872	21	9	1	4	1	2	4	8	183	528
547	-51.895	-62.539	25	25	1	4	1	2	4	8	64	284
548	-51.575	92.63	1	9	1	4	1	2	4	8	249	467
549	-56.579	-69.398	25	17	1	4	1	2	4	8	235	455
550	26.402	81.786	25	1	1	4	1	2	4	8	205	509
551	-95.813	75.449	11	5	1	4	1	2	4	8	155	425
552	-79.111	43.035	9	3	1	4	1	2	4	8	67	338
553	-31.037	-78.774	11	8	1	4	1	2	4	8	281	575
554	-5.307	50.713	20	11	1	4	1	2	4	8	196	385
555	-95.771	63.122	24	17	1	4	1	2	4	8	189	467
556	62.242	-50.127	10	12	1	4	1	2	4	8	105	287
557	-4.149	67.502	15	24	1	4	1	2	4	8	249	601
558	28.492	87.95	6	4	1	4	1	2	4	8	292	559
559	85.136	19.967	2	6	1	4	1	2	4	8	232	502
560	-37.55	77.513	13	7	1	4	1	2	4	8	250	455
561	99.633	42.514	4	13	1	4	1	2	4	8	128	313
562	-96.217	-30.657	9	24	1	4	1	2	4	8	265	452
563	72.872	61.141	9	2	1	4	1	2	4	8	239	544
564	-52.716	-32.922	24	9	1	4	1	2	4	8	259	481
565	-56.768	-88.654	15	4	1	4	1	2	4	8	135	324
566	-21.917	-70.256	10	20	1	4	1	2	4	8	269	483
567	-13.912	78.346	3	24	1	4	1	2	4	8	208	528
568	90.339	-84.333	12	13	1	4	1	2	4	8	92	439
569	-22.419	-36.57	6	10	1	4	1	2	4	8	191	385
570	26.155	-3.343	2	12	1	4	1	2	4	8	229	459
571	17.56	-14.514	20	19	1	4	1	2	4	8	82	431
572	-63.247	-27.868	12	19	1	4	1	2	4	8	254	501
573	87.197	22.987	13	18	1	4	1	2	4	8	86	331
574	15.653	-40.126	3	13	1	4	1	2	4	8	160	372
575	-1.258	93.385	18	14	1	4	1	2	4	8	132	356
576	53.965	-70.184	6	18	1	4	1	2	4	8	111	383
577	29.807	-30.383	6	19	1	4	1	2	4	8	286	642
578	-99.093	-76.195	7	12	1	4	1	2	4	8	103	288
579	-48.942	-17.638	16	8	1	4	1	2	4	8	79	275
580	-4.802	-89.402	23	19	1	4	1	2	4	8	297	644
581	-85.608	13.399	11	21	1	4	1	2	4	8	181	447
582	-95.159	8.215	22	9	1	4	1	2	4	8	97	374
583	3.885	92.973	6	2	1	4	1	2	4	8	206	410
584	10.401	53.399	25	4	1	4	1	2	4	8	108	434
585	89.347	-97.435	24	12	1	4	1	2	4	8	259	439
586	24.52	-49.654	5	6	1	4	1	2	4	8	266	494
587	-57.638	-82.244	16	9	1	4	1	2	4	8	234	453
588	55.43	-26.095	5	9	1	4	1	2	4	8	203	545
589	91.527	-49.244	3	15	1	4	1	2	4	8	77	317
590	7.286	-54.417	3	7	1	4	1	2	4	8	273	520
591	21.386	53.013	19	18	1	4	1	2	4	8	259	456
592	-32.171	51.548	5	23	1	4	1	2	4	8	146	490
593	55.754	-83.565	1	24	1	4	1	2	4	8	84	358
594	-7.167	-80.13	11	25	1	4	1	2	4	8	123	392
595	-64.456	-91.688	16	16	1	4	1	2	4	8	219	532
596	-31.982	58.611	16	9	1	4	1	2	4	8	196	551
597	-55.382	-1.964	5	3	1	4	1	2	4	8	165	503
598	20.656	-20.578	17	10	1	4	1	2	4	8	106	353
599	6.065	-55.77	5	21	1	4	1	2	4	8	91	450
600	12.832	73.503	5	2	1	4	1	2	4	8	275	497
601	56.313	72.24	11	3	1	4	1	2	4	8	297	560
602	27.993	-45.032	7	9	1	4	1	2	4	8	161	505
603	-17.921	65.113	4	8	1	4	1	2	4	8	164	514
604	97.172	-22.337	10	14	1	4	1	2	4	8	125	417
605	32.325	84.538	14	6	1	4	1	2	4	8	210	503
606	-50.869	50.983	22	2	1	4	1	2	4	8	233	565
607	72.315	67.771	1	16	1	4	1	2	4	8	154	425
608	-25.059	-26.761	2	16	1	4	1	2	4	8	253	483
609	8.519	72.466	5	19	1	4	1	2	4	8	225	484
610	-69.923	88.799	15	17	1	4	1	2	4	8	297	640
611	96.041	95.111	15	21	1	4	1	2	4	8	192	544
612	21.622	-15.398	7	25	1	4	1	2	4	8	162	435
613	38.633	34.859	12	7	1	4	1	2	4	8	145	480
614	21.758	-6.772	4	12	1	4	1	2	4	8	241	504
615	-33.361	-72.079	7	20	1	4	1	2	4	8	88	320
616	66.493	-7.708	1	14	1	4	1	2	4	8	100	310
617	-98.794	-52.469	5	19	1	4	1	2	4	8	195	410
618	-83.827	38.759	13	23	1	4	1	2	4	8	240	455
619	23.084	-7.31	12	6	1	4	1	2	4	8	226	445
620	15.731	46.213	13	9	1	4	1	2	4	8	138	334
621	-1.847	89.007	1	13	1	4	1	2	4	8	113	384
622	5.782	-87.182	23	15	1	4	1	2	4	8	257	593
623	-48.171	-60.518	13	8	1	4	1	2	4	8	202	425
624	89.624	-87.307	2	25	1	4	1	2	4	8	237	476
625	-61.714	-49.676	18	18	1	4	1	2	4	8	119	305
626	-98.138	44.515	21	2	1	4	1	2	4	8	257	588
627	87.376	47.418	6	14	1	4	1	2	4	8	241	525
628	76.723	40.465	15	5	1	4	1	2	4	8	270	507
629	65.389	-25.052	18	22	1	4	1	2	4	8	82	366
630	4.266	-52.288	23	7	1	4	1	2	4	8	63	359
631	-77.732	8.498	18	17	1	4	1	2	4	8	158	407
632	33.614	-98.297	10	5	1	4	1	2	4	8	71	271
633	21.925	-49.025	9	10	1	4	1	2	4	8	288	566
634	-62.031	-27.286	2	16	1	4	1	2	4	8	111	373
635	98.808	-30.609	24	20	1	4	1	2	4	8	154	357
636	-10.522	65.178	3	18	1	4	1	2	4	8	74	304
637	-77.584	-97.103	8	2	1	4	1	2	4	8	91	446
638	-95.068	97.477	5	24	1	4	1	2	4	8	275	497
639	-58.133	-25.755	11	17	1	4	1	2	4	8	73	314
640	-94.275	99.274	14	5	1	4	1	2	4	8	158	394
641	82.44	-92.125	7	18	1	4	1	2	4	8	191	445
642	46.91	-80.296	22	5	1	4	1	2	4	8	234	535
643	-53.222	-4.521	14	13	1	4	1	2	4	8	238	533
644	76.49	96.536	16	24	1	4	1	2	4	8	218	470
645	14.174	29.332	25	20	1	4	1	2	4	8	280	517
646	-89.304	89.958	1	24	1	4	1	2	4	8	116	296
647	-22.824	-21.204	6	6	1	4	1	2	4	8	184	496
648	83.216	-92.189	17	4	1	4	1	2	4	8	104	351
649	16.239	40.766	17	10	1	4	1	2	4	8	92	372
650	-20.067	-68.604	14	17	1	4	1	2	4	8	230	434
651	-92.925	98.325	3	14	1	4	1	2	4	8	269	534
652	-11.863	-56.628	22	3	1	4	1	2	4	8	188	410
653	-39.791	56.193	11	24	1	4	1	2	4	8	288	582
654	-50.249	-60.104	11	12	1	4	1	2	4	8	90	288
655	-35.18	-80.829	5	25	1	4	1	2	4	8	90	327
656	-90.25	40.768	22	24	1	4	1	2	4	8	118	379
657	42.105	-98.795	21	15	1	4	1	2	4	8	91	405
658	-31.408	7.254	1	15	1	4	1	2	4	8	166	508
659	2.781	18.751	19	23	1	4	1	2	4	8	242	570
660	-3.471	-86.017	11	18	1	4	1	2	4	8	233	576
661	28.144	23.47	8	2	1	4	1	2	4	8	259	526
662	41.835	-65.442	20	13	1	4	1	2	4	8	126	382
663	-93.179	4.737	4	23	1	4	1	2	4	8	144	503
664	2.066	-61.012	14	9	1	4	1	2	4	8	291	495
665	47.501	52.708	14	16	1	4	1	2	4	8	252	457
666	-53.054	-94.753	21	16	1	4	1	2	4	8	210	493
667	-91.997	-73.532	2	2	1	4	1	2	4	8	75	278
668	-96.936	-83.249	7	16	1	4	1	2	4	8	239	523
669	-76.721	-17.236	17	15	1	4	1	2	4	8	65	271
670	82.89	-36.693	2	16	1	4	1	2	4	8	217	524
671	38.756	-35.794	3	15	1	4	1	2	4	8	230	417
672	-90.517	-46.207	1	18	1	4	1	2	4	8	232	457
673	-48.373	35.985	8	12	1	4	1	2	4	8	67	343
674	11.339	-51.296	14	5	1	4	1	2	4	8	109	444
675	83.555	19.356	14	21	1	4	1	2	4	8	100	293
676	72.441	-2.372	8	16	1	4	1	2	4	8	79	349
677	-96.791	-78.424	22	24	1	4	1	2	4	8	179	524
678	-86.832	-11.309	13	22	1	4	1	2	4	8	109	352
679	52.342	-74.272	7	14	1	4	1	2	4	8	114	355
680	94.863	-15.902	3	14	1	4	1	2	4	8	237	423
681	-64.001	-73.34	4	15	1	4	1	2	4	8	266	451
682	-51.231	95.052	8	21	1	4	1	2	4	8	141	481
683	27.125	62.608	2	12	1	4	1	2	4	8	224	556
684	12.705	-51.504	21	22	1	4	1	2	4	8	183	428
685	76.524	-44.223	10	12	1	4	1	2	4	8	64	294
686	37.547	47.821	8	4	1	4	1	2	4	8	171	361
687	68.594	-64.714	25	6	1	4	1	2	4	8	252	569
688	44.539	-62.563	4	19	1	4	1	2	4	8	112	381
689	45.716	44.989	24	2	1	4	1	2	4	8	111	360
690	19.303	46.004	10	8	1	4	1	2	4	8	114	463
691	53.315	84.428	12	20	1	4	1	2	4	8	93	335
692	94.448	12.02	5	16	1	4	1	2	4	8	85	287
693	98.006	-50.426	10	17	1	4	1	2	4	8	110	336
694	51.58	-83.853	21	5	1	4	1	2	4	8	134	464
695	-11.546	-11.443	5	25	1	4	1	2	4	8	193	528
696	96.179	10.943	12	22	1	4	1	2	4	8	268	511
697	-96.827	-92.898	8	22	1	4	1	2	4	8	74	401
698	-28.577	-38.229	10	14	1	4	1	2	4	8	126	464
699	70.755	-15.449	19	17	1	4	1	2	4	8	126	456
700	62.427	-48.313	13	9	1	4	1	2	4	8	169	482
701	-50.574	0.269	2	3	1	4	1	2	4	8	134	468
702	58.424	-25.088	7	17	1	4	1	2	4	8	202	558
703	98.755	25.915	17	8	1	4	1	2	4	8	144	471
704	69.591	-33.555	20	9	1	4	1	2	4	8	95	361
705	1.029	33.041	11	23	1	4	1	2	4	8	284	503
706	-66.632	90.285	15	7	1	4	1	2	4	8	266	465
707	-27.517	43.353	19	16	1	4	1	2	4	8	205	555
708	-84.9	19.004	4	1	1	4	1	2	4	8	127	344
709	74.053	72.544	6	5	1	4	1	2	4	8	141	444
710	-87.341	-53.581	18	16	1	4	1	2	4	8	98	413
711	-90.673	45.421	10	4	1	4	1	2	4	8	88	273
712	-74.002	87.768	22	11	1	4	1	2	4	8	214	437
713	6.88	-72.567	4	5	1	4	1	2	4	8	224	509
714	-13.13	-27.904	22	18	1	4	1	2	4	8	104	373
715	-32.988	-49.306	14	12	1	4	1	2	4	8	115	356
716	80.828	46.386	16	2	1	4	1	2	4	8	256	611
717	20.338	-47.948	18	14	1	4	1	2	4	8	218	569
718	-23.864	-99.678	20	15	1	4	1	2	4	8	172	390
719	43.901	81.572	13	3	1	4	1	2	4	8	129	439
720	97.293	54.545	11	20	1	4	1	2	4	8	244	561
721	73.293	67.028	25	14	1	4	1	2	4	8	278	550
722	-85.69	-94.315	24	7	1	4	1	2	4	8	189	437
723	92.956	-49.492	13	22	1	4	1	2	4	8	240	514
724	-96.88	94.715	10	16	1	4	1	2	4	8	226	443
725	44.152	39.762	20	7	1	4	1	2	4	8	272	528
726	-77.11	-67.271	6	3	1	4	1	2	4	8	141	342
727	-58.578	88.41	15	15	1	4	1	2	4	8	208	423
728	19.55	62.192	24	10	1	4	1	2	4	8	191	495
729	-54.113	-36.396	14	4	1	4	1	2	4	8	270	498
730	8.603	41.57	9	18	1	4	1	2	4	8	76	406
731	51.993	95.206	23	8	1	4	1	2	4	8	198	497
732	-2.998	12.644	20	24	1	4	1	2	4	8	83	398
733	89.844	93.38	23	9	1	4	1	2	4	8	116	369
734	-90.092	-18.888	5	6	1	4	1	2	4	8	66	276
735	72.204	-84.995	21	16	1	4	1	2	4	8	227	428
736	94.546	15.682	6	16	1	4	1	2	4	8	265	521
737	-29.054	60.413	9	6	1	4	1	2	4	8	205	445
738	-94.964	-69.335	1	23	1	4	1	2	4	8	285	487
739	-85.699	-6.069	25	19	1	4	1	2	4	8	171	497
740	-74.102	-16.023	22	8	1	4	1	2	4	8	140	482
741	11.444	-24.162	23	16	1	4	1	2	4	8	278	592
742	90.632	-91.917	19	15	1	4	1	2	4	8	263	487
743	-87.194	-27.548	7	10	1	4	1	2	4	8	220	548
744	-38.496	53.39	6	20	1	4	1	2	4	8	96	433
745	0.244	34.508	3	4	1	4	1	2	4	8	173	416
746	82.714	-2.404	13	17	1	4	1	2	4	8	179	405
747	-86.24	-38.221	13	21	1	4	1	2	4	8	139	494
748	-40.358	95.983	12	16	1	4	1	2	4	8	192	528
749	60.362	12.009	2	3	1	4	1	2	4	8	134	329
750	-41.814	-35.507	10	7	1	4	1	2	4	8	117	331
751	-44.931	-48.819	20	8	1	4	1	2	4	8	129	334
752	-1.518	-60.245	16	5	1	4	1	2	4	8	107	287
753	-97.306	-85.12	25	18	1	4	1	2	4	8	214	518
754	-59.216	-76.728	4	5	1	4	1	2	4	8	99	325
755	2.944	27.865	20	14	1	4	1	2	4	8	220	573
756	-1.815	-28.618	25	22	1	4	1	2	4	8	119	478
757	14.772	-34.333	18	12	1	4	1	2	4	8	163	368
758	-93.305	81.219	10	18	1	4	1	2	4	8	141	369
759	21.682	56.76	25	16	1	4	1	2	4	8	289	498
760	-81.681	-13.241	15	16	1	4	1	2	4	8	246	596
761	-82.78	51.088	4	22	1	4	1	2	4	8	98	368
762	-90.044	22.294	17	2	1	4	1	2	4	8	76	426
763	-51.843	9.018	9	13	1	4	1	2	4	8	78	316
764	21.156	-71.808	4	4	1	4	1	2	4	8	188	447
765	57.009	84.16	15	11	1	4	1	2	4	8	181	541
766	26.939	-44.312	23	22	1	4	1	2	4	8	266	616
767	-7.621	-15.326	20	16	1	4	1	2	4	8	83	285
768	-7.742	-89.538	6	20	1	4	1	2	4	8	144	433
769	-55.465	-86.77	11	17	1	4	1	2	4	8	113	431
770	1.468	-10.815	25	2	1	4	1	2	4	8	239	487
771	-10.019	35.863	10	2	1	4	1	2	4	8	95	379
772	-22.616	59.792	12	11	1	4	1	2	4	8	73	336
773	-98.421	-41.306	14	23	1	4	1	2	4	8	146	500
774	-63.245	43.246	11	13	1	4	1	2	4	8	152	432
775	12.401	39.661	17	1	1	4	1	2	4	8	258	534
776	-52.339	-33.062	3	18	1	4	1	2	4	8	81	396
777	92.551	85.331	2	7	1	4	1	2	4	8	296	593
778	-56.601	-8.265	4	10	1	4	1	2	4	8	184	373
779	77.153	-32.68	5	5	1	4	1	2	4	8	206	548
780	-51.955	-8.922	6	8	1	4	1	2	4	8	254	610
781	62.772	7.112	20	9	1	4	1	2	4	8	247	518
782	-81.742	55.796	24	25	1	4	1	2	4	8	297	491
783	26.808	-84.637	16	15	1	4	1	2	4	8	202	397
784	-42.51	-81.025	22	13	1	4	1	2	4	8	285	487
785	60.602	18.444	16	14	1	4	1	2	4	8	224	567
786	-95.396	48.153	19	14	1	4	1	2	4	8	168	395
787	25.854	-56.71	7	6	1	4	1	2	4	8	293	481
788	-82.932	-7.78	21	6	1	4	1	2	4	8	265	447
789	-70.235	-46.037	12	10	1	4	1	2	4	8	109	416
790	-72.557	-72.361	5	17	1	4	1	2	4	8	108	322
791	52.846	-90.585	6	1	1	4	1	2	4	8	284	527
792	68.976	-73.162	6	22	1	4	1	2	4	8	223	433
793	25.264	67.217	16	24	1	4	1	2	4	8	197	510
794	-0.184	-68.613	14	5	1	4	1	2	4	8	225	422
795	-21.933	-99.252	3	3	1	4	1	2	4	8	156	403
796	39.996	-84.413	18	7	1	4	1	2	4	8	193	493
797	-81.853	-54.542	13	17	1	4	1	2	4	8	272	526
798	-52.328	-68.312	1	3	1	4	1	2	4	8	243	553
799	-70.749	98.758	24	3	1	4	1	2	4	8	146	334
800	-36.647	-14.48	7	20	1	4	1	2	4	8	137	480
801	72.371	-87.251	20	19	1	4	1	2	4	8	261	493
802	-21.307	-27.155	20	17	1	4	1	2	4	8	114	322
803	-12.329	93.292	23	9	1	4	1	2	4	8	113	437
804	87.596	62.407	9	6	1	4	1	2	4	8	88	351
805	65.011	-33.323	24	15	1	4	1	2	4	8	299	598
806	88.883	77.743	21	6	1	4	1	2	4	8	298	602
807	-53.959	-1.776	12	13	1	4	1	2	4	8	286	548
808	54.62	-24.851	25	24	1	4	1	2	4	8	147	350
809	-6.926	92.78	18	13	1	4	1	2	4	8	85	311
810	-55.676	80.947	25	5	1	4	1	2	4	8	260	563
811	-17.283	-35.353	11	17	1	4	1	2	4	8	274	511
812	77.763	68.909	17	13	1	4	1	2	4	8	162	468
813	-32.556	80.596	2	22	1	4	1	2	4	8	102	398
814	-88.189	86.867	24	17	1	4	1	2	4	8	163	437
815	99.613	-12.914	4	7	1	4	1	2	4	8	110	365
816	-47.986	-77.963	21	12	1	4	1	2	4	8	161	485
817	81.038	-77.772	18	20	1	4	1	2	4	8	168	379
818	79.817	-70.394	7	1	1	4	1	2	4	8	282	467
819	-55.196	-98.062	8	19	1	4	1	2	4	8	285	517
820	14.855	-40.905	18	18	1	4	1	2	4	8	184	469
821	48.238	84.78	23	19	1	4	1	2	4	8	289	551
822	0.521	86.924	6	14	1	4	1	2	4	8	61	374
823	-5.125	-90.067	9	25	1	4	1	2	4	8	78	307
824	28.527	-87.469	15	15	1	4	1	2	4	8	200	463
825	-87.395	-81.117	23	10	1	4	1	2	4	8	80	277
826	82.218	-56.418	6	2	1	4	1	2	4	8	67	370
827	-84.723	27.857	18	10	1	4	1	2	4	8	155	430
828	11.49	39.692	10	25	1	4	1	2	4	8	245	517
829	-97.121	86.382	4	14	1	4	1	2	4	8	103	416
830	79.243	-71.276	13	25	1	4	1	2	4	8	244	490
831	-61.792	-50.602	25	10	1	4	1	2	4	8	226	454
832	-14.5	-98.207	11	14	1	4	1	2	4	8	75	375
833	-45.703	-37.713	11	8	1	4	1	2	4	8	168	440
834	70.502	76.394	3	16	1	4	1	2	4	8	194	538
835	97.98	67.024	18	17	1	4	1	2	4	8	224	412
836	-61.021	89.911	18	1	1	4	1	2	4	8	252	470
837	78.976	32.602	14	15	1	4	1	2	4	8	60	295
838	59.431	-85.552	6	23	1	4	1	2	4	8	222	538
839	-5.172	-2.067	3	2	1	4	1	2	4	8	136	368
840	90.694	3.51	8	8	1	4	1	2	4	8	88	411
841	44.306	-25.952	0	0	0	0	0	1000
842	-32.403	14.042	0	0	0	0	0	1000
843	37.663	13.769	0	0	0	0	0	1000
844	-15.104	12.111	0	0	0	0	0	1000
