6 22 840 4
410 180
410 180
410 180
410 180
1	70.769	-29.196	5	5	1	4	1	2	4	8	445	541
2	-79.231	74.084	5	6	1	4	1	2	4	8	316	408
3	97.576	-85.391	1	12	1	4	1	2	4	8	237	335
4	68.832	-19.019	25	11	1	4	1	2	4	8	239	334
5	-87.907	91.417	20	2	1	4	1	2	4	8	459	568
6	-27.185	1.319	17	24	1	4	1	2	4	8	231	394
7	49.321	40.594	17	21	1	4	1	2	4	8	189	348
8	93.058	62.799	18	19	1	4	1	2	4	8	82	250
9	66.827	-43.508	16	20	1	4	1	2	4	8	136	231
10	77.556	98.223	15	14	1	4	1	2	4	8	274	381
11	-60.744	86.188	23	3	1	4	1	2	4	8	444	578
12	79.995	-50.762	21	19	1	4	1	2	4	8	130	281
13	64.497	14.175	6	12	1	4	1	2	4	8	258	382
14	94.934	54.93	16	3	1	4	1	2	4	8	207	354
15	-52.087	66.721	21	25	1	4	1	2	4	8	396	571
16	15.07	8.961	9	21	1	4	1	2	4	8	95	217
17	35.846	-64.678	15	5	1	4	1	2	4	8	148	271
18	23.023	83.251	22	15	1	4	1	2	4	8	309	435
19	-11.115	10.705	14	19	1	4	1	2	4	8	209	352
20	64.93	39.527	7	25	1	4	1	2	4	8	170	329
21	-70.629	-90.927	25	25	1	4	1	2	4	8	338	518
22	-87.41	68.209	22	11	1	4	1	2	4	8	471	575
23	27.174	-34.118	25	13	1	4	1	2	4	8	414	560
24	-53.887	46.247	23	13	1	4	1	2	4	8	76	192
25	-95.191	-1.038	21	5	1	4	1	2	4	8	463	555
26	19.02	74.803	15	1	1	4	1	2	4	8	457	588
27	-26.046	-12.517	18	1	1	4	1	2	4	8	60	178
28	19.23	74.597	13	14	1	4	1	2	4	8	435	583
29	-95.339	60.508	16	25	1	4	1	2	4	8	384	555
30	48.564	-11.497	14	11	1	4	1	2	4	8	221	376
31	42.316	-4.864	9	10	1	4	1	2	4	8	78	226
32	43.546	61.968	21	14	1	4	1	2	4	8	386	516
33	29.527	-98.943	1	22	1	4	1	2	4	8	410	532
34	42.071	-69.016	24	13	1	4	1	2	4	8	386	503
35	-45.613	29.637	17	7	1	4	1	2	4	8	99	246
36	-9.572	-86.566	14	3	1	4	1	2	4	8	322	420
37	3.917	33.51	16	21	1	4	1	2	4	8	88	208
38	85.217	-79.948	25	5	1	4	1	2	4	8	421	564
39	57.628	80.163	13	10	1	4	1	2	4	8	405	548
40	96.538	57.972	18	8	1	4	1	2	4	8	450	576
41	91.649	-41.534	24	19	1	4	1	2	4	8	182	296
42	9.78	93.652	2	20	1	4	1	2	4	8	391	518
43	63.531	94.46	4	23	1	4	1	2	4	8	226	324
44	77.053	47.884	24	3	1	4	1	2	4	8	232	387
45	-36.597	-47.695	2	19	1	4	1	2	4	8	184	355
46	-72.402	23.878	25	18	1	4	1	2	4	8	459	634
47	-78.868	-50.176	18	18	1	4	1	2	4	8	460	551
48	4.082	-89.608	13	7	1	4	1	2	4	8	154	332
49	0.059	92.423	16	25	1	4	1	2	4	8	474	604
50	-76.866	47.64	21	16	1	4	1	2	4	8	422	516
51	83.604	-95.448	8	13	1	4	1	2	4	8	113	207
52	93.73	52.683	5	17	1	4	1	2	4	8	412	542
53	59.516	22.106	11	4	1	4	1	2	4	8	390	499
54	-77.177	-94.324	5	15	1	4	1	2	4	8	478	581
55	34.638	-85.192	16	24	1	4	1	2	4	8	230	398
56	-55.442	-62.205	17	1	1	4	1	2	4	8	418	570
57	-98.137	-73.146	24	1	1	4	1	2	4	8	350	449
58	-73.753	-18.809	6	14	1	4	1	2	4	8	314	462
59	-13.928	37.488	8	17	1	4	1	2	4	8	363	521
60	82.692	-16.542	7	6	1	4	1	2	4	8	284	422
61	19.734	73.01	7	6	1	4	1	2	4	8	258	409
62	-97.99	57.599	9	24	1	4	1	2	4	8	255	397
63	57.439	-82.957	13	13	1	4	1	2	4	8	480	596
64	-82.281	47.029	1	23	1	4	1	2	4	8	390	518
65	44.269	-40.427	13	9	1	4	1	2	4	8	334	431
66	95.576	-2.344	13	25	1	4	1	2	4	8	459	559
67	-8.428	-84.828	14	8	1	4	1	2	4	8	423	553
68	66.208	-86.82	21	1	1	4	1	2	4	8	424	560
69	66.656	-78.973	25	5	1	4	1	2	4	8	107	222
70	40.64	90.624	25	9	1	4	1	2	4	8	156	289
71	3.163	-41.893	24	12	1	4	1	2	4	8	425	580
72	62.926	93.578	21	12	1	4	1	2	4	8	357	482
73	-88.784	48.968	12	7	1	4	1	2	4	8	331	454
74	-35.348	69.916	14	19	1	4	1	2	4	8	373	552
75	48.137	21.153	17	17	1	4	1	2	4	8	399	568
76	-87.774	53.083	21	20	1	4	1	2	4	8	290	401
77	-33.654	28.555	23	1	1	4	1	2	4	8	143	305
78	-81.397	-82.066	11	14	1	4	1	2	4	8	322	479
79	92.41	-10.076	10	18	1	4	1	2	4	8	334	438
80	70.726	-85.392	9	10	1	4	1	2	4	8	362	510
81	35.108	40.007	8	21	1	4	1	2	4	8	299	412
82	-54.311	90.973	17	14	1	4	1	2	4	8	427	606
83	35.154	33.779	15	8	1	4	1	2	4	8	437	545
84	-33.562	-83.864	3	18	1	4	1	2	4	8	96	258
85	42.256	-55.045	25	8	1	4	1	2	4	8	312	470
86	-94.215	-36.933	4	1	1	4	1	2	4	8	123	275
87	89.73	42.601	8	23	1	4	1	2	4	8	458	560
88	-57.644	65.021	24	1	1	4	1	2	4	8	107	229
89	-78.914	80.272	13	19	1	4	1	2	4	8	256	422
90	23.701	24.168	19	23	1	4	1	2	4	8	69	214
91	79.622	96.988	16	8	1	4	1	2	4	8	225	374
92	-63.145	-5.725	8	24	1	4	1	2	4	8	102	274
93	93.216	8.942	10	15	1	4	1	2	4	8	102	270
94	-13.405	93.229	23	6	1	4	1	2	4	8	98	221
95	-50.427	-72.999	6	5	1	4	1	2	4	8	349	457
96	-84.72	-67.492	15	11	1	4	1	2	4	8	75	214
97	44.419	41.31	21	8	1	4	1	2	4	8	350	491
98	-62.745	65.696	13	24	1	4	1	2	4	8	378	522
99	56.967	40.619	4	6	1	4	1	2	4	8	437	596
100	60.497	-71.289	7	23	1	4	1	2	4	8	190	299
101	59.729	-28.772	4	1	1	4	1	2	4	8	308	435
102	27.977	10.761	21	7	1	4	1	2	4	8	385	540
103	-11.22	55.675	18	5	1	4	1	2	4	8	463	561
104	15.038	-71.58	12	1	1	4	1	2	4	8	450	629
105	2.362	-68.305	16	9	1	4	1	2	4	8	107	218
106	58.311	48.743	5	12	1	4	1	2	4	8	327	454
107	-68.317	85.241	24	15	1	4	1	2	4	8	464	644
108	61.408	-70.084	4	25	1	4	1	2	4	8	97	201
109	26.996	69.617	8	10	1	4	1	2	4	8	416	576
110	62.101	-59.575	1	19	1	4	1	2	4	8	272	432
111	65.2	-79.032	9	8	1	4	1	2	4	8	109	264
112	28.54	-57.815	2	9	1	4	1	2	4	8	232	378
113	-70.423	-80.983	24	25	1	4	1	2	4	8	182	310
114	88.97	-62.216	24	19	1	4	1	2	4	8	142	319
115	90.236	65.352	18	22	1	4	1	2	4	8	184	360
116	50.477	43.724	19	21	1	4	1	2	4	8	272	398
117	63.462	15.785	13	23	1	4	1	2	4	8	343	449
118	-96.279	-76.955	18	16	1	4	1	2	4	8	248	425
119	-6.412	-8.384	14	23	1	4	1	2	4	8	374	534
120	-88.11	36.757	10	7	1	4	1	2	4	8	90	187
121	57.635	74.254	18	15	1	4	1	2	4	8	260	391
122	75.649	-22.328	3	5	1	4	1	2	4	8	217	359
123	22.128	-58.142	3	19	1	4	1	2	4	8	218	376
124	-80.607	-68.704	20	3	1	4	1	2	4	8	74	253
125	77.577	55.188	15	21	1	4	1	2	4	8	157	273
126	44.177	29.352	2	12	1	4	1	2	4	8	385	479
127	31.48	34.232	18	12	1	4	1	2	4	8	329	457
128	-53.086	30.88	10	7	1	4	1	2	4	8	210	307
129	-29.757	-67.398	9	3	1	4	1	2	4	8	251	411
130	55.592	-74.02	2	6	1	4	1	2	4	8	194	288
131	-25.893	35.631	11	24	1	4	1	2	4	8	242	359
132	20.784	20.082	17	6	1	4	1	2	4	8	231	371
133	46.345	-91.145	23	3	1	4	1	2	4	8	407	500
134	-66.123	-46.35	21	15	1	4	1	2	4	8	340	478
135	75.201	-35.894	4	7	1	4	1	2	4	8	424	559
136	36.561	60.148	14	9	1	4	1	2	4	8	156	276
137	61.374	97.776	1	18	1	4	1	2	4	8	126	246
138	81.275	81.851	15	21	1	4	1	2	4	8	360	474
139	-49.189	-60.161	7	20	1	4	1	2	4	8	303	470
140	44.034	-53.23	17	24	1	4	1	2	4	8	340	498
141	37.828	-68.314	12	7	1	4	1	2	4	8	295	430
142	-53.671	-23.869	12	10	1	4	1	2	4	8	311	440
143	-57.209	44.528	11	3	1	4	1	2	4	8	75	190
144	39.521	-95.385	17	12	1	4	1	2	4	8	118	232
145	-91.131	-65.33	20	10	1	4	1	2	4	8	274	397
146	8.347	65.426	6	3	1	4	1	2	4	8	200	302
147	75.979	89.084	1	18	1	4	1	2	4	8	420	519
148	99.637	-49.794	25	16	1	4	1	2	4	8	303	468
149	-23.496	95.279	1	25	1	4	1	2	4	8	67	196
150	-79.277	-22.748	23	19	1	4	1	2	4	8	419	564
151	15.242	95.652	21	18	1	4	1	2	4	8	136	260
152	-84.997	-0.574	4	1	1	4	1	2	4	8	155	309
153	91.039	69.953	10	14	1	4	1	2	4	8	95	233
154	-60.235	81.351	20	19	1	4	1	2	4	8	263	391
155	17.006	56.009	17	18	1	4	1	2	4	8	364	500
156	-66.73	-41.659	10	18	1	4	1	2	4	8	87	180
157	-4.533	9.104	6	18	1	4	1	2	4	8	256	379
158	-6.237	85.991	22	11	1	4	1	2	4	8	401	553
159	-75.497	97.859	11	20	1	4	1	2	4	8	274	378
160	7.882	40.441	9	19	1	4	1	2	4	8	63	237
161	-52.731	99.84	22	18	1	4	1	2	4	8	382	492
162	89.001	21.294	25	1	1	4	1	2	4	8	383	540
163	-29.736	-36.741	1	4	1	4	1	2	4	8	352	460
164	19.658	-61.825	2	7	1	4	1	2	4	8	374	508
165	83.76	-44.755	10	8	1	4	1	2	4	8	242	382
166	-81.878	-88.726	24	1	1	4	1	2	4	8	234	403
167	15.145	38.068	15	15	1	4	1	2	4	8	444	571
168	71.735	46.04	2	6	1	4	1	2	4	8	360	484
169	58.221	92.206	8	25	1	4	1	2	4	8	279	386
170	-34.867	-90.024	5	2	1	4	1	2	4	8	156	263
171	4.769	90.88	22	6	1	4	1	2	4	8	105	215
172	-79.62	43.504	16	4	1	4	1	2	4	8	352	521
173	79.308	-61.354	7	2	1	4	1	2	4	8	421	539
174	-97.764	4.529	15	22	1	4	1	2	4	8	113	288
175	-71.019	18.95	6	13	1	4	1	2	4	8	466	629
176	-63.107	50.759	2	25	1	4	1	2	4	8	354	498
177	70.727	97.116	11	25	1	4	1	2	4	8	237	393
178	98.13	-21.122	9	4	1	4	1	2	4	8	391	561
179	90.441	89.427	13	13	1	4	1	2	4	8	146	276
180	-89.295	-86.07	20	14	1	4	1	2	4	8	310	454
181	54.095	31.333	1	17	1	4	1	2	4	8	302	477
182	-47.018	-99.842	11	15	1	4	1	2	4	8	396	569
183	77.426	-32.749	7	8	1	4	1	2	4	8	451	543
184	-50.837	44.492	17	16	1	4	1	2	4	8	410	514
185	-24.373	-41.795	18	25	1	4	1	2	4	8	130	272
186	-79.746	52.476	9	4	1	4	1	2	4	8	196	351
187	21.31	-51.234	19	23	1	4	1	2	4	8	228	346
188	57.616	68.896	23	3	1	4	1	2	4	8	111	241
189	-34.608	-70.334	9	11	1	4	1	2	4	8	199	358
190	-42.363	92.175	19	13	1	4	1	2	4	8	264	411
191	43.436	-18.255	19	8	1	4	1	2	4	8	194	296
192	-68.816	28.156	12	7	1	4	1	2	4	8	221	318
193	79.252	99.155	10	5	1	4	1	2	4	8	110	217
194	73.23	2.06	16	13	1	4	1	2	4	8	396	511
195	-8.354	41.97	8	13	1	4	1	2	4	8	236	345
196	56.291	-85.561	7	1	1	4	1	2	4	8	442	574
197	65.575	15.525	7	1	1	4	1	2	4	8	238	410
198	89.525	0.676	15	18	1	4	1	2	4	8	80	227
199	-86.819	-15.437	15	13	1	4	1	2	4	8	213	313
200	-75.8	30.985	17	25	1	4	1	2	4	8	229	361
201	28.025	64.54	16	14	1	4	1	2	4	8	95	239
202	-88.73	20.473	24	20	1	4	1	2	4	8	266	393
203	68.548	47.348	12	10	1	4	1	2	4	8	415	545
204	-67.247	-58.783	21	24	1	4	1	2	4	8	304	407
205	84.605	-23.11	10	25	1	4	1	2	4	8	136	278
206	-14.231	82.473	14	9	1	4	1	2	4	8	285	390
207	-40.406	-74.69	1	16	1	4	1	2	4	8	331	501
208	-24.282	78.877	7	19	1	4	1	2	4	8	133	284
209	-28.25	-84.13	20	3	1	4	1	2	4	8	263	406
210	64.565	-26.288	13	18	1	4	1	2	4	8	214	337
211	85.108	-52.882	7	21	1	4	1	2	4	8	110	286
212	-79.472	45.79	23	6	1	4	1	2	4	8	180	307
213	-5.336	88.046	19	10	1	4	1	2	4	8	258	416
214	-78.764	49.502	21	22	1	4	1	2	4	8	264	379
215	-63.111	73.002	21	14	1	4	1	2	4	8	257	393
216	-3.891	-99.948	3	5	1	4	1	2	4	8	397	505
217	7.549	-5.308	13	25	1	4	1	2	4	8	466	620
218	19.123	-27.018	8	15	1	4	1	2	4	8	349	489
219	44.737	-16.687	14	11	1	4	1	2	4	8	393	507
220	72.585	-74.851	7	7	1	4	1	2	4	8	100	227
221	-16.839	37.726	13	13	1	4	1	2	4	8	205	366
222	94.261	92.015	5	10	1	4	1	2	4	8	76	199
223	56.192	-84.283	4	18	1	4	1	2	4	8	136	245
224	68.635	26.727	23	25	1	4	1	2	4	8	277	391
225	-99.17	28.876	25	24	1	4	1	2	4	8	157	253
226	-45.074	50.54	22	21	1	4	1	2	4	8	129	275
227	3.857	92.612	1	2	1	4	1	2	4	8	290	417
228	20.222	-69.211	21	19	1	4	1	2	4	8	257	357
229	-40.476	-77.39	11	23	1	4	1	2	4	8	225	331
230	-57.198	-72.777	18	9	1	4	1	2	4	8	356	520
231	56.312	65.402	18	9	1	4	1	2	4	8	139	252
232	69.7	80.937	15	11	1	4	1	2	4	8	305	399
233	90.906	-9.33	13	20	1	4	1	2	4	8	72	189
234	-97.436	65.063	22	24	1	4	1	2	4	8	466	631
235	42.06	31.785	22	16	1	4	1	2	4	8	383	539
236	-73.499	21.246	10	2	1	4	1	2	4	8	454	564
237	-85.046	-27.866	20	19	1	4	1	2	4	8	302	400
238	49.337	-89.743	9	10	1	4	1	2	4	8	146	239
239	35.597	-19.54	14	3	1	4	1	2	4	8	119	239
240	-61.688	37.016	23	7	1	4	1	2	4	8	428	556
241	42.689	-45.019	1	7	1	4	1	2	4	8	434	553
242	92.79	-94.538	23	22	1	4	1	2	4	8	128	292
243	24.999	-60.03	9	4	1	4	1	2	4	8	220	349
244	-59.224	-77.116	12	1	1	4	1	2	4	8	162	284
245	90.548	30.961	10	22	1	4	1	2	4	8	190	342
246	-12.275	88.35	17	3	1	4	1	2	4	8	439	606
247	55.234	16.229	9	2	1	4	1	2	4	8	353	471
248	27.81	98.151	12	16	1	4	1	2	4	8	271	448
249	-3.149	-65.864	15	25	1	4	1	2	4	8	399	499
250	98.907	-38.92	11	24	1	4	1	2	4	8	228	331
251	32.179	79.962	17	2	1	4	1	2	4	8	456	549
252	28.28	68.653	10	1	1	4	1	2	4	8	289	462
253	18.019	-32.892	14	21	1	4	1	2	4	8	422	527
254	-6.911	-77.002	25	15	1	4	1	2	4	8	279	394
255	-11.851	64.795	24	20	1	4	1	2	4	8	476	605
256	51.136	-85.981	2	11	1	4	1	2	4	8	337	429
257	36.686	-22.851	5	1	1	4	1	2	4	8	138	312
258	-67.853	-98.845	11	10	1	4	1	2	4	8	189	351
259	-80.102	-3.15	23	13	1	4	1	2	4	8	434	576
260	87.073	-2.082	7	10	1	4	1	2	4	8	362	507
261	-57.074	2.351	2	10	1	4	1	2	4	8	120	252
262	75.097	74.816	25	7	1	4	1	2	4	8	126	283
263	73.501	3.689	2	11	1	4	1	2	4	8	197	319
264	68.862	74.515	17	18	1	4	1	2	4	8	73	214
265	-27.734	-38.551	2	11	1	4	1	2	4	8	137	283
266	81.097	89.536	8	18	1	4	1	2	4	8	451	563
267	78.878	-45.516	5	22	1	4	1	2	4	8	216	352
268	23.462	-92.327	21	15	1	4	1	2	4	8	236	351
269	-83.392	16.664	23	9	1	4	1	2	4	8	344	515
270	-67.957	94.658	20	9	1	4	1	2	4	8	311	458
271	7.112	-49.165	7	10	1	4	1	2	4	8	437	528
272	-83.452	73.871	3	25	1	4	1	2	4	8	451	621
273	94.96	-64.55	21	19	1	4	1	2	4	8	146	307
274	84.39	28.653	16	21	1	4	1	2	4	8	104	195
275	71.381	-95.378	15	23	1	4	1	2	4	8	132	289
276	-32.943	-64.505	11	1	1	4	1	2	4	8	346	509
277	-42.012	37.956	17	4	1	4	1	2	4	8	476	580
278	-27.482	-72.12	19	16	1	4	1	2	4	8	259	381
279	13.155	-61.826	14	1	1	4	1	2	4	8	472	612
280	88.124	54.19	10	5	1	4	1	2	4	8	297	451
281	-68.968	-71.299	19	4	1	4	1	2	4	8	448	620
282	-97.041	9.426	20	7	1	4	1	2	4	8	379	517
283	-81.893	-61.942	17	8	1	4	1	2	4	8	188	342
284	86.794	-37.83	2	2	1	4	1	2	4	8	293	427
285	18.363	29.664	22	5	1	4	1	2	4	8	123	247
286	-50.519	95.311	8	4	1	4	1	2	4	8	77	234
287	51.922	13.562	8	23	1	4	1	2	4	8	200	366
288	-63.163	-54.967	23	8	1	4	1	2	4	8	66	195
289	-97.65	23.888	6	10	1	4	1	2	4	8	200	321
290	-6.737	28.808	20	16	1	4	1	2	4	8	237	356
291	10.109	-92.166	5	9	1	4	1	2	4	8	389	537
292	-45.46	-3.36	13	25	1	4	1	2	4	8	381	555
293	81.001	47.966	15	23	1	4	1	2	4	8	81	261
294	-44.665	-58.114	8	1	1	4	1	2	4	8	413	534
295	55.571	-22.96	11	16	1	4	1	2	4	8	304	468
296	84.259	-75.528	3	4	1	4	1	2	4	8	441	602
297	84.793	68.606	20	9	1	4	1	2	4	8	65	175
298	34.711	-40.102	7	16	1	4	1	2	4	8	184	347
299	-89.04	-7.186	1	21	1	4	1	2	4	8	163	288
300	-61.039	40.829	9	14	1	4	1	2	4	8	470	574
301	-24.26	-11.067	12	4	1	4	1	2	4	8	246	416
302	64.501	-53.568	19	7	1	4	1	2	4	8	389	488
303	-0.296	83.299	9	10	1	4	1	2	4	8	180	318
304	-57.614	-52.736	9	14	1	4	1	2	4	8	76	192
305	49.224	34.873	15	1	1	4	1	2	4	8	397	539
306	-9.184	-93.817	14	19	1	4	1	2	4	8	180	350
307	32.108	-19.172	11	3	1	4	1	2	4	8	255	405
308	-88.309	-56.421	15	18	1	4	1	2	4	8	232	365
309	-80.604	-91.908	11	19	1	4	1	2	4	8	158	328
310	95.905	66.735	13	20	1	4	1	2	4	8	281	447
311	80.853	70.21	19	19	1	4	1	2	4	8	147	257
312	-15.086	86.436	24	11	1	4	1	2	4	8	468	592
313	-36.493	58.852	11	4	1	4	1	2	4	8	250	353
314	42.46	-68.931	19	15	1	4	1	2	4	8	124	250
315	-50.904	87.312	5	17	1	4	1	2	4	8	219	377
316	-71.612	-23.398	12	15	1	4	1	2	4	8	122	261
317	92.321	35.984	14	9	1	4	1	2	4	8	120	299
318	48.304	35.815	21	24	1	4	1	2	4	8	256	402
319	11.621	-71.534	2	14	1	4	1	2	4	8	97	208
320	-14.256	64.879	21	8	1	4	1	2	4	8	380	476
321	-23.533	40.119	17	5	1	4	1	2	4	8	132	261
322	-0.337	53.996	9	6	1	4	1	2	4	8	94	265
323	-53.791	73.958	14	4	1	4	1	2	4	8	122	222
324	-36.616	-99.178	10	2	1	4	1	2	4	8	231	375
325	33.47	-93.486	16	17	1	4	1	2	4	8	432	587
326	-98.427	-35.969	17	23	1	4	1	2	4	8	73	179
327	94.118	-46.456	14	18	1	4	1	2	4	8	89	213
328	15.39	26.725	17	6	1	4	1	2	4	8	209	374
329	12.05	27.397	6	4	1	4	1	2	4	8	88	195
330	-77.921	-31.492	17	18	1	4	1	2	4	8	381	541
331	62.305	72.457	13	2	1	4	1	2	4	8	94	265
332	87.468	8.826	18	23	1	4	1	2	4	8	342	491
333	-94.983	70.145	13	6	1	4	1	2	4	8	474	565
334	43.498	41.279	24	20	1	4	1	2	4	8	461	637
335	-70.285	31.852	6	22	1	4	1	2	4	8	271	410
336	80.375	27.776	19	17	1	4	1	2	4	8	87	194
337	8.985	93.313	24	19	1	4	1	2	4	8	130	266
338	92.54	-52.894	11	23	1	4	1	2	4	8	125	267
339	72.002	16.913	11	8	1	4	1	2	4	8	127	285
340	97.377	-23.339	22	5	1	4	1	2	4	8	218	364
341	36.717	47.516	7	6	1	4	1	2	4	8	111	229
342	7.149	-71.451	4	13	1	4	1	2	4	8	154	310
343	-43.206	42.939	15	1	1	4	1	2	4	8	374	502
344	-83.605	90.892	13	5	1	4	1	2	4	8	321	448
345	1.67	94.475	14	22	1	4	1	2	4	8	427	561
346	40.715	-1.898	10	13	1	4	1	2	4	8	310	405
347	-18.009	96.118	20	13	1	4	1	2	4	8	203	347
348	68.544	32.884	20	17	1	4	1	2	4	8	374	491
349	65.797	95.628	20	19	1	4	1	2	4	8	317	476
350	22.312	73.149	13	10	1	4	1	2	4	8	460	602
351	52.49	17.437	2	16	1	4	1	2	4	8	358	531
352	73.874	77.598	11	22	1	4	1	2	4	8	316	494
353	-92.253	-90.888	24	4	1	4	1	2	4	8	262	360
354	41.127	-58.161	8	14	1	4	1	2	4	8	475	581
355	96.775	-23.832	9	6	1	4	1	2	4	8	463	634
356	-74.067	-94.372	23	19	1	4	1	2	4	8	445	588
357	-0.832	-87.738	2	11	1	4	1	2	4	8	332	464
358	38.495	1.565	10	4	1	4	1	2	4	8	212	372
359	61.817	-2.644	11	19	1	4	1	2	4	8	312	403
360	-73.967	-4.3	2	17	1	4	1	2	4	8	466	606
361	-60.871	81.892	12	10	1	4	1	2	4	8	162	332
362	60.472	-30.597	22	24	1	4	1	2	4	8	473	627
363	85.386	-28.128	9	8	1	4	1	2	4	8	334	442
364	62.164	34.636	1	8	1	4	1	2	4	8	258	417
365	83.207	-9.123	3	21	1	4	1	2	4	8	248	342
366	82.309	29.769	25	5	1	4	1	2	4	8	103	256
367	42.677	90.018	12	12	1	4	1	2	4	8	438	563
368	63.058	-83.133	20	18	1	4	1	2	4	8	293	429
369	57.468	44.776	24	12	1	4	1	2	4	8	350	468
370	-7.174	15.914	3	5	1	4	1	2	4	8	88	223
371	64.042	93.588	2	12	1	4	1	2	4	8	433	525
372	80.888	-79.97	22	20	1	4	1	2	4	8	90	250
373	-48.211	61.308	22	22	1	4	1	2	4	8	139	289
374	46	49.296	19	3	1	4	1	2	4	8	263	399
375	-20.976	-33.139	2	9	1	4	1	2	4	8	251	388
376	-6.022	78.92	15	8	1	4	1	2	4	8	116	223
377	68.822	91.597	16	11	1	4	1	2	4	8	145	248
378	42.975	-20.081	25	18	1	4	1	2	4	8	300	474
379	71.159	-32.69	23	21	1	4	1	2	4	8	422	581
380	16.073	-74.893	5	11	1	4	1	2	4	8	378	487
381	16.044	68.169	23	9	1	4	1	2	4	8	396	494
382	-84.073	28.892	13	23	1	4	1	2	4	8	386	561
383	-90.873	73.607	16	21	1	4	1	2	4	8	480	610
384	-77.124	63.195	7	2	1	4	1	2	4	8	94	261
385	20.298	46.353	18	7	1	4	1	2	4	8	436	533
386	28.419	43.747	3	6	1	4	1	2	4	8	221	385
387	-33.562	-30.091	22	7	1	4	1	2	4	8	117	262
388	-16.029	-76.392	7	10	1	4	1	2	4	8	433	597
389	-64.067	26.829	15	11	1	4	1	2	4	8	90	248
390	-22.846	-69.793	13	20	1	4	1	2	4	8	201	336
391	12.682	-95.128	24	10	1	4	1	2	4	8	420	581
392	87.071	33.365	17	10	1	4	1	2	4	8	223	363
393	-77.532	-96.939	9	19	1	4	1	2	4	8	404	527
394	-39.146	45.573	12	13	1	4	1	2	4	8	281	394
395	-35.479	10.24	2	22	1	4	1	2	4	8	191	297
396	-65.554	-65.485	14	7	1	4	1	2	4	8	98	217
397	-83.83	86.488	7	8	1	4	1	2	4	8	440	595
398	-68.427	46.705	18	22	1	4	1	2	4	8	137	255
399	58.965	42.187	3	22	1	4	1	2	4	8	350	521
400	-60.307	-4.92	22	1	1	4	1	2	4	8	176	291
401	-28.404	90.417	10	23	1	4	1	2	4	8	214	347
402	-36.312	81.37	18	3	1	4	1	2	4	8	450	593
403	5.959	-95.856	8	19	1	4	1	2	4	8	365	533
404	47.945	-24.239	18	8	1	4	1	2	4	8	261	405
405	59.546	69.268	23	9	1	4	1	2	4	8	258	351
406	-60.668	81.323	18	25	1	4	1	2	4	8	366	497
407	96.854	-91.124	4	10	1	4	1	2	4	8	109	236
408	-40.165	-59.739	20	15	1	4	1	2	4	8	101	218
409	92.492	48.342	8	8	1	4	1	2	4	8	319	464
410	-99.176	-50.842	18	24	1	4	1	2	4	8	207	359
411	-57.212	86.088	6	4	1	4	1	2	4	8	418	550
412	-2.321	53.219	2	6	1	4	1	2	4	8	145	253
413	-18.476	26.456	12	8	1	4	1	2	4	8	258	391
414	86.736	-91.984	19	8	1	4	1	2	4	8	446	625
415	-62.626	-85.132	10	16	1	4	1	2	4	8	162	297
416	-22.398	5.252	18	9	1	4	1	2	4	8	366	502
417	-98.833	-67.259	17	18	1	4	1	2	4	8	110	285
418	-4.144	-94.902	24	10	1	4	1	2	4	8	340	463
419	1.006	-44.857	2	8	1	4	1	2	4	8	342	479
420	71.322	-85.45	5	15	1	4	1	2	4	8	74	222
421	-26.819	56.631	22	6	1	4	1	2	4	8	91	253
422	80.4	-74.653	17	5	1	4	1	2	4	8	446	556
423	-53.784	-19.964	22	5	1	4	1	2	4	8	291	469
424	30.723	-62.044	19	19	1	4	1	2	4	8	174	331
425	-56.908	-51.124	21	25	1	4	1	2	4	8	304	430
426	64.213	-10.371	20	5	1	4	1	2	4	8	414	520
427	-0.891	-33.581	10	9	1	4	1	2	4	8	279	456
428	67.054	76.331	3	13	1	4	1	2	4	8	307	456
429	44.651	-94.292	16	3	1	4	1	2	4	8	308	407
430	-15.677	-12.886	19	5	1	4	1	2	4	8	255	353
431	85.256	45.798	24	2	1	4	1	2	4	8	476	638
432	16.507	-18.696	21	20	1	4	1	2	4	8	142	269
433	-91.634	-14.836	7	15	1	4	1	2	4	8	376	545
434	-67.361	-2.449	8	23	1	4	1	2	4	8	338	457
435	93.633	-90.12	14	18	1	4	1	2	4	8	122	263
436	69.659	-41.857	10	4	1	4	1	2	4	8	430	583
437	-19.218	75.851	13	10	1	4	1	2	4	8	98	218
438	-27.041	17.219	14	9	1	4	1	2	4	8	463	565
439	-35.358	45.51	13	22	1	4	1	2	4	8	286	428
440	-90.176	-14.341	10	11	1	4	1	2	4	8	127	289
441	-74.069	86.853	4	25	1	4	1	2	4	8	188	329
442	96.223	-15.119	17	21	1	4	1	2	4	8	358	537
443	-45.816	-55.769	1	22	1	4	1	2	4	8	375	543
444	-35.536	-29.582	19	1	1	4	1	2	4	8	223	315
445	-14.635	80.153	24	21	1	4	1	2	4	8	434	547
446	-77.263	78.472	7	17	1	4	1	2	4	8	424	587
447	-28.877	3.705	16	25	1	4	1	2	4	8	405	580
448	55.512	84.718	13	5	1	4	1	2	4	8	461	581
449	65.973	-36.891	5	20	1	4	1	2	4	8	464	581
450	52.071	-25.238	9	12	1	4	1	2	4	8	133	229
451	-85.187	-75.767	10	24	1	4	1	2	4	8	198	332
452	-90.918	-90.735	17	10	1	4	1	2	4	8	137	268
453	93.824	-16.043	24	25	1	4	1	2	4	8	379	500
454	33.038	61.774	23	21	1	4	1	2	4	8	261	351
455	-75.614	84.94	10	23	1	4	1	2	4	8	391	481
456	-45.421	-78.252	2	21	1	4	1	2	4	8	343	464
457	49.961	-38.581	22	10	1	4	1	2	4	8	381	543
458	57.311	-44.891	3	19	1	4	1	2	4	8	106	278
459	97.436	10.077	12	10	1	4	1	2	4	8	463	636
460	41.046	41.948	1	25	1	4	1	2	4	8	200	374
461	-77.767	-54.771	6	10	1	4	1	2	4	8	377	509
462	-2.462	58.478	12	18	1	4	1	2	4	8	476	653
463	26.917	-63.358	3	17	1	4	1	2	4	8	186	335
464	-83.593	-42.26	16	18	1	4	1	2	4	8	64	177
465	69.486	66.834	10	13	1	4	1	2	4	8	221	385
466	-57.189	-95.577	3	3	1	4	1	2	4	8	264	443
467	-88.043	48.024	17	22	1	4	1	2	4	8	357	472
468	-18.915	-81.715	13	20	1	4	1	2	4	8	300	472
469	45.583	-87.733	13	7	1	4	1	2	4	8	166	282
470	85.66	-27.88	4	1	1	4	1	2	4	8	377	544
471	-41.68	-79.082	21	5	1	4	1	2	4	8	89	185
472	21.198	-18.956	1	7	1	4	1	2	4	8	305	453
473	1.735	53.347	15	13	1	4	1	2	4	8	466	601
474	23.321	78.706	2	12	1	4	1	2	4	8	418	591
475	77.76	-93.858	8	14	1	4	1	2	4	8	205	295
476	21.941	-81.506	22	13	1	4	1	2	4	8	235	344
477	34.05	77.64	21	20	1	4	1	2	4	8	77	252
478	-93.241	73.426	14	3	1	4	1	2	4	8	155	325
479	-84.527	-85.113	3	21	1	4	1	2	4	8	264	370
480	-50.976	-81.99	12	20	1	4	1	2	4	8	243	365
481	88.528	6.919	14	9	1	4	1	2	4	8	366	541
482	-57.178	43.544	20	6	1	4	1	2	4	8	428	603
483	-74.923	58.584	8	3	1	4	1	2	4	8	332	490
484	-89.793	-92.593	19	19	1	4	1	2	4	8	337	513
485	-41.034	-36.772	11	10	1	4	1	2	4	8	77	217
486	-65.355	-11.517	9	4	1	4	1	2	4	8	319	465
487	82.661	46.228	4	13	1	4	1	2	4	8	81	215
488	23.438	-37.396	21	11	1	4	1	2	4	8	418	586
489	53.306	-64.271	4	11	1	4	1	2	4	8	309	474
490	89.277	22.37	1	25	1	4	1	2	4	8	288	424
491	15.57	96.585	1	4	1	4	1	2	4	8	154	259
492	1.772	48.199	15	1	1	4	1	2	4	8	225	369
493	71.348	98.848	7	8	1	4	1	2	4	8	315	487
494	13.373	22.73	6	13	1	4	1	2	4	8	319	469
495	-6.141	-51.58	12	6	1	4	1	2	4	8	308	426
496	-34.736	20.601	23	20	1	4	1	2	4	8	81	250
497	95.286	-56.926	18	15	1	4	1	2	4	8	339	495
498	-87.406	-38.125	24	20	1	4	1	2	4	8	164	305
499	-59.317	-85.907	24	19	1	4	1	2	4	8	430	586
500	-14.565	76.532	15	16	1	4	1	2	4	8	285	446
501	89.762	-27.029	8	2	1	4	1	2	4	8	245	382
502	-18.774	-22.189	22	4	1	4	1	2	4	8	346	512
503	-13.634	28.243	3	9	1	4	1	2	4	8	66	156
504	78.034	55.721	24	6	1	4	1	2	4	8	427	557
505	-36.83	-45.097	9	17	1	4	1	2	4	8	331	432
506	80.829	75.217	22	14	1	4	1	2	4	8	68	215
507	30.575	-55.624	21	21	1	4	1	2	4	8	150	312
508	-67.724	-83.497	18	25	1	4	1	2	4	8	119	261
509	75.639	-17.98	13	14	1	4	1	2	4	8	357	456
510	46.813	69.921	25	13	1	4	1	2	4	8	74	232
511	38.953	17.277	5	6	1	4	1	2	4	8	103	203
512	41.26	96.641	25	13	1	4	1	2	4	8	143	248
513	-66.746	-6.867	2	2	1	4	1	2	4	8	191	326
514	-20.3	95.695	1	3	1	4	1	2	4	8	183	349
515	-37.521	-37.852	14	18	1	4	1	2	4	8	347	463
516	94.501	5.934	16	19	1	4	1	2	4	8	340	438
517	50.498	83.401	18	12	1	4	1	2	4	8	328	433
518	-50.109	37.137	19	5	1	4	1	2	4	8	382	559
519	17.325	-58.111	23	1	1	4	1	2	4	8	351	507
520	52.618	65.765	10	4	1	4	1	2	4	8	478	629
521	-84.233	29.986	22	10	1	4	1	2	4	8	357	455
522	86.995	62.218	20	14	1	4	1	2	4	8	427	570
523	-62.845	27.576	25	12	1	4	1	2	4	8	233	326
524	14.001	-30.132	16	3	1	4	1	2	4	8	417	591
525	-88.668	26.272	20	4	1	4	1	2	4	8	148	247
526	-53.739	-82.768	9	13	1	4	1	2	4	8	317	429
527	37.068	-72.823	4	15	1	4	1	2	4	8	457	586
528	29.918	93.692	23	4	1	4	1	2	4	8	460	596
529	-38.49	-59.083	21	19	1	4	1	2	4	8	353	517
530	88.32	-28.194	25	2	1	4	1	2	4	8	209	313
531	92.611	-63.98	14	20	1	4	1	2	4	8	167	327
532	-93.98	76.63	23	14	1	4	1	2	4	8	135	249
533	-62.602	-13.492	11	18	1	4	1	2	4	8	430	543
534	14.681	56.532	3	25	1	4	1	2	4	8	159	331
535	-87.354	-96.753	14	4	1	4	1	2	4	8	265	409
536	61.723	81.262	5	25	1	4	1	2	4	8	108	275
537	61.604	-51.428	11	12	1	4	1	2	4	8	108	205
538	-27.371	67.85	16	22	1	4	1	2	4	8	249	348
539	97.491	-86.65	5	15	1	4	1	2	4	8	285	410
540	42.246	30.559	24	25	1	4	1	2	4	8	361	457
541	-23.877	8.191	25	1	1	4	1	2	4	8	459	639
542	8.956	-62.389	22	18	1	4	1	2	4	8	323	497
543	-57.036	-88.013	16	4	1	4	1	2	4	8	371	476
544	-79.894	49.307	8	9	1	4	1	2	4	8	408	536
545	-99.301	34.122	17	18	1	4	1	2	4	8	377	523
546	88.556	-38.902	11	7	1	4	1	2	4	8	474	593
547	-53.801	8.162	4	6	1	4	1	2	4	8	324	504
548	-87.782	17.79	17	22	1	4	1	2	4	8	376	540
549	-66.86	51.051	2	11	1	4	1	2	4	8	219	358
550	-4.987	-65.167	25	21	1	4	1	2	4	8	470	609
551	-26.83	57.736	23	1	1	4	1	2	4	8	235	327
552	66.033	70.991	12	12	1	4	1	2	4	8	106	218
553	42.065	59.082	25	15	1	4	1	2	4	8	355	511
554	24.04	-43.993	10	11	1	4	1	2	4	8	359	493
555	-3.189	-2.629	5	16	1	4	1	2	4	8	255	351
556	94.936	48.441	22	25	1	4	1	2	4	8	242	390
557	-70.829	48.767	18	17	1	4	1	2	4	8	366	456
558	-72.518	62.961	3	15	1	4	1	2	4	8	222	400
559	-79.644	-30.005	3	19	1	4	1	2	4	8	86	177
560	-31.383	-49.451	25	5	1	4	1	2	4	8	215	356
561	2.287	56.965	23	5	1	4	1	2	4	8	202	317
562	-10.244	97.08	13	21	1	4	1	2	4	8	206	352
563	-98.331	-73.901	19	1	1	4	1	2	4	8	124	228
564	93.529	-10.168	15	11	1	4	1	2	4	8	221	332
565	-90.344	-73.259	23	8	1	4	1	2	4	8	306	460
566	-71.978	29.908	13	24	1	4	1	2	4	8	479	607
567	-53.931	98.754	25	23	1	4	1	2	4	8	450	622
568	39.063	10.348	1	7	1	4	1	2	4	8	163	337
569	-62.518	-85.055	20	18	1	4	1	2	4	8	433	550
570	81.719	69.002	11	3	1	4	1	2	4	8	353	518
571	7.12	89.661	10	13	1	4	1	2	4	8	447	545
572	-3.421	46.259	10	20	1	4	1	2	4	8	191	342
573	-93.486	36.343	16	18	1	4	1	2	4	8	192	335
574	36.739	-61.649	2	21	1	4	1	2	4	8	383	556
575	-62.696	13.799	25	11	1	4	1	2	4	8	167	314
576	-34.196	-97.065	13	11	1	4	1	2	4	8	61	239
577	1.266	80.676	7	8	1	4	1	2	4	8	232	341
578	-11.88	-97.818	1	14	1	4	1	2	4	8	104	200
579	91.598	-95.487	22	13	1	4	1	2	4	8	208	359
580	60.045	72.278	5	1	1	4	1	2	4	8	164	286
581	97.106	-18.126	15	25	1	4	1	2	4	8	306	453
582	77.24	0.462	25	2	1	4	1	2	4	8	353	528
583	-14.104	60.393	3	23	1	4	1	2	4	8	312	432
584	49.839	-4.653	18	15	1	4	1	2	4	8	332	501
585	43.943	-52.289	16	6	1	4	1	2	4	8	320	410
586	-39.55	27.204	5	25	1	4	1	2	4	8	182	278
587	-82.302	-36.42	13	6	1	4	1	2	4	8	263	354
588	39.948	86.543	4	18	1	4	1	2	4	8	318	490
589	79.764	48.995	21	18	1	4	1	2	4	8	438	618
590	-1.636	48.366	8	3	1	4	1	2	4	8	130	252
591	68.35	61.481	7	9	1	4	1	2	4	8	345	446
592	94.645	-46.407	5	14	1	4	1	2	4	8	77	252
593	-71.423	59.998	15	11	1	4	1	2	4	8	149	245
594	43.444	2.69	22	6	1	4	1	2	4	8	252	410
595	-93.703	-8.622	3	18	1	4	1	2	4	8	146	294
596	-82.171	8.661	11	17	1	4	1	2	4	8	434	548
597	91.37	-74.881	12	13	1	4	1	2	4	8	356	525
598	39.925	77.309	6	24	1	4	1	2	4	8	106	209
599	-28.188	78.632	9	9	1	4	1	2	4	8	380	473
600	21.85	-82.818	1	12	1	4	1	2	4	8	283	459
601	-64.28	78.147	25	25	1	4	1	2	4	8	381	475
602	-23.185	10.224	22	23	1	4	1	2	4	8	476	572
603	77.027	63.671	1	9	1	4	1	2	4	8	283	454
604	-91.702	-70.145	2	7	1	4	1	2	4	8	453	545
605	-13.896	74.756	16	23	1	4	1	2	4	8	383	477
606	-90.327	-70.9	19	15	1	4	1	2	4	8	168	283
607	-78.138	54.197	23	7	1	4	1	2	4	8	299	459
608	96.311	-60.239	7	21	1	4	1	2	4	8	442	611
609	-79.35	44.176	23	24	1	4	1	2	4	8	378	545
610	76.7	-46.883	19	15	1	4	1	2	4	8	132	289
611	48.649	-47.658	22	11	1	4	1	2	4	8	336	444
612	-22.578	45.374	5	7	1	4	1	2	4	8	254	401
613	-42.283	-63.373	22	7	1	4	1	2	4	8	434	600
614	-9.863	-82.867	12	18	1	4	1	2	4	8	141	315
615	61.138	38.756	17	3	1	4	1	2	4	8	142	282
616	55.011	-68.075	17	20	1	4	1	2	4	8	293	390
617	7.204	-65.524	13	2	1	4	1	2	4	8	141	311
618	26.251	67.669	12	24	1	4	1	2	4	8	221	342
619	82.376	9.604	16	15	1	4	1	2	4	8	99	232
620	24.097	70.494	7	3	1	4	1	2	4	8	227	370
621	-84.662	38.698	24	13	1	4	1	2	4	8	150	311
622	69.828	-94.464	3	4	1	4	1	2	4	8	276	366
623	26.902	71.378	19	6	1	4	1	2	4	8	92	258
624	92.137	92.418	14	2	1	4	1	2	4	8	242	387
625	52.898	-56.02	15	2	1	4	1	2	4	8	219	331
626	70.811	45.345	24	19	1	4	1	2	4	8	202	351
627	-48.772	-73.319	3	6	1	4	1	2	4	8	216	310
628	49.712	-86.421	24	5	1	4	1	2	4	8	94	238
629	-40.758	17.025	5	17	1	4	1	2	4	8	428	577
630	-20.36	80.11	24	2	1	4	1	2	4	8	86	176
631	-19.43	-78.314	18	11	1	4	1	2	4	8	279	433
632	77.457	-5.572	14	2	1	4	1	2	4	8	117	234
633	50.663	-50.152	18	7	1	4	1	2	4	8	385	516
634	41.693	90.021	21	10	1	4	1	2	4	8	212	350
635	37.089	48.551	18	12	1	4	1	2	4	8	152	316
636	-26.572	-70.862	20	16	1	4	1	2	4	8	340	490
637	-42.298	-78.571	16	2	1	4	1	2	4	8	426	560
638	16.27	48.373	11	8	1	4	1	2	4	8	81	255
639	-89.639	4.546	3	25	1	4	1	2	4	8	78	188
640	-82.556	56.598	18	14	1	4	1	2	4	8	377	513
641	80.046	54.554	9	20	1	4	1	2	4	8	244	387
642	-20.044	-22.592	16	14	1	4	1	2	4	8	310	406
643	-40.026	-96.147	4	21	1	4	1	2	4	8	241	393
644	-69.779	-16.086	10	23	1	4	1	2	4	8	414	509
645	-49.63	-80.411	23	8	1	4	1	2	4	8	130	285
646	-29.008	36.073	18	25	1	4	1	2	4	8	336	510
647	-11.208	91.789	8	23	1	4	1	2	4	8	164	261
648	-75.514	54.001	5	6	1	4	1	2	4	8	350	521
649	-29.107	-79.827	5	24	1	4	1	2	4	8	369	476
650	-97.607	-28.78	20	12	1	4	1	2	4	8	158	311
651	-42.006	-35.312	15	4	1	4	1	2	4	8	129	281
652	51.9	57.757	25	5	1	4	1	2	4	8	424	598
653	5.185	48.656	12	11	1	4	1	2	4	8	339	518
654	45.895	51.01	19	9	1	4	1	2	4	8	401	514
655	33.191	-82.843	4	23	1	4	1	2	4	8	312	477
656	85.046	13.184	11	18	1	4	1	2	4	8	471	594
657	44.102	67.494	23	23	1	4	1	2	4	8	319	476
658	0.931	19.547	2	20	1	4	1	2	4	8	234	380
659	-26.083	24.157	15	15	1	4	1	2	4	8	179	317
660	73.602	84.618	7	13	1	4	1	2	4	8	133	273
661	-90.298	60.881	7	12	1	4	1	2	4	8	408	505
662	-70.263	96.525	18	13	1	4	1	2	4	8	455	568
663	-76.467	66.87	14	4	1	4	1	2	4	8	379	478
664	-23.659	78.402	8	2	1	4	1	2	4	8	219	397
665	-90.451	6.929	25	21	1	4	1	2	4	8	369	537
666	48.228	-15.129	14	20	1	4	1	2	4	8	448	605
667	34.438	-59.024	25	13	1	4	1	2	4	8	409	555
668	77.358	2.638	25	18	1	4	1	2	4	8	199	378
669	-74.477	86.767	11	23	1	4	1	2	4	8	147	322
670	44.852	-72.855	5	23	1	4	1	2	4	8	206	371
671	-20.254	-73.935	8	25	1	4	1	2	4	8	142	260
672	-62.292	-69.612	25	5	1	4	1	2	4	8	138	295
673	36.13	-26.434	4	24	1	4	1	2	4	8	476	648
674	-83.702	-19.421	13	5	1	4	1	2	4	8	414	506
675	-9.16	-98.196	17	17	1	4	1	2	4	8	161	282
676	-50.843	99.279	17	22	1	4	1	2	4	8	380	508
677	-83.812	84.11	17	14	1	4	1	2	4	8	369	461
678	-77.961	65.717	9	13	1	4	1	2	4	8	322	486
679	15.946	72.403	6	23	1	4	1	2	4	8	357	480
680	23.219	-49.943	14	24	1	4	1	2	4	8	472	607
681	4.438	-83.83	20	12	1	4	1	2	4	8	193	328
682	-24.615	29.512	16	1	1	4	1	2	4	8	72	217
683	40.386	-76.915	17	15	1	4	1	2	4	8	396	505
684	-54.999	8.693	2	3	1	4	1	2	4	8	280	454
685	44.16	-99.736	15	5	1	4	1	2	4	8	76	188
686	83.757	45.042	19	13	1	4	1	2	4	8	463	592
687	76.831	-20.331	7	5	1	4	1	2	4	8	152	243
688	-89.009	-10.482	3	12	1	4	1	2	4	8	366	495
689	15.583	82.767	4	8	1	4	1	2	4	8	155	250
690	-32.415	-22.36	9	10	1	4	1	2	4	8	325	437
691	-41.918	-71.355	2	22	1	4	1	2	4	8	392	502
692	88.359	-78.058	15	12	1	4	1	2	4	8	305	483
693	98.774	92.102	16	20	1	4	1	2	4	8	438	604
694	-81.652	85.006	12	11	1	4	1	2	4	8	311	442
695	66.749	-59.954	11	19	1	4	1	2	4	8	88	229
696	-57.677	-78.311	16	7	1	4	1	2	4	8	439	557
697	-37.224	-30.546	14	22	1	4	1	2	4	8	441	594
698	-69.712	7.82	22	15	1	4	1	2	4	8	271	408
699	-10.363	53.529	11	10	1	4	1	2	4	8	330	496
700	51.096	-68.997	22	24	1	4	1	2	4	8	275	412
701	-56.197	-62.837	3	7	1	4	1	2	4	8	176	311
702	99.62	-99.241	20	11	1	4	1	2	4	8	435	566
703	-25.95	-19.661	11	25	1	4	1	2	4	8	302	442
704	-73.947	98.708	12	22	1	4	1	2	4	8	280	380
705	40.231	-65.616	18	14	1	4	1	2	4	8	438	614
706	-44.954	29.996	13	9	1	4	1	2	4	8	362	507
707	31.193	-80.677	15	19	1	4	1	2	4	8	266	357
708	22.883	41.487	7	24	1	4	1	2	4	8	270	442
709	-56.321	13.35	16	5	1	4	1	2	4	8	328	460
710	-76.894	-77.758	17	21	1	4	1	2	4	8	303	476
711	-69.056	98.904	23	18	1	4	1	2	4	8	70	246
712	36.805	54.918	18	11	1	4	1	2	4	8	258	350
713	54.907	-51.606	9	17	1	4	1	2	4	8	321	469
714	41.129	-64.28	8	23	1	4	1	2	4	8	468	627
715	35.752	52.843	4	21	1	4	1	2	4	8	405	537
716	-34.888	-38.713	13	10	1	4	1	2	4	8	104	205
717	-34.067	11.619	7	16	1	4	1	2	4	8	280	398
718	64.34	80.416	15	11	1	4	1	2	4	8	230	347
719	70.035	11.868	21	10	1	4	1	2	4	8	192	333
720	-10.431	-88.857	22	14	1	4	1	2	4	8	226	342
721	-83.205	-95.658	3	17	1	4	1	2	4	8	376	506
722	1.419	-75.658	25	22	1	4	1	2	4	8	393	484
723	-72.908	95.289	6	13	1	4	1	2	4	8	470	648
724	-86.126	65.496	23	6	1	4	1	2	4	8	98	204
725	66.2	52.163	15	24	1	4	1	2	4	8	296	429
726	-67.521	48.681	6	15	1	4	1	2	4	8	275	423
727	18.367	90.489	18	13	1	4	1	2	4	8	141	292
728	96.055	-57.092	12	8	1	4	1	2	4	8	242	345
729	-36.053	28.343	25	9	1	4	1	2	4	8	116	240
730	-90.489	-86.633	15	18	1	4	1	2	4	8	315	451
731	-23.699	-59.98	11	18	1	4	1	2	4	8	144	290
732	92.058	-90.782	7	11	1	4	1	2	4	8	445	560
733	-91.551	20.966	10	22	1	4	1	2	4	8	141	299
734	60.909	-25.391	24	25	1	4	1	2	4	8	348	526
735	-70.388	-49.273	22	14	1	4	1	2	4	8	322	477
736	65.814	-98.127	1	12	1	4	1	2	4	8	350	481
737	33.392	-59.163	5	20	1	4	1	2	4	8	258	417
738	26.95	61.491	2	5	1	4	1	2	4	8	406	502
739	-24.952	80.974	11	10	1	4	1	2	4	8	291	416
740	10.379	-37.289	7	16	1	4	1	2	4	8	436	608
741	28.005	-7.266	25	17	1	4	1	2	4	8	304	452
742	-30.034	27.5	17	17	1	4	1	2	4	8	476	568
743	64.822	59.485	20	22	1	4	1	2	4	8	384	536
744	-76.621	69.541	4	12	1	4	1	2	4	8	475	623
745	-7.765	40.612	4	8	1	4	1	2	4	8	102	193
746	59.286	6.642	25	23	1	4	1	2	4	8	319	466
747	56.723	74.358	18	22	1	4	1	2	4	8	251	417
748	-69.295	44.589	6	8	1	4	1	2	4	8	312	458
749	90.355	71.354	23	10	1	4	1	2	4	8	309	425
750	58.722	-34.9	17	10	1	4	1	2	4	8	369	513
751	70.612	-13.928	11	21	1	4	1	2	4	8	428	563
752	77.417	-94.012	21	12	1	4	1	2	4	8	288	459
753	61.647	65.661	23	12	1	4	1	2	4	8	220	312
754	-31.672	93.293	2	12	1	4	1	2	4	8	433	540
755	-20.957	29.283	18	1	1	4	1	2	4	8	258	361
756	-96.717	-0.938	18	5	1	4	1	2	4	8	124	236
757	91.575	74.58	11	16	1	4	1	2	4	8	332	487
758	-40.746	12.092	24	19	1	4	1	2	4	8	293	449
759	-92.39	-39.84	2	21	1	4	1	2	4	8	171	270
760	94.695	94.699	2	14	1	4	1	2	4	8	124	273
761	-91.887	-38.387	12	16	1	4	1	2	4	8	148	310
762	62.971	-72.067	20	7	1	4	1	2	4	8	71	180
763	-10.031	-57.499	1	16	1	4	1	2	4	8	395	512
764	4.095	-81.218	6	21	1	4	1	2	4	8	361	532
765	72.863	71.278	5	12	1	4	1	2	4	8	274	385
766	-51.174	-86.96	9	6	1	4	1	2	4	8	384	532
767	-6.212	-99.502	18	24	1	4	1	2	4	8	218	323
768	44.804	88.327	9	19	1	4	1	2	4	8	430	524
769	8.485	-62.932	9	21	1	4	1	2	4	8	348	481
770	-96.971	-52.768	22	5	1	4	1	2	4	8	334	458
771	93.751	-11.266	13	16	1	4	1	2	4	8	388	478
772	85.659	46.607	9	1	1	4	1	2	4	8	73	192
773	24.974	-19.604	4	9	1	4	1	2	4	8	434	576
774	-31.853	-46.993	24	25	1	4	1	2	4	8	464	614
775	23.84	17.898	8	9	1	4	1	2	4	8	251	376
776	-88.24	-97.924	23	4	1	4	1	2	4	8	431	575
777	92.024	-81.998	24	10	1	4	1	2	4	8	469	620
778	-17.588	76.68	11	18	1	4	1	2	4	8	252	405
779	-9.572	82.312	9	13	1	4	1	2	4	8	195	294
780	-53.4	-56.061	13	19	1	4	1	2	4	8	124	297
781	-90.889	17.019	17	12	1	4	1	2	4	8	170	279
782	-3.697	74.402	1	6	1	4	1	2	4	8	323	498
783	43.616	3.287	20	17	1	4	1	2	4	8	475	618
784	-54.052	98.646	21	2	1	4	1	2	4	8	177	334
785	-40.232	39.61	20	18	1	4	1	2	4	8	340	439
786	-43.269	-82.579	7	22	1	4	1	2	4	8	409	561
787	-54.778	-23.53	14	1	1	4	1	2	4	8	423	603
788	95.605	-37.353	13	17	1	4	1	2	4	8	138	229
789	-50.182	17.361	22	23	1	4	1	2	4	8	287	398
790	-98.752	72.571	20	23	1	4	1	2	4	8	255	381
791	22.43	-68.184	21	2	1	4	1	2	4	8	364	494
792	-75.546	-39.052	13	14	1	4	1	2	4	8	477	594
793	-97.987	46.23	2	17	1	4	1	2	4	8	156	328
794	-1.764	-95.685	25	23	1	4	1	2	4	8	398	542
795	-89.552	-71.865	22	2	1	4	1	2	4	8	63	198
796	-93.212	-82.2	13	12	1	4	1	2	4	8	285	386
797	55.058	31.095	11	21	1	4	1	2	4	8	478	584
798	-17.933	-13.748	16	7	1	4	1	2	4	8	86	235
799	24.202	-46.213	12	20	1	4	1	2	4	8	176	351
800	-64.115	29.437	25	14	1	4	1	2	4	8	472	594
801	-9.649	-98.129	13	24	1	4	1	2	4	8	119	261
802	-50.79	33.48	9	4	1	4	1	2	4	8	119	262
803	90.544	57.589	11	25	1	4	1	2	4	8	327	439
804	39.046	-88.226	20	19	1	4	1	2	4	8	234	377
805	5.712	91.502	13	24	1	4	1	2	4	8	119	226
806	-49.503	42.806	24	23	1	4	1	2	4	8	263	398
807	56.14	-50.613	9	19	1	4	1	2	4	8	85	255
808	36.844	38.739	11	19	1	4	1	2	4	8	455	613
809	-70.449	-30.975	11	12	1	4	1	2	4	8	138	286
810	-46.779	-16.769	3	3	1	4	1	2	4	8	88	253
811	-12.939	-84.1	13	24	1	4	1	2	4	8	149	327
812	-12.838	-90.465	19	15	1	4	1	2	4	8	174	267
813	54.605	-52.579	20	11	1	4	1	2	4	8	474	568
814	49.515	-66.499	10	2	1	4	1	2	4	8	196	376
815	-6.805	35.834	1	17	1	4	1	2	4	8	65	238
816	45.008	88.392	1	1	1	4	1	2	4	8	377	555
817	92.256	0.059	24	5	1	4	1	2	4	8	460	612
818	33.49	-84.133	13	13	1	4	1	2	4	8	270	439
819	-0.001	-79.499	20	2	1	4	1	2	4	8	389	528
820	21.211	76.543	19	9	1	4	1	2	4	8	118	270
821	-25.403	10.35	21	17	1	4	1	2	4	8	411	524
822	-68.887	69.04	23	11	1	4	1	2	4	8	399	547
823	-71.004	40.295	19	18	1	4	1	2	4	8	296	452
824	-41.008	-9.17	21	14	1	4	1	2	4	8	342	438
825	74.079	73.543	18	5	1	4	1	2	4	8	422	578
826	-79.158	-75.061	14	1	1	4	1	2	4	8	207	333
827	-17.004	-57.012	20	22	1	4	1	2	4	8	478	650
828	75.924	6.625	9	11	1	4	1	2	4	8	445	550
829	14.185	-89.336	8	1	1	4	1	2	4	8	319	421
830	-37.494	-46.767	14	5	1	4	1	2	4	8	456	571
831	-84.735	-51.628	16	8	1	4	1	2	4	8	420	534
832	-44.461	85.491	8	23	1	4	1	2	4	8	474	654
833	24.902	-42.077	1	13	1	4	1	2	4	8	338	449
834	25.656	-81.676	1	10	1	4	1	2	4	8	328	489
835	-69.317	-61.091	6	24	1	4	1	2	4	8	452	602
836	-73.423	-93.29	8	13	1	4	1	2	4	8	193	360
837	25.411	53.694	1	24	1	4	1	2	4	8	417	569
838	-95.092	5.94	18	4	1	4	1	2	4	8	476	603
839	49.478	-84.685	23	1	1	4	1	2	4	8	433	608
840	-28.42	8.416	9	19	1	4	1	2	4	8	290	399
841	2.958	4.357	0	0	0	0	0	1000
842	21.494	-8.63	0	0	0	0	0	1000
843	-43.073	-18.094	0	0	0	0	0	1000
844	-10.406	-37.888	0	0	0	0	0	1000
