6 13 700 6
420 180
420 180
420 180
420 180
420 180
420 180
1	74.084	-92.707	14	19	1	6	1	2	4	8	16	32	64	196
2	-85.391	-41.099	7	3	1	6	1	2	4	8	16	32	341	481
3	-19.019	73.829	6	25	1	6	1	2	4	8	16	32	411	541
4	91.417	-78.613	15	15	1	6	1	2	4	8	16	32	434	607
5	-58.105	-99.094	4	16	1	6	1	2	4	8	16	32	62	241
6	-68.304	-99.5	18	14	1	6	1	2	4	8	16	32	80	250
7	1.319	-12.412	15	7	1	6	1	2	4	8	16	32	148	294
8	40.594	73.838	19	10	1	6	1	2	4	8	16	32	119	219
9	62.799	-97.408	21	5	1	6	1	2	4	8	16	32	440	587
10	-43.508	12.701	12	2	1	6	1	2	4	8	16	32	347	493
11	98.223	-28.432	14	5	1	6	1	2	4	8	16	32	354	448
12	14.699	-93.015	2	1	1	6	1	2	4	8	16	32	62	225
13	-7.204	58.457	16	22	1	6	1	2	4	8	16	32	190	316
14	86.188	-6.79	1	9	1	6	1	2	4	8	16	32	427	550
15	-21.896	-82.074	13	21	1	6	1	2	4	8	16	32	427	563
16	-50.762	-70.814	9	25	1	6	1	2	4	8	16	32	431	576
17	14.175	30.362	16	6	1	6	1	2	4	8	16	32	473	630
18	54.93	61.288	17	7	1	6	1	2	4	8	16	32	235	393
19	14.332	-96.502	7	5	1	6	1	2	4	8	16	32	455	580
20	66.721	77.701	21	8	1	6	1	2	4	8	16	32	94	263
21	67.205	-99.525	9	7	1	6	1	2	4	8	16	32	227	384
22	8.961	55.231	1	11	1	6	1	2	4	8	16	32	73	249
23	-64.678	-5.953	22	21	1	6	1	2	4	8	16	32	443	583
24	83.251	96.726	23	20	1	6	1	2	4	8	16	32	93	229
25	10.705	51.091	5	7	1	6	1	2	4	8	16	32	396	566
26	39.527	33.418	22	9	1	6	1	2	4	8	16	32	189	285
27	-90.927	34.188	25	17	1	6	1	2	4	8	16	32	297	463
28	68.209	47.883	2	16	1	6	1	2	4	8	16	32	334	475
29	-34.118	40.017	5	6	1	6	1	2	4	8	16	32	195	329
30	46.247	71.128	25	14	1	6	1	2	4	8	16	32	302	429
31	-1.038	86.615	19	10	1	6	1	2	4	8	16	32	387	559
32	74.803	87.639	1	15	1	6	1	2	4	8	16	32	368	517
33	-12.517	90.448	7	9	1	6	1	2	4	8	16	32	333	453
34	60.508	-67.424	16	22	1	6	1	2	4	8	16	32	353	483
35	-4.864	30.046	25	17	1	6	1	2	4	8	16	32	189	321
36	-28.949	-55.039	3	10	1	6	1	2	4	8	16	32	145	300
37	61.968	1.758	24	25	1	6	1	2	4	8	16	32	462	607
38	-98.943	24.046	23	20	1	6	1	2	4	8	16	32	292	471
39	-69.016	31.818	8	2	1	6	1	2	4	8	16	32	239	374
40	29.637	-79.41	1	2	1	6	1	2	4	8	16	32	435	579
41	-86.566	25.326	6	6	1	6	1	2	4	8	16	32	278	420
42	33.51	57.763	24	12	1	6	1	2	4	8	16	32	126	265
43	-79.948	25.016	17	3	1	6	1	2	4	8	16	32	399	505
44	80.163	-63.275	22	17	1	6	1	2	4	8	16	32	216	356
45	57.972	25.616	15	19	1	6	1	2	4	8	16	32	290	453
46	93.652	2.23	21	17	1	6	1	2	4	8	16	32	319	435
47	94.46	-60.208	9	6	1	6	1	2	4	8	16	32	121	222
48	47.884	24.603	23	21	1	6	1	2	4	8	16	32	174	296
49	-50.176	82.075	5	9	1	6	1	2	4	8	16	32	157	322
50	-89.608	95.015	22	23	1	6	1	2	4	8	16	32	315	409
51	92.423	-40.193	18	6	1	6	1	2	4	8	16	32	472	584
52	-0.501	-65.274	5	16	1	6	1	2	4	8	16	32	140	278
53	-95.448	22.658	10	3	1	6	1	2	4	8	16	32	470	615
54	52.683	-71.502	12	10	1	6	1	2	4	8	16	32	101	260
55	-94.324	95.423	19	22	1	6	1	2	4	8	16	32	98	203
56	-85.192	-70.444	17	20	1	6	1	2	4	8	16	32	346	473
57	-18.809	73.788	21	18	1	6	1	2	4	8	16	32	336	466
58	37.488	-26.737	11	4	1	6	1	2	4	8	16	32	62	214
59	-16.542	-9.378	9	17	1	6	1	2	4	8	16	32	295	472
60	73.01	79.06	11	12	1	6	1	2	4	8	16	32	442	583
61	57.599	-63.876	15	17	1	6	1	2	4	8	16	32	92	240
62	-82.957	69.635	14	20	1	6	1	2	4	8	16	32	129	298
63	47.029	81.865	13	3	1	6	1	2	4	8	16	32	299	416
64	-40.427	77.026	12	12	1	6	1	2	4	8	16	32	265	373
65	-84.828	12.622	5	5	1	6	1	2	4	8	16	32	144	289
66	-86.82	-0.579	16	11	1	6	1	2	4	8	16	32	150	308
67	-78.973	8.604	18	23	1	6	1	2	4	8	16	32	91	249
68	90.624	91.634	7	25	1	6	1	2	4	8	16	32	388	500
69	-41.893	35.336	6	20	1	6	1	2	4	8	16	32	245	341
70	93.578	-40.065	23	8	1	6	1	2	4	8	16	32	157	258
71	48.968	81.86	7	19	1	6	1	2	4	8	16	32	170	335
72	69.916	82.828	5	24	1	6	1	2	4	8	16	32	220	376
73	53.083	-73.968	15	5	1	6	1	2	4	8	16	32	362	479
74	-82.066	-47.093	17	19	1	6	1	2	4	8	16	32	295	442
75	-10.076	91.244	14	9	1	6	1	2	4	8	16	32	419	536
76	-85.392	53.845	7	11	1	6	1	2	4	8	16	32	421	579
77	40.007	-53.501	16	20	1	6	1	2	4	8	16	32	411	526
78	90.973	69.92	18	6	1	6	1	2	4	8	16	32	195	353
79	33.779	-2.021	15	16	1	6	1	2	4	8	16	32	240	364
80	-37.775	-94.489	21	18	1	6	1	2	4	8	16	32	422	555
81	-83.864	60.04	13	20	1	6	1	2	4	8	16	32	114	245
82	-36.933	-74.389	3	5	1	6	1	2	4	8	16	32	274	388
83	42.601	44.405	6	15	1	6	1	2	4	8	16	32	283	449
84	65.021	-61.702	22	21	1	6	1	2	4	8	16	32	451	628
85	80.272	7.945	14	15	1	6	1	2	4	8	16	32	340	465
86	24.168	56.346	13	25	1	6	1	2	4	8	16	32	126	295
87	25.619	-85.358	12	16	1	6	1	2	4	8	16	32	72	188
88	96.988	-23.376	11	2	1	6	1	2	4	8	16	32	344	520
89	15.308	-78.745	13	7	1	6	1	2	4	8	16	32	325	424
90	-5.725	98.029	12	3	1	6	1	2	4	8	16	32	337	435
91	8.942	47.79	12	10	1	6	1	2	4	8	16	32	142	234
92	93.229	-56.628	16	14	1	6	1	2	4	8	16	32	438	544
93	-67.492	67.397	19	7	1	6	1	2	4	8	16	32	169	295
94	14.55	17.927	8	20	1	6	1	2	4	8	16	32	407	530
95	65.696	-55.638	5	4	1	6	1	2	4	8	16	32	288	427
96	40.619	4.754	8	7	1	6	1	2	4	8	16	32	63	163
97	-71.289	78.803	14	2	1	6	1	2	4	8	16	32	186	313
98	10.761	98.509	7	22	1	6	1	2	4	8	16	32	314	492
99	55.675	79.829	21	13	1	6	1	2	4	8	16	32	428	543
100	-71.58	-25.113	3	17	1	6	1	2	4	8	16	32	252	342
101	-68.305	27.819	8	18	1	6	1	2	4	8	16	32	209	329
102	-33.383	-68.799	2	18	1	6	1	2	4	8	16	32	249	366
103	48.743	-88.385	22	14	1	6	1	2	4	8	16	32	250	384
104	85.241	36.525	1	7	1	6	1	2	4	8	16	32	122	246
105	20.633	-63.05	12	17	1	6	1	2	4	8	16	32	432	552
106	-70.084	-93.653	20	14	1	6	1	2	4	8	16	32	133	230
107	-19.112	18.589	23	17	1	6	1	2	4	8	16	32	454	558
108	69.617	-88.238	12	11	1	6	1	2	4	8	16	32	93	204
109	-59.575	56.148	18	23	1	6	1	2	4	8	16	32	83	255
110	-79.032	44.331	5	11	1	6	1	2	4	8	16	32	464	623
111	3.233	-85.855	6	24	1	6	1	2	4	8	16	32	231	360
112	-33.828	-54.756	12	21	1	6	1	2	4	8	16	32	86	230
113	-57.815	95.423	11	14	1	6	1	2	4	8	16	32	236	344
114	-80.983	8.608	2	16	1	6	1	2	4	8	16	32	266	374
115	-62.216	24.722	24	25	1	6	1	2	4	8	16	32	67	195
116	65.352	-42.195	21	8	1	6	1	2	4	8	16	32	466	592
117	-24.029	-86.522	19	18	1	6	1	2	4	8	16	32	94	255
118	43.724	35.137	20	24	1	6	1	2	4	8	16	32	94	247
119	-76.955	57.285	14	20	1	6	1	2	4	8	16	32	461	579
120	36.757	-91.708	3	10	1	6	1	2	4	8	16	32	154	317
121	74.254	46.745	19	4	1	6	1	2	4	8	16	32	227	350
122	-22.328	23.583	12	14	1	6	1	2	4	8	16	32	243	348
123	-68.704	-10.374	3	10	1	6	1	2	4	8	16	32	189	291
124	55.188	-6.377	25	23	1	6	1	2	4	8	16	32	265	363
125	29.352	26.456	21	14	1	6	1	2	4	8	16	32	203	320
126	34.232	-51.832	5	2	1	6	1	2	4	8	16	32	382	516
127	-15.721	-99.794	15	5	1	6	1	2	4	8	16	32	339	489
128	30.88	68.895	19	21	1	6	1	2	4	8	16	32	201	339
129	-67.398	-22.107	25	7	1	6	1	2	4	8	16	32	217	328
130	-74.02	66.123	25	21	1	6	1	2	4	8	16	32	323	421
131	35.631	56.065	11	12	1	6	1	2	4	8	16	32	134	281
132	20.082	-31.928	13	20	1	6	1	2	4	8	16	32	207	354
133	-91.145	-16.361	13	14	1	6	1	2	4	8	16	32	61	163
134	-46.35	-65.249	5	1	1	6	1	2	4	8	16	32	261	352
135	-35.894	83.238	1	7	1	6	1	2	4	8	16	32	149	240
136	60.148	-12.055	1	1	1	6	1	2	4	8	16	32	100	211
137	97.776	-55.695	14	21	1	6	1	2	4	8	16	32	470	648
138	81.851	-42.314	25	11	1	6	1	2	4	8	16	32	305	410
139	-60.161	-52.196	11	6	1	6	1	2	4	8	16	32	389	540
140	-53.23	82.653	10	6	1	6	1	2	4	8	16	32	270	378
141	-68.314	77.532	14	22	1	6	1	2	4	8	16	32	390	486
142	-23.869	63.341	22	12	1	6	1	2	4	8	16	32	184	323
143	44.528	-31.588	13	14	1	6	1	2	4	8	16	32	214	336
144	-41.317	-98.547	7	9	1	6	1	2	4	8	16	32	473	574
145	-95.385	-76.746	3	4	1	6	1	2	4	8	16	32	424	575
146	-65.33	-27.001	21	16	1	6	1	2	4	8	16	32	159	332
147	65.426	-46.647	5	4	1	6	1	2	4	8	16	32	403	502
148	89.084	90.582	10	7	1	6	1	2	4	8	16	32	87	267
149	95.279	-78.258	8	23	1	6	1	2	4	8	16	32	431	524
150	-22.748	56.886	19	5	1	6	1	2	4	8	16	32	310	456
151	95.652	79.957	20	7	1	6	1	2	4	8	16	32	170	311
152	-0.574	49.629	23	16	1	6	1	2	4	8	16	32	263	366
153	69.953	-43.937	3	21	1	6	1	2	4	8	16	32	424	571
154	81.351	-75.816	19	6	1	6	1	2	4	8	16	32	157	266
155	-33.98	-98.371	18	11	1	6	1	2	4	8	16	32	90	195
156	56.009	22.248	18	21	1	6	1	2	4	8	16	32	240	364
157	-41.659	70.92	7	8	1	6	1	2	4	8	16	32	408	542
158	9.104	46.132	25	19	1	6	1	2	4	8	16	32	131	310
159	85.991	-79.787	16	2	1	6	1	2	4	8	16	32	142	312
160	97.859	-29.878	13	10	1	6	1	2	4	8	16	32	128	268
161	40.441	72.236	17	25	1	6	1	2	4	8	16	32	113	278
162	99.84	91.509	4	9	1	6	1	2	4	8	16	32	270	446
163	21.294	30.79	15	15	1	6	1	2	4	8	16	32	359	532
164	-36.741	19.696	24	23	1	6	1	2	4	8	16	32	351	446
165	-61.825	36.798	1	3	1	6	1	2	4	8	16	32	280	386
166	-88.726	-29.777	1	5	1	6	1	2	4	8	16	32	133	237
167	38.068	5.766	14	4	1	6	1	2	4	8	16	32	233	404
168	46.04	0.256	17	16	1	6	1	2	4	8	16	32	340	462
169	92.206	40.249	6	24	1	6	1	2	4	8	16	32	350	460
170	-90.024	0.522	6	11	1	6	1	2	4	8	16	32	378	471
171	90.88	-20.403	24	24	1	6	1	2	4	8	16	32	369	483
172	43.504	-25.462	13	8	1	6	1	2	4	8	16	32	282	382
173	50.759	89.642	23	22	1	6	1	2	4	8	16	32	339	452
174	97.116	68.606	9	7	1	6	1	2	4	8	16	32	358	507
175	-21.122	-92.833	25	25	1	6	1	2	4	8	16	32	246	338
176	89.427	62.91	8	10	1	6	1	2	4	8	16	32	96	211
177	-86.07	-73.513	1	1	1	6	1	2	4	8	16	32	239	374
178	-99.842	42.574	5	16	1	6	1	2	4	8	16	32	346	511
179	-32.749	68.097	9	12	1	6	1	2	4	8	16	32	194	371
180	44.492	-58.551	12	11	1	6	1	2	4	8	16	32	260	413
181	52.476	-16.263	12	5	1	6	1	2	4	8	16	32	230	369
182	7.923	-79.931	7	13	1	6	1	2	4	8	16	32	103	251
183	-51.234	98.89	19	4	1	6	1	2	4	8	16	32	454	613
184	68.896	-24.555	17	14	1	6	1	2	4	8	16	32	75	225
185	-70.334	14.466	20	11	1	6	1	2	4	8	16	32	325	468
186	92.175	-32.504	1	18	1	6	1	2	4	8	16	32	231	358
187	-67.183	-85.464	14	5	1	6	1	2	4	8	16	32	212	326
188	-18.255	40.068	18	11	1	6	1	2	4	8	16	32	347	474
189	28.156	16.957	10	12	1	6	1	2	4	8	16	32	170	274
190	99.155	-40.36	21	19	1	6	1	2	4	8	16	32	333	484
191	31.742	-88.779	14	14	1	6	1	2	4	8	16	32	274	400
192	41.97	-48.127	8	12	1	6	1	2	4	8	16	32	225	323
193	-85.561	74.46	18	1	1	6	1	2	4	8	16	32	444	615
194	-50.378	-41.735	8	14	1	6	1	2	4	8	16	32	450	630
195	15.525	89.697	1	21	1	6	1	2	4	8	16	32	327	464
196	-20.325	-3.004	23	18	1	6	1	2	4	8	16	32	155	248
197	30.985	88.649	1	25	1	6	1	2	4	8	16	32	451	626
198	64.54	69.436	19	16	1	6	1	2	4	8	16	32	474	623
199	20.473	12.662	23	12	1	6	1	2	4	8	16	32	216	348
200	-58.783	-78.579	8	3	1	6	1	2	4	8	16	32	434	534
201	-0.156	-91.31	24	2	1	6	1	2	4	8	16	32	390	511
202	-23.11	-88.31	15	20	1	6	1	2	4	8	16	32	452	597
203	82.473	73.517	6	11	1	6	1	2	4	8	16	32	165	257
204	-74.69	-46.622	5	21	1	6	1	2	4	8	16	32	166	256
205	78.877	2.637	11	2	1	6	1	2	4	8	16	32	177	318
206	-84.13	-17.976	8	9	1	6	1	2	4	8	16	32	434	536
207	-26.288	-69.176	24	2	1	6	1	2	4	8	16	32	155	289
208	-52.882	74.039	6	11	1	6	1	2	4	8	16	32	457	616
209	88.046	-96.655	23	17	1	6	1	2	4	8	16	32	91	250
210	49.502	73.132	1	18	1	6	1	2	4	8	16	32	83	262
211	73.002	-90.161	7	15	1	6	1	2	4	8	16	32	173	328
212	-99.948	-35.172	5	16	1	6	1	2	4	8	16	32	394	547
213	-5.308	73.844	1	17	1	6	1	2	4	8	16	32	259	373
214	-27.018	29.836	9	11	1	6	1	2	4	8	16	32	378	468
215	-16.687	63.633	12	11	1	6	1	2	4	8	16	32	250	347
216	-74.851	22.2	15	24	1	6	1	2	4	8	16	32	330	504
217	37.726	-36.139	25	17	1	6	1	2	4	8	16	32	327	447
218	92.015	-88.751	10	10	1	6	1	2	4	8	16	32	308	448
219	-84.283	65.142	19	5	1	6	1	2	4	8	16	32	194	361
220	28.876	97.744	8	9	1	6	1	2	4	8	16	32	436	543
221	50.54	-50.782	9	23	1	6	1	2	4	8	16	32	153	263
222	92.612	-20.717	25	2	1	6	1	2	4	8	16	32	249	345
223	-69.211	61.949	19	10	1	6	1	2	4	8	16	32	90	195
224	-77.39	17.414	22	4	1	6	1	2	4	8	16	32	133	307
225	-72.777	-26.977	21	17	1	6	1	2	4	8	16	32	259	431
226	65.402	-71.541	23	6	1	6	1	2	4	8	16	32	477	596
227	80.937	17.967	16	15	1	6	1	2	4	8	16	32	169	317
228	65.063	-18.006	23	20	1	6	1	2	4	8	16	32	464	643
229	31.785	67.283	7	5	1	6	1	2	4	8	16	32	121	258
230	21.246	74.149	15	16	1	6	1	2	4	8	16	32	121	260
231	-27.866	90.879	5	22	1	6	1	2	4	8	16	32	467	637
232	-89.743	-64.36	19	15	1	6	1	2	4	8	16	32	142	261
233	37.016	11.084	3	9	1	6	1	2	4	8	16	32	125	239
234	-45.019	-65.001	21	8	1	6	1	2	4	8	16	32	416	516
235	-94.538	88.21	12	24	1	6	1	2	4	8	16	32	170	316
236	-60.03	-64.683	12	21	1	6	1	2	4	8	16	32	133	246
237	-77.116	-87.393	7	15	1	6	1	2	4	8	16	32	353	465
238	30.961	25.212	3	22	1	6	1	2	4	8	16	32	172	312
239	88.35	73.726	6	8	1	6	1	2	4	8	16	32	247	362
240	1.092	-66.161	24	25	1	6	1	2	4	8	16	32	317	476
241	98.151	-40.779	6	3	1	6	1	2	4	8	16	32	281	399
242	-65.864	97.466	3	25	1	6	1	2	4	8	16	32	402	566
243	-27.324	-71.071	15	12	1	6	1	2	4	8	16	32	431	562
244	-38.92	-0.325	7	12	1	6	1	2	4	8	16	32	410	583
245	79.962	71.346	9	19	1	6	1	2	4	8	16	32	219	340
246	68.653	51.982	18	21	1	6	1	2	4	8	16	32	162	332
247	-32.892	67.85	21	5	1	6	1	2	4	8	16	32	244	358
248	-77.002	23.265	20	5	1	6	1	2	4	8	16	32	153	285
249	64.795	34.396	24	17	1	6	1	2	4	8	16	32	176	269
250	-85.981	-83.378	7	7	1	6	1	2	4	8	16	32	255	409
251	-22.851	94.703	10	22	1	6	1	2	4	8	16	32	335	440
252	-98.845	-68.65	3	15	1	6	1	2	4	8	16	32	133	265
253	-3.15	-61.113	12	4	1	6	1	2	4	8	16	32	428	586
254	2.351	20.969	10	5	1	6	1	2	4	8	16	32	197	351
255	74.816	35.39	3	20	1	6	1	2	4	8	16	32	428	602
256	3.689	-45.783	18	14	1	6	1	2	4	8	16	32	155	284
257	74.515	-65.525	16	23	1	6	1	2	4	8	16	32	304	483
258	-38.551	3.414	25	17	1	6	1	2	4	8	16	32	343	516
259	89.536	-8.015	19	24	1	6	1	2	4	8	16	32	290	456
260	-45.516	-47.364	18	2	1	6	1	2	4	8	16	32	134	292
261	-92.327	-62.761	1	11	1	6	1	2	4	8	16	32	406	505
262	16.664	63.16	14	21	1	6	1	2	4	8	16	32	339	455
263	94.658	85.138	19	24	1	6	1	2	4	8	16	32	102	195
264	35.633	-94.707	18	1	1	6	1	2	4	8	16	32	304	406
265	27.3	-99.8	18	18	1	6	1	2	4	8	16	32	460	616
266	-21.608	-43.888	18	17	1	6	1	2	4	8	16	32	417	576
267	-7.08	36.36	11	11	1	6	1	2	4	8	16	32	220	384
268	-49.165	51.494	20	16	1	6	1	2	4	8	16	32	425	520
269	73.871	-3.865	19	13	1	6	1	2	4	8	16	32	151	245
270	-64.55	-37.346	18	23	1	6	1	2	4	8	16	32	175	316
271	28.653	-31.558	1	9	1	6	1	2	4	8	16	32	230	322
272	-95.378	-65.195	4	11	1	6	1	2	4	8	16	32	172	327
273	-64.505	-4.723	7	11	1	6	1	2	4	8	16	32	341	462
274	-2.126	-86.914	8	7	1	6	1	2	4	8	16	32	236	357
275	-72.12	-39.567	1	25	1	6	1	2	4	8	16	32	306	468
276	-61.826	17.196	15	8	1	6	1	2	4	8	16	32	250	355
277	54.19	92.606	6	2	1	6	1	2	4	8	16	32	389	516
278	-71.299	87.762	25	13	1	6	1	2	4	8	16	32	285	414
279	9.426	82.16	2	17	1	6	1	2	4	8	16	32	187	305
280	-61.942	40.794	6	21	1	6	1	2	4	8	16	32	306	400
281	-37.83	-4.877	4	11	1	6	1	2	4	8	16	32	326	443
282	29.664	74.723	2	3	1	6	1	2	4	8	16	32	208	354
283	95.311	8.941	22	20	1	6	1	2	4	8	16	32	73	190
284	13.562	55.902	13	12	1	6	1	2	4	8	16	32	103	283
285	-54.967	97.235	25	22	1	6	1	2	4	8	16	32	176	344
286	23.888	57.614	25	22	1	6	1	2	4	8	16	32	417	578
287	-92.166	-7.594	4	18	1	6	1	2	4	8	16	32	222	374
288	-3.36	22.781	13	17	1	6	1	2	4	8	16	32	355	449
289	47.966	-42.499	14	10	1	6	1	2	4	8	16	32	440	606
290	-58.114	-69.382	17	10	1	6	1	2	4	8	16	32	102	266
291	-43.371	-98.856	15	5	1	6	1	2	4	8	16	32	421	583
292	30.624	-90.159	8	22	1	6	1	2	4	8	16	32	174	344
293	-22.96	8.863	16	18	1	6	1	2	4	8	16	32	264	434
294	-75.528	38.83	25	20	1	6	1	2	4	8	16	32	67	195
295	68.606	-54.349	4	14	1	6	1	2	4	8	16	32	202	297
296	-7.186	-72.926	23	7	1	6	1	2	4	8	16	32	398	512
297	40.829	14.44	3	21	1	6	1	2	4	8	16	32	319	499
298	-11.067	98.63	11	7	1	6	1	2	4	8	16	32	385	508
299	-53.568	-0.194	13	4	1	6	1	2	4	8	16	32	446	620
300	-63.034	-61.32	8	1	1	6	1	2	4	8	16	32	428	572
301	22.981	-87.94	7	10	1	6	1	2	4	8	16	32	305	408
302	83.299	-94.737	5	24	1	6	1	2	4	8	16	32	326	473
303	-52.736	5.922	13	11	1	6	1	2	4	8	16	32	311	411
304	34.873	42.858	13	17	1	6	1	2	4	8	16	32	66	189
305	-93.817	-46.307	1	11	1	6	1	2	4	8	16	32	331	510
306	-19.172	66.231	1	8	1	6	1	2	4	8	16	32	356	528
307	-56.421	71.323	18	8	1	6	1	2	4	8	16	32	145	240
308	-91.908	-5.771	13	8	1	6	1	2	4	8	16	32	376	540
309	66.735	-1.172	25	7	1	6	1	2	4	8	16	32	75	183
310	70.21	34.699	14	16	1	6	1	2	4	8	16	32	318	495
311	86.436	81.823	20	3	1	6	1	2	4	8	16	32	464	638
312	58.852	67.729	10	3	1	6	1	2	4	8	16	32	294	411
313	-68.931	-4.17	24	19	1	6	1	2	4	8	16	32	320	472
314	87.312	-9.098	25	6	1	6	1	2	4	8	16	32	339	500
315	-23.398	-50.645	9	18	1	6	1	2	4	8	16	32	122	273
316	35.984	13.814	16	3	1	6	1	2	4	8	16	32	254	411
317	47.383	-84.943	19	7	1	6	1	2	4	8	16	32	354	498
318	35.815	-59.425	3	23	1	6	1	2	4	8	16	32	339	443
319	-71.534	-69.637	18	24	1	6	1	2	4	8	16	32	116	230
320	64.879	78.046	21	21	1	6	1	2	4	8	16	32	121	297
321	40.119	-48.851	6	6	1	6	1	2	4	8	16	32	366	515
322	-3.255	-65.375	10	12	1	6	1	2	4	8	16	32	112	233
323	-27.388	-98.386	22	8	1	6	1	2	4	8	16	32	291	431
324	-46.863	-78.123	14	10	1	6	1	2	4	8	16	32	404	541
325	53.996	78.309	5	9	1	6	1	2	4	8	16	32	172	298
326	73.958	68.388	25	1	1	6	1	2	4	8	16	32	339	505
327	-99.178	76.434	15	13	1	6	1	2	4	8	16	32	325	483
328	-35.969	98.475	11	13	1	6	1	2	4	8	16	32	411	505
329	-46.456	63.653	7	6	1	6	1	2	4	8	16	32	98	270
330	27.397	96.236	13	3	1	6	1	2	4	8	16	32	203	382
331	-31.492	-31.569	10	15	1	6	1	2	4	8	16	32	321	468
332	72.457	36.02	18	9	1	6	1	2	4	8	16	32	361	493
333	70.145	14.102	25	11	1	6	1	2	4	8	16	32	218	370
334	41.279	-31.478	24	20	1	6	1	2	4	8	16	32	241	400
335	-54.875	-93.984	21	7	1	6	1	2	4	8	16	32	247	394
336	31.852	56.907	2	5	1	6	1	2	4	8	16	32	323	465
337	27.776	-69.462	19	9	1	6	1	2	4	8	16	32	64	172
338	93.313	-58.826	23	1	1	6	1	2	4	8	16	32	421	519
339	-52.894	-9.224	9	21	1	6	1	2	4	8	16	32	224	381
340	16.913	-19.539	9	20	1	6	1	2	4	8	16	32	408	554
341	-23.339	-45.922	11	15	1	6	1	2	4	8	16	32	306	438
342	47.516	-2.595	20	3	1	6	1	2	4	8	16	32	288	449
343	-71.451	84.19	24	12	1	6	1	2	4	8	16	32	109	217
344	42.939	44.086	16	17	1	6	1	2	4	8	16	32	450	588
345	90.892	6.976	2	5	1	6	1	2	4	8	16	32	129	303
346	94.475	-14.032	19	2	1	6	1	2	4	8	16	32	108	275
347	96.118	-62.783	10	15	1	6	1	2	4	8	16	32	214	318
348	32.884	32.767	3	22	1	6	1	2	4	8	16	32	169	266
349	95.628	-74.185	7	12	1	6	1	2	4	8	16	32	324	439
350	73.149	15.133	7	3	1	6	1	2	4	8	16	32	274	421
351	17.437	29.068	22	15	1	6	1	2	4	8	16	32	303	417
352	-90.888	-23.329	4	3	1	6	1	2	4	8	16	32	286	390
353	-58.161	82.245	1	13	1	6	1	2	4	8	16	32	426	592
354	-94.372	-26.489	22	16	1	6	1	2	4	8	16	32	151	248
355	-87.738	0.754	3	2	1	6	1	2	4	8	16	32	194	352
356	-24.234	-99.803	2	1	1	6	1	2	4	8	16	32	303	428
357	1.565	57.538	16	5	1	6	1	2	4	8	16	32	428	573
358	81.892	-98.222	25	20	1	6	1	2	4	8	16	32	194	350
359	-30.597	-77.563	24	7	1	6	1	2	4	8	16	32	313	471
360	-28.128	-86.305	2	17	1	6	1	2	4	8	16	32	343	463
361	34.636	36.706	1	25	1	6	1	2	4	8	16	32	97	231
362	-9.123	-11.934	21	25	1	6	1	2	4	8	16	32	86	258
363	-74.312	-84.969	15	14	1	6	1	2	4	8	16	32	466	596
364	29.769	4.007	20	13	1	6	1	2	4	8	16	32	103	197
365	90.018	7.798	11	25	1	6	1	2	4	8	16	32	151	326
366	-35.369	-50.203	1	23	1	6	1	2	4	8	16	32	370	521
367	-83.133	-7.085	10	16	1	6	1	2	4	8	16	32	336	451
368	44.776	17.79	13	23	1	6	1	2	4	8	16	32	132	285
369	15.914	90.127	10	2	1	6	1	2	4	8	16	32	387	558
370	93.588	-24.56	10	12	1	6	1	2	4	8	16	32	210	384
371	-79.97	-27.419	7	3	1	6	1	2	4	8	16	32	201	315
372	61.308	-49.127	11	15	1	6	1	2	4	8	16	32	138	277
373	49.296	-32.369	18	5	1	6	1	2	4	8	16	32	81	197
374	-33.139	15.078	11	12	1	6	1	2	4	8	16	32	375	480
375	78.92	-75.925	18	4	1	6	1	2	4	8	16	32	420	555
376	91.597	-93.647	22	18	1	6	1	2	4	8	16	32	314	452
377	-20.081	36.414	15	16	1	6	1	2	4	8	16	32	364	503
378	-32.69	-71.275	9	9	1	6	1	2	4	8	16	32	73	246
379	-74.893	25.547	9	3	1	6	1	2	4	8	16	32	358	528
380	68.169	92.317	10	24	1	6	1	2	4	8	16	32	297	419
381	63.195	88.703	25	14	1	6	1	2	4	8	16	32	449	580
382	-31.082	-75.606	19	13	1	6	1	2	4	8	16	32	383	485
383	2.185	65.226	21	2	1	6	1	2	4	8	16	32	391	554
384	46.353	62.76	23	17	1	6	1	2	4	8	16	32	181	333
385	43.747	14.358	1	1	1	6	1	2	4	8	16	32	263	353
386	-30.091	58.529	4	18	1	6	1	2	4	8	16	32	166	289
387	-76.392	52.814	16	13	1	6	1	2	4	8	16	32	358	498
388	26.829	-79.069	1	25	1	6	1	2	4	8	16	32	376	527
389	-54.85	-94.611	5	19	1	6	1	2	4	8	16	32	230	394
390	-69.793	16.647	4	16	1	6	1	2	4	8	16	32	248	366
391	-95.128	15.204	7	16	1	6	1	2	4	8	16	32	98	228
392	-96.939	-59.88	8	11	1	6	1	2	4	8	16	32	362	505
393	10.24	60.202	2	24	1	6	1	2	4	8	16	32	330	508
394	86.488	52.396	5	9	1	6	1	2	4	8	16	32	393	497
395	46.705	40.467	4	14	1	6	1	2	4	8	16	32	147	322
396	42.187	35.175	23	6	1	6	1	2	4	8	16	32	197	337
397	-4.92	82.365	8	5	1	6	1	2	4	8	16	32	225	349
398	90.417	77.288	10	18	1	6	1	2	4	8	16	32	285	460
399	81.37	66.104	16	9	1	6	1	2	4	8	16	32	169	273
400	-95.856	84.917	9	17	1	6	1	2	4	8	16	32	350	526
401	-24.239	10.933	25	6	1	6	1	2	4	8	16	32	462	571
402	10.148	-69.375	23	1	1	6	1	2	4	8	16	32	440	593
403	69.268	-92.835	1	1	1	6	1	2	4	8	16	32	341	444
404	81.323	82.515	16	17	1	6	1	2	4	8	16	32	440	589
405	-91.124	57.055	4	14	1	6	1	2	4	8	16	32	251	406
406	-59.739	78.768	9	21	1	6	1	2	4	8	16	32	454	550
407	7.629	-93.704	16	24	1	6	1	2	4	8	16	32	151	249
408	-50.842	94.355	21	14	1	6	1	2	4	8	16	32	369	490
409	86.088	-93.24	14	15	1	6	1	2	4	8	16	32	358	502
410	53.219	80.468	4	25	1	6	1	2	4	8	16	32	100	229
411	26.456	90.065	7	7	1	6	1	2	4	8	16	32	118	234
412	-63.188	-89.787	10	5	1	6	1	2	4	8	16	32	466	574
413	-91.984	91.345	14	2	1	6	1	2	4	8	16	32	163	257
414	-85.132	-83.632	1	21	1	6	1	2	4	8	16	32	361	511
415	-67.259	70.021	19	21	1	6	1	2	4	8	16	32	459	608
416	-94.902	18.252	3	22	1	6	1	2	4	8	16	32	102	214
417	-44.857	72.118	18	11	1	6	1	2	4	8	16	32	315	446
418	-85.45	24.966	19	11	1	6	1	2	4	8	16	32	70	182
419	56.631	-19.971	20	3	1	6	1	2	4	8	16	32	307	445
420	-74.653	-61.841	19	23	1	6	1	2	4	8	16	32	111	246
421	-19.964	74.334	11	4	1	6	1	2	4	8	16	32	319	473
422	-8.628	-73.405	4	3	1	6	1	2	4	8	16	32	93	260
423	-62.044	91.616	15	20	1	6	1	2	4	8	16	32	281	414
424	-51.124	-9.936	17	9	1	6	1	2	4	8	16	32	290	435
425	-10.371	21.922	15	21	1	6	1	2	4	8	16	32	394	541
426	-33.581	22.033	9	7	1	6	1	2	4	8	16	32	147	262
427	76.331	66.081	24	21	1	6	1	2	4	8	16	32	408	566
428	-94.292	-59.31	14	24	1	6	1	2	4	8	16	32	301	470
429	-12.886	34.229	8	3	1	6	1	2	4	8	16	32	73	235
430	-38.653	-9.623	5	14	1	6	1	2	4	8	16	32	183	346
431	45.798	-46.814	6	14	1	6	1	2	4	8	16	32	402	520
432	-18.696	53.441	4	19	1	6	1	2	4	8	16	32	218	380
433	36.052	-84.453	2	15	1	6	1	2	4	8	16	32	141	253
434	-14.836	84.754	17	10	1	6	1	2	4	8	16	32	293	419
435	-48.891	-72.231	23	11	1	6	1	2	4	8	16	32	427	533
436	-2.449	-46.843	18	19	1	6	1	2	4	8	16	32	124	270
437	-90.12	-94.488	6	6	1	6	1	2	4	8	16	32	205	359
438	-41.857	10.597	4	18	1	6	1	2	4	8	16	32	222	364
439	75.851	-14.05	18	23	1	6	1	2	4	8	16	32	140	278
440	17.219	70.453	2	7	1	6	1	2	4	8	16	32	348	484
441	86.853	-22.834	23	9	1	6	1	2	4	8	16	32	95	207
442	-55.769	-62.537	6	15	1	6	1	2	4	8	16	32	94	190
443	-29.582	9.923	20	18	1	6	1	2	4	8	16	32	100	249
444	80.153	-94.008	22	18	1	6	1	2	4	8	16	32	350	510
445	78.472	24.374	17	8	1	6	1	2	4	8	16	32	68	191
446	84.718	-0.108	19	24	1	6	1	2	4	8	16	32	167	316
447	-36.891	-71.581	23	18	1	6	1	2	4	8	16	32	257	414
448	-30.426	-71.514	8	24	1	6	1	2	4	8	16	32	276	414
449	-75.767	17.125	5	3	1	6	1	2	4	8	16	32	445	564
450	-90.735	-89.994	6	9	1	6	1	2	4	8	16	32	95	195
451	-16.043	11.897	13	4	1	6	1	2	4	8	16	32	61	178
452	61.774	45.584	1	22	1	6	1	2	4	8	16	32	104	211
453	84.94	-44.101	5	24	1	6	1	2	4	8	16	32	71	177
454	-78.252	73.645	22	22	1	6	1	2	4	8	16	32	87	250
455	-38.581	-54.186	13	11	1	6	1	2	4	8	16	32	383	524
456	-44.891	55.778	13	11	1	6	1	2	4	8	16	32	62	164
457	10.077	59.703	17	20	1	6	1	2	4	8	16	32	332	454
458	-54.771	28.069	19	21	1	6	1	2	4	8	16	32	382	503
459	58.478	-65.822	10	6	1	6	1	2	4	8	16	32	139	278
460	-63.358	56.21	16	13	1	6	1	2	4	8	16	32	152	262
461	-42.26	81.895	22	19	1	6	1	2	4	8	16	32	375	518
462	66.834	16.169	4	2	1	6	1	2	4	8	16	32	99	189
463	-95.577	-48.61	14	9	1	6	1	2	4	8	16	32	227	352
464	-81.715	-59.618	6	10	1	6	1	2	4	8	16	32	143	278
465	-87.733	65.272	19	19	1	6	1	2	4	8	16	32	195	326
466	-27.88	88.512	11	23	1	6	1	2	4	8	16	32	239	380
467	-79.082	-35.717	4	17	1	6	1	2	4	8	16	32	204	302
468	-18.956	82.995	19	17	1	6	1	2	4	8	16	32	117	237
469	53.347	-80.886	17	4	1	6	1	2	4	8	16	32	251	373
470	78.706	62.899	10	15	1	6	1	2	4	8	16	32	85	202
471	-93.858	84.063	24	12	1	6	1	2	4	8	16	32	103	240
472	-81.506	48.279	8	25	1	6	1	2	4	8	16	32	222	386
473	73.426	67.258	8	6	1	6	1	2	4	8	16	32	398	499
474	-85.113	75.876	21	13	1	6	1	2	4	8	16	32	426	549
475	14.803	-93.723	5	18	1	6	1	2	4	8	16	32	266	440
476	-18.133	-75.826	12	21	1	6	1	2	4	8	16	32	279	435
477	-81.99	34.725	18	24	1	6	1	2	4	8	16	32	438	562
478	15.396	-94.275	12	15	1	6	1	2	4	8	16	32	191	284
479	6.919	49.401	5	23	1	6	1	2	4	8	16	32	227	334
480	43.544	54.085	12	21	1	6	1	2	4	8	16	32	249	402
481	58.584	41.057	20	20	1	6	1	2	4	8	16	32	390	481
482	-92.593	-88.035	22	18	1	6	1	2	4	8	16	32	467	565
483	-11.517	73.616	3	22	1	6	1	2	4	8	16	32	183	331
484	46.228	59.549	9	23	1	6	1	2	4	8	16	32	68	182
485	-64.271	25.363	8	8	1	6	1	2	4	8	16	32	292	406
486	96.585	99.876	11	14	1	6	1	2	4	8	16	32	97	266
487	48.199	-66.19	18	21	1	6	1	2	4	8	16	32	172	273
488	98.848	5.459	21	18	1	6	1	2	4	8	16	32	192	366
489	22.73	17.008	11	19	1	6	1	2	4	8	16	32	360	498
490	-51.58	72.48	9	15	1	6	1	2	4	8	16	32	98	189
491	20.601	5.568	23	12	1	6	1	2	4	8	16	32	131	256
492	-56.926	96.371	21	12	1	6	1	2	4	8	16	32	140	255
493	-38.125	54.065	2	17	1	6	1	2	4	8	16	32	364	528
494	-85.907	69.385	7	2	1	6	1	2	4	8	16	32	387	533
495	76.532	-14.023	6	19	1	6	1	2	4	8	16	32	63	184
496	-27.029	-64.359	7	20	1	6	1	2	4	8	16	32	150	293
497	-22.189	56.659	10	17	1	6	1	2	4	8	16	32	111	205
498	28.243	98.488	11	7	1	6	1	2	4	8	16	32	241	397
499	55.721	-80.846	20	18	1	6	1	2	4	8	16	32	247	358
500	-45.097	-5.825	10	15	1	6	1	2	4	8	16	32	452	595
501	75.217	-40.913	10	25	1	6	1	2	4	8	16	32	144	293
502	-83.497	60.894	19	1	1	6	1	2	4	8	16	32	319	453
503	11.502	22.501	13	25	1	6	1	2	4	8	16	32	60	223
504	-17.98	-53.465	22	20	1	6	1	2	4	8	16	32	108	253
505	69.921	-68.229	7	12	1	6	1	2	4	8	16	32	275	422
506	17.277	-26.725	8	20	1	6	1	2	4	8	16	32	268	426
507	96.641	-54.416	22	18	1	6	1	2	4	8	16	32	100	204
508	-6.867	60.353	22	16	1	6	1	2	4	8	16	32	117	209
509	95.695	20.835	1	10	1	6	1	2	4	8	16	32	275	421
510	-37.852	67.702	23	4	1	6	1	2	4	8	16	32	459	567
511	5.934	-43.529	3	13	1	6	1	2	4	8	16	32	239	357
512	83.401	-48.447	19	17	1	6	1	2	4	8	16	32	206	329
513	37.137	-67.634	8	20	1	6	1	2	4	8	16	32	165	295
514	-58.111	-52.906	9	15	1	6	1	2	4	8	16	32	442	538
515	65.765	35.182	25	14	1	6	1	2	4	8	16	32	453	608
516	-15.571	-97.576	10	16	1	6	1	2	4	8	16	32	477	654
517	29.986	29.419	15	19	1	6	1	2	4	8	16	32	154	302
518	62.218	40.494	8	17	1	6	1	2	4	8	16	32	442	595
519	27.576	56.377	24	19	1	6	1	2	4	8	16	32	472	572
520	26.272	64.509	4	20	1	6	1	2	4	8	16	32	277	404
521	-82.768	-82.24	6	19	1	6	1	2	4	8	16	32	373	483
522	-72.823	-42.271	8	6	1	6	1	2	4	8	16	32	428	519
523	-60.632	-61.929	8	3	1	6	1	2	4	8	16	32	155	316
524	93.692	36.541	16	8	1	6	1	2	4	8	16	32	88	268
525	-59.083	45.615	9	12	1	6	1	2	4	8	16	32	154	300
526	-28.194	94.305	18	5	1	6	1	2	4	8	16	32	247	339
527	-63.98	50.321	10	19	1	6	1	2	4	8	16	32	229	370
528	76.63	98.807	8	6	1	6	1	2	4	8	16	32	413	561
529	-13.492	-21.052	15	11	1	6	1	2	4	8	16	32	101	242
530	56.532	37.577	6	2	1	6	1	2	4	8	16	32	113	254
531	-96.753	39.927	5	25	1	6	1	2	4	8	16	32	211	315
532	81.262	92.941	5	20	1	6	1	2	4	8	16	32	104	282
533	67.85	-67.45	19	11	1	6	1	2	4	8	16	32	385	528
534	-86.65	-42.91	25	12	1	6	1	2	4	8	16	32	158	292
535	30.559	16.671	5	3	1	6	1	2	4	8	16	32	335	433
536	15.823	-63.85	9	10	1	6	1	2	4	8	16	32	457	608
537	8.191	-19.494	13	11	1	6	1	2	4	8	16	32	470	634
538	-88.013	-92.49	3	7	1	6	1	2	4	8	16	32	371	547
539	34.122	-0.198	5	3	1	6	1	2	4	8	16	32	167	283
540	-38.902	80.92	2	8	1	6	1	2	4	8	16	32	195	310
541	-9.06	-76.234	20	10	1	6	1	2	4	8	16	32	211	355
542	8.162	82.077	15	11	1	6	1	2	4	8	16	32	246	424
543	17.79	97.631	23	5	1	6	1	2	4	8	16	32	84	210
544	51.051	80.855	18	23	1	6	1	2	4	8	16	32	332	473
545	-65.167	3.351	4	14	1	6	1	2	4	8	16	32	340	441
546	57.736	49.495	10	19	1	6	1	2	4	8	16	32	467	560
547	70.991	82.325	9	24	1	6	1	2	4	8	16	32	316	439
548	59.082	61.456	22	13	1	6	1	2	4	8	16	32	315	432
549	-2.629	57.943	11	11	1	6	1	2	4	8	16	32	346	472
550	48.441	-96.47	25	3	1	6	1	2	4	8	16	32	229	373
551	48.767	-65.998	21	22	1	6	1	2	4	8	16	32	139	292
552	62.961	65.939	22	12	1	6	1	2	4	8	16	32	449	552
553	-30.005	-61.369	1	6	1	6	1	2	4	8	16	32	293	418
554	56.965	-12.403	21	4	1	6	1	2	4	8	16	32	404	495
555	55.189	-86.393	17	14	1	6	1	2	4	8	16	32	273	384
556	97.08	14.572	25	25	1	6	1	2	4	8	16	32	278	371
557	-73.901	66.714	5	1	1	6	1	2	4	8	16	32	80	180
558	-53.707	-89.069	20	2	1	6	1	2	4	8	16	32	103	201
559	-10.168	89.777	12	17	1	6	1	2	4	8	16	32	395	562
560	-73.259	-72.801	24	22	1	6	1	2	4	8	16	32	161	326
561	98.754	-78.94	10	2	1	6	1	2	4	8	16	32	266	430
562	10.348	98.016	25	10	1	6	1	2	4	8	16	32	73	217
563	-85.055	0.511	21	15	1	6	1	2	4	8	16	32	254	358
564	69.002	15.424	23	1	1	6	1	2	4	8	16	32	460	582
565	89.661	-95.858	21	7	1	6	1	2	4	8	16	32	283	452
566	46.259	-39.264	10	24	1	6	1	2	4	8	16	32	104	231
567	36.343	73.687	19	14	1	6	1	2	4	8	16	32	87	201
568	13.799	88.642	10	21	1	6	1	2	4	8	16	32	169	269
569	-9.948	-15.376	25	3	1	6	1	2	4	8	16	32	359	501
570	-97.065	77.297	10	25	1	6	1	2	4	8	16	32	373	488
571	80.676	-12.14	18	1	1	6	1	2	4	8	16	32	60	218
572	-97.818	-14.935	17	21	1	6	1	2	4	8	16	32	135	245
573	-95.487	41.255	18	6	1	6	1	2	4	8	16	32	132	229
574	-29.447	-76.833	13	11	1	6	1	2	4	8	16	32	353	518
575	72.278	-47.104	3	7	1	6	1	2	4	8	16	32	181	339
576	-31.698	-56.287	22	9	1	6	1	2	4	8	16	32	127	290
577	-18.126	12.849	20	4	1	6	1	2	4	8	16	32	204	312
578	0.462	24.254	7	2	1	6	1	2	4	8	16	32	192	322
579	60.393	-38.926	1	8	1	6	1	2	4	8	16	32	90	193
580	-26.058	-13.826	5	24	1	6	1	2	4	8	16	32	453	577
581	-4.653	33.155	7	8	1	6	1	2	4	8	16	32	364	507
582	-52.289	-71.567	13	6	1	6	1	2	4	8	16	32	321	474
583	-36.42	48.463	12	21	1	6	1	2	4	8	16	32	430	561
584	5.974	-98.244	14	23	1	6	1	2	4	8	16	32	454	597
585	86.543	30.098	13	1	1	6	1	2	4	8	16	32	429	522
586	48.995	-5.955	20	2	1	6	1	2	4	8	16	32	475	616
587	-58.864	-96.071	3	16	1	6	1	2	4	8	16	32	106	201
588	48.366	9.247	21	5	1	6	1	2	4	8	16	32	429	553
589	61.481	-37.442	20	17	1	6	1	2	4	8	16	32	293	429
590	-46.407	91.37	9	4	1	6	1	2	4	8	16	32	230	378
591	59.998	27.71	6	20	1	6	1	2	4	8	16	32	229	333
592	2.69	87.775	3	5	1	6	1	2	4	8	16	32	153	276
593	8.661	67.257	19	7	1	6	1	2	4	8	16	32	241	357
594	-74.881	43.004	10	20	1	6	1	2	4	8	16	32	118	223
595	77.309	-49.345	4	16	1	6	1	2	4	8	16	32	420	547
596	78.632	36.936	13	16	1	6	1	2	4	8	16	32	100	237
597	-82.818	45.084	11	15	1	6	1	2	4	8	16	32	116	247
598	78.147	32.712	11	23	1	6	1	2	4	8	16	32	254	353
599	10.224	2.264	25	13	1	6	1	2	4	8	16	32	399	557
600	-70.145	56.89	4	23	1	6	1	2	4	8	16	32	329	463
601	74.756	-88.984	1	10	1	6	1	2	4	8	16	32	257	391
602	54.197	-17.588	8	4	1	6	1	2	4	8	16	32	229	390
603	44.176	-61.706	13	12	1	6	1	2	4	8	16	32	342	514
604	-2.656	-26.939	6	3	1	6	1	2	4	8	16	32	406	525
605	-47.658	80.058	20	4	1	6	1	2	4	8	16	32	182	291
606	-16.733	-78.625	15	19	1	6	1	2	4	8	16	32	102	215
607	45.374	-43.374	20	7	1	6	1	2	4	8	16	32	273	365
608	-63.373	8.559	19	14	1	6	1	2	4	8	16	32	205	369
609	-82.867	24.738	16	22	1	6	1	2	4	8	16	32	128	241
610	-68.075	82.907	2	20	1	6	1	2	4	8	16	32	80	226
611	-65.524	-6.028	4	18	1	6	1	2	4	8	16	32	130	233
612	67.669	-10.604	9	6	1	6	1	2	4	8	16	32	197	292
613	9.604	-69.346	6	18	1	6	1	2	4	8	16	32	325	431
614	70.494	92.739	17	4	1	6	1	2	4	8	16	32	154	328
615	-41.939	-28.233	14	15	1	6	1	2	4	8	16	32	159	326
616	-94.464	55.188	21	5	1	6	1	2	4	8	16	32	270	447
617	71.378	-7.631	25	17	1	6	1	2	4	8	16	32	346	492
618	92.418	-2.559	14	18	1	6	1	2	4	8	16	32	214	329
619	-56.02	64.336	13	6	1	6	1	2	4	8	16	32	191	361
620	-73.319	89.427	6	3	1	6	1	2	4	8	16	32	464	581
621	-86.421	36.089	13	18	1	6	1	2	4	8	16	32	303	448
622	80.11	77.382	2	3	1	6	1	2	4	8	16	32	122	236
623	-78.314	-66.764	3	25	1	6	1	2	4	8	16	32	98	254
624	-50.152	92.324	18	6	1	6	1	2	4	8	16	32	208	337
625	90.021	20.137	19	1	1	6	1	2	4	8	16	32	132	263
626	48.551	2.072	12	19	1	6	1	2	4	8	16	32	368	500
627	-70.862	34.035	5	12	1	6	1	2	4	8	16	32	347	456
628	-78.571	97.012	1	4	1	6	1	2	4	8	16	32	152	331
629	4.546	74.387	4	1	1	6	1	2	4	8	16	32	304	448
630	56.598	-75.678	10	12	1	6	1	2	4	8	16	32	99	278
631	48.012	-96.903	14	25	1	6	1	2	4	8	16	32	416	582
632	54.554	91.175	12	1	1	6	1	2	4	8	16	32	257	351
633	-22.592	97.009	3	10	1	6	1	2	4	8	16	32	297	475
634	-40.425	-84.142	4	19	1	6	1	2	4	8	16	32	320	412
635	-96.147	85.117	13	19	1	6	1	2	4	8	16	32	174	331
636	-16.086	32.521	15	24	1	6	1	2	4	8	16	32	155	320
637	-53.334	-92.54	4	7	1	6	1	2	4	8	16	32	140	311
638	-80.411	79.923	19	12	1	6	1	2	4	8	16	32	301	462
639	36.073	23.057	2	8	1	6	1	2	4	8	16	32	74	226
640	91.789	-2.343	20	9	1	6	1	2	4	8	16	32	77	239
641	54.001	-26.791	14	14	1	6	1	2	4	8	16	32	305	471
642	-35.312	-8.209	18	17	1	6	1	2	4	8	16	32	443	579
643	57.757	49.143	25	12	1	6	1	2	4	8	16	32	168	294
644	48.656	-77.407	4	13	1	6	1	2	4	8	16	32	230	353
645	51.01	79.916	25	7	1	6	1	2	4	8	16	32	103	277
646	-82.843	46.23	12	13	1	6	1	2	4	8	16	32	404	560
647	13.184	-34.115	22	23	1	6	1	2	4	8	16	32	249	373
648	-14.461	-98.299	15	11	1	6	1	2	4	8	16	32	169	302
649	19.547	77.841	25	22	1	6	1	2	4	8	16	32	293	403
650	24.157	-56.183	1	15	1	6	1	2	4	8	16	32	461	638
651	60.881	-75.999	18	24	1	6	1	2	4	8	16	32	296	430
652	96.525	-16.1	4	2	1	6	1	2	4	8	16	32	135	253
653	66.87	98.694	9	10	1	6	1	2	4	8	16	32	151	268
654	78.402	33.744	18	5	1	6	1	2	4	8	16	32	398	548
655	6.929	27.372	7	24	1	6	1	2	4	8	16	32	302	440
656	-15.129	95.27	6	12	1	6	1	2	4	8	16	32	369	532
657	-59.024	18.995	22	16	1	6	1	2	4	8	16	32	406	548
658	86.767	99.739	11	2	1	6	1	2	4	8	16	32	149	255
659	-72.855	-5.349	21	19	1	6	1	2	4	8	16	32	324	421
660	9.28	-59.348	1	1	1	6	1	2	4	8	16	32	230	410
661	-69.612	-43.709	12	15	1	6	1	2	4	8	16	32	228	337
662	-19.421	60.067	15	20	1	6	1	2	4	8	16	32	339	497
663	-98.196	13.441	11	10	1	6	1	2	4	8	16	32	420	555
664	99.279	-46.969	16	17	1	6	1	2	4	8	16	32	122	214
665	84.11	15.628	25	6	1	6	1	2	4	8	16	32	134	291
666	65.717	-42.687	17	5	1	6	1	2	4	8	16	32	308	446
667	72.403	-51.869	15	11	1	6	1	2	4	8	16	32	152	323
668	-49.943	-59.169	19	25	1	6	1	2	4	8	16	32	324	417
669	-83.83	43.737	5	25	1	6	1	2	4	8	16	32	298	458
670	29.512	-32.588	5	23	1	6	1	2	4	8	16	32	375	535
671	-76.915	87.634	21	1	1	6	1	2	4	8	16	32	309	450
672	8.693	78.631	1	2	1	6	1	2	4	8	16	32	217	324
673	-99.736	-2.391	11	3	1	6	1	2	4	8	16	32	328	446
674	45.042	14.091	8	17	1	6	1	2	4	8	16	32	142	240
675	82.767	-70.732	24	2	1	6	1	2	4	8	16	32	398	505
676	-22.36	38.172	23	5	1	6	1	2	4	8	16	32	119	245
677	-71.355	33.756	7	16	1	6	1	2	4	8	16	32	163	307
678	-78.058	32.141	18	8	1	6	1	2	4	8	16	32	67	173
679	92.102	94.875	3	10	1	6	1	2	4	8	16	32	208	338
680	85.006	-1.915	13	14	1	6	1	2	4	8	16	32	214	325
681	-59.954	61.217	20	12	1	6	1	2	4	8	16	32	446	620
682	-78.311	39.102	18	16	1	6	1	2	4	8	16	32	268	421
683	-30.546	34.681	21	25	1	6	1	2	4	8	16	32	395	509
684	7.82	-53.023	11	11	1	6	1	2	4	8	16	32	379	497
685	53.529	52.079	11	13	1	6	1	2	4	8	16	32	187	326
686	-68.997	-35.598	8	13	1	6	1	2	4	8	16	32	101	216
687	-62.837	-23.844	14	19	1	6	1	2	4	8	16	32	96	273
688	-99.241	29.294	13	25	1	6	1	2	4	8	16	32	96	216
689	98.708	38.09	1	5	1	6	1	2	4	8	16	32	364	499
690	-65.616	38.17	25	20	1	6	1	2	4	8	16	32	449	588
691	29.996	-4.369	2	19	1	6	1	2	4	8	16	32	349	509
692	-80.677	5.367	23	19	1	6	1	2	4	8	16	32	149	284
693	41.487	97.302	15	10	1	6	1	2	4	8	16	32	82	193
694	13.35	91.958	6	25	1	6	1	2	4	8	16	32	241	365
695	25.821	-98.392	25	15	1	6	1	2	4	8	16	32	106	220
696	-77.758	44.747	6	14	1	6	1	2	4	8	16	32	150	261
697	98.904	22.657	18	8	1	6	1	2	4	8	16	32	235	398
698	54.918	-30.848	18	10	1	6	1	2	4	8	16	32	351	491
699	-51.606	-17.231	3	19	1	6	1	2	4	8	16	32	170	324
700	-64.28	-2.458	9	21	1	6	1	2	4	8	16	32	214	316
701	2.958	4.357	0	0	0	0	0	1000
702	21.494	-8.63	0	0	0	0	0	1000
703	-43.073	-18.094	0	0	0	0	0	1000
704	-10.406	-37.888	0	0	0	0	0	1000
705	35.384	-14.598	0	0	0	0	0	1000
706	-32.92	-39.615	0	0	0	0	0	1000
