6 7 780 12
425 180
425 180
425 180
425 180
425 180
425 180
425 180
425 180
425 180
425 180
425 180
425 180
1	61.698	-53.092	19	1	1	12	1	2	4	8	16	32	64	128	256	512	1024	2048	196	477
2	-63.955	-22.283	12	4	1	12	1	2	4	8	16	32	64	128	256	512	1024	2048	230	488
3	75.778	-69.433	1	14	1	12	1	2	4	8	16	32	64	128	256	512	1024	2048	274	634
4	22.586	-83.907	7	5	1	12	1	2	4	8	16	32	64	128	256	512	1024	2048	63	287
5	-86.788	-27.145	4	19	1	12	1	2	4	8	16	32	64	128	256	512	1024	2048	98	408
6	-81.831	-39.166	24	9	1	12	1	2	4	8	16	32	64	128	256	512	1024	2048	271	528
7	19.863	24.925	14	13	1	12	1	2	4	8	16	32	64	128	256	512	1024	2048	123	342
8	-63.5	16.599	9	23	1	12	1	2	4	8	16	32	64	128	256	512	1024	2048	69	303
9	96.287	-67.422	5	24	1	12	1	2	4	8	16	32	64	128	256	512	1024	2048	162	468
10	46.465	82.227	17	11	1	12	1	2	4	8	16	32	64	128	256	512	1024	2048	158	360
11	94.992	-93.873	11	6	1	12	1	2	4	8	16	32	64	128	256	512	1024	2048	300	647
12	70.484	83.028	11	16	1	12	1	2	4	8	16	32	64	128	256	512	1024	2048	110	432
13	8.301	-97.197	9	5	1	12	1	2	4	8	16	32	64	128	256	512	1024	2048	197	477
14	84.535	83.563	6	15	1	12	1	2	4	8	16	32	64	128	256	512	1024	2048	222	553
15	-31.382	-53.353	24	11	1	12	1	2	4	8	16	32	64	128	256	512	1024	2048	254	586
16	-76.44	-30.377	20	8	1	12	1	2	4	8	16	32	64	128	256	512	1024	2048	191	465
17	98.978	24.314	4	9	1	12	1	2	4	8	16	32	64	128	256	512	1024	2048	118	299
18	72.157	-61.097	5	22	1	12	1	2	4	8	16	32	64	128	256	512	1024	2048	113	463
19	-52.145	-54.455	3	18	1	12	1	2	4	8	16	32	64	128	256	512	1024	2048	273	489
20	-82.192	-24.92	12	1	1	12	1	2	4	8	16	32	64	128	256	512	1024	2048	93	292
21	-34.223	-7.639	13	9	1	12	1	2	4	8	16	32	64	128	256	512	1024	2048	99	434
22	12.413	49.052	3	8	1	12	1	2	4	8	16	32	64	128	256	512	1024	2048	65	386
23	65.409	32.804	13	24	1	12	1	2	4	8	16	32	64	128	256	512	1024	2048	134	365
24	-49.305	-60.586	1	15	1	12	1	2	4	8	16	32	64	128	256	512	1024	2048	291	603
25	-89.514	-7.337	3	1	1	12	1	2	4	8	16	32	64	128	256	512	1024	2048	284	514
26	79.734	34.981	5	24	1	12	1	2	4	8	16	32	64	128	256	512	1024	2048	142	325
27	-92.319	13.061	7	11	1	12	1	2	4	8	16	32	64	128	256	512	1024	2048	117	408
28	-22	55.634	21	23	1	12	1	2	4	8	16	32	64	128	256	512	1024	2048	282	576
29	57.728	78.306	17	6	1	12	1	2	4	8	16	32	64	128	256	512	1024	2048	261	521
30	-91.824	-57.099	21	17	1	12	1	2	4	8	16	32	64	128	256	512	1024	2048	267	607
31	-17.173	-57.77	7	13	1	12	1	2	4	8	16	32	64	128	256	512	1024	2048	111	352
32	98.536	74.341	24	24	1	12	1	2	4	8	16	32	64	128	256	512	1024	2048	98	288
33	80.134	-34.37	20	21	1	12	1	2	4	8	16	32	64	128	256	512	1024	2048	268	620
34	-81.105	63.758	17	23	1	12	1	2	4	8	16	32	64	128	256	512	1024	2048	189	423
35	72.739	-98.718	18	24	1	12	1	2	4	8	16	32	64	128	256	512	1024	2048	277	573
36	-96.412	72.897	3	3	1	12	1	2	4	8	16	32	64	128	256	512	1024	2048	81	437
37	19.351	83.622	9	1	1	12	1	2	4	8	16	32	64	128	256	512	1024	2048	128	392
38	-95.833	32.825	11	22	1	12	1	2	4	8	16	32	64	128	256	512	1024	2048	238	436
39	32.024	-65.238	22	23	1	12	1	2	4	8	16	32	64	128	256	512	1024	2048	141	478
40	-59.011	49.719	8	18	1	12	1	2	4	8	16	32	64	128	256	512	1024	2048	111	468
41	-21.061	-62.843	7	21	1	12	1	2	4	8	16	32	64	128	256	512	1024	2048	203	513
42	-51.674	-88.581	20	6	1	12	1	2	4	8	16	32	64	128	256	512	1024	2048	159	360
43	24.641	-77.076	8	2	1	12	1	2	4	8	16	32	64	128	256	512	1024	2048	195	420
44	-83.013	88.023	17	5	1	12	1	2	4	8	16	32	64	128	256	512	1024	2048	181	375
45	50.435	-81.865	6	18	1	12	1	2	4	8	16	32	64	128	256	512	1024	2048	283	636
46	-49.351	11.697	19	4	1	12	1	2	4	8	16	32	64	128	256	512	1024	2048	176	500
47	-64.821	-42.687	5	14	1	12	1	2	4	8	16	32	64	128	256	512	1024	2048	222	531
48	78.986	5.467	4	7	1	12	1	2	4	8	16	32	64	128	256	512	1024	2048	245	470
49	49.127	95.298	22	2	1	12	1	2	4	8	16	32	64	128	256	512	1024	2048	219	528
50	12.855	-5.226	2	17	1	12	1	2	4	8	16	32	64	128	256	512	1024	2048	87	324
51	-18.273	68.258	20	12	1	12	1	2	4	8	16	32	64	128	256	512	1024	2048	123	450
52	0.272	-24.782	4	22	1	12	1	2	4	8	16	32	64	128	256	512	1024	2048	150	362
53	92.088	-82.543	3	11	1	12	1	2	4	8	16	32	64	128	256	512	1024	2048	135	338
54	92.321	-12.63	23	9	1	12	1	2	4	8	16	32	64	128	256	512	1024	2048	180	373
55	87.652	-81.329	25	3	1	12	1	2	4	8	16	32	64	128	256	512	1024	2048	133	476
56	94.671	-55.65	19	3	1	12	1	2	4	8	16	32	64	128	256	512	1024	2048	248	561
57	-73.793	62.268	15	21	1	12	1	2	4	8	16	32	64	128	256	512	1024	2048	87	374
58	77.979	-47.487	23	17	1	12	1	2	4	8	16	32	64	128	256	512	1024	2048	118	450
59	-50.435	-72.255	2	24	1	12	1	2	4	8	16	32	64	128	256	512	1024	2048	118	368
60	-88.727	11.618	14	10	1	12	1	2	4	8	16	32	64	128	256	512	1024	2048	160	348
61	-98.309	-98.872	8	16	1	12	1	2	4	8	16	32	64	128	256	512	1024	2048	134	490
62	-80.669	14.506	25	18	1	12	1	2	4	8	16	32	64	128	256	512	1024	2048	125	472
63	-40.123	-34.209	2	2	1	12	1	2	4	8	16	32	64	128	256	512	1024	2048	239	501
64	18.178	45.924	23	15	1	12	1	2	4	8	16	32	64	128	256	512	1024	2048	135	326
65	-33.767	-26.121	12	11	1	12	1	2	4	8	16	32	64	128	256	512	1024	2048	88	387
66	-0.83	24.55	19	9	1	12	1	2	4	8	16	32	64	128	256	512	1024	2048	73	355
67	71.51	-76.041	4	17	1	12	1	2	4	8	16	32	64	128	256	512	1024	2048	228	485
68	-93.487	-8.037	20	21	1	12	1	2	4	8	16	32	64	128	256	512	1024	2048	291	518
69	-62.462	36.497	19	17	1	12	1	2	4	8	16	32	64	128	256	512	1024	2048	194	444
70	33.705	-24.84	10	8	1	12	1	2	4	8	16	32	64	128	256	512	1024	2048	278	464
71	-97.518	-51.281	11	25	1	12	1	2	4	8	16	32	64	128	256	512	1024	2048	283	585
72	-77.523	-69.189	8	22	1	12	1	2	4	8	16	32	64	128	256	512	1024	2048	197	407
73	-66.109	-92.951	19	2	1	12	1	2	4	8	16	32	64	128	256	512	1024	2048	154	415
74	29.145	75.018	6	23	1	12	1	2	4	8	16	32	64	128	256	512	1024	2048	188	447
75	-43.613	98.877	1	1	1	12	1	2	4	8	16	32	64	128	256	512	1024	2048	208	405
76	-13.693	-77.74	7	24	1	12	1	2	4	8	16	32	64	128	256	512	1024	2048	99	359
77	-29.092	-73.952	11	14	1	12	1	2	4	8	16	32	64	128	256	512	1024	2048	206	409
78	-59.931	79.215	12	23	1	12	1	2	4	8	16	32	64	128	256	512	1024	2048	258	592
79	63.509	81.027	7	6	1	12	1	2	4	8	16	32	64	128	256	512	1024	2048	259	531
80	89.689	-76.777	10	8	1	12	1	2	4	8	16	32	64	128	256	512	1024	2048	191	398
81	25.765	-63.018	3	19	1	12	1	2	4	8	16	32	64	128	256	512	1024	2048	251	491
82	87.684	72.051	3	8	1	12	1	2	4	8	16	32	64	128	256	512	1024	2048	293	644
83	60.187	-44.204	17	1	1	12	1	2	4	8	16	32	64	128	256	512	1024	2048	181	527
84	-23.442	91.116	12	4	1	12	1	2	4	8	16	32	64	128	256	512	1024	2048	246	453
85	40.372	89.616	7	13	1	12	1	2	4	8	16	32	64	128	256	512	1024	2048	84	356
86	-75.122	-17.393	18	13	1	12	1	2	4	8	16	32	64	128	256	512	1024	2048	95	305
87	73.83	75.837	17	20	1	12	1	2	4	8	16	32	64	128	256	512	1024	2048	99	375
88	-74.374	86.281	14	9	1	12	1	2	4	8	16	32	64	128	256	512	1024	2048	300	543
89	-37.843	-84.149	6	14	1	12	1	2	4	8	16	32	64	128	256	512	1024	2048	62	326
90	19.354	-7.134	23	7	1	12	1	2	4	8	16	32	64	128	256	512	1024	2048	196	423
91	50.717	81.312	2	11	1	12	1	2	4	8	16	32	64	128	256	512	1024	2048	250	483
92	-73.54	-59.72	15	15	1	12	1	2	4	8	16	32	64	128	256	512	1024	2048	132	364
93	-28.217	-93.019	23	16	1	12	1	2	4	8	16	32	64	128	256	512	1024	2048	207	508
94	-19.089	57.813	24	11	1	12	1	2	4	8	16	32	64	128	256	512	1024	2048	275	620
95	19.923	-91.844	4	14	1	12	1	2	4	8	16	32	64	128	256	512	1024	2048	142	433
96	47.511	-84.832	24	12	1	12	1	2	4	8	16	32	64	128	256	512	1024	2048	204	476
97	-16.981	69.551	18	4	1	12	1	2	4	8	16	32	64	128	256	512	1024	2048	294	625
98	-18.664	33.174	10	11	1	12	1	2	4	8	16	32	64	128	256	512	1024	2048	84	429
99	-67.235	91.064	7	19	1	12	1	2	4	8	16	32	64	128	256	512	1024	2048	237	558
100	28.908	73.689	11	8	1	12	1	2	4	8	16	32	64	128	256	512	1024	2048	157	412
101	44.676	-84.053	9	7	1	12	1	2	4	8	16	32	64	128	256	512	1024	2048	143	467
102	8.477	-9.628	22	19	1	12	1	2	4	8	16	32	64	128	256	512	1024	2048	118	470
103	-60.378	-13.467	23	9	1	12	1	2	4	8	16	32	64	128	256	512	1024	2048	109	394
104	-23.535	-46.021	3	24	1	12	1	2	4	8	16	32	64	128	256	512	1024	2048	164	404
105	16.938	-65.821	2	20	1	12	1	2	4	8	16	32	64	128	256	512	1024	2048	252	531
106	83.435	-63.765	1	6	1	12	1	2	4	8	16	32	64	128	256	512	1024	2048	294	624
107	-60.326	-81.289	2	1	1	12	1	2	4	8	16	32	64	128	256	512	1024	2048	226	424
108	-51.889	-69.908	10	10	1	12	1	2	4	8	16	32	64	128	256	512	1024	2048	145	485
109	-15.767	-87.689	23	15	1	12	1	2	4	8	16	32	64	128	256	512	1024	2048	80	428
110	97.014	54.023	21	2	1	12	1	2	4	8	16	32	64	128	256	512	1024	2048	131	481
111	65.406	-79.043	6	23	1	12	1	2	4	8	16	32	64	128	256	512	1024	2048	156	499
112	-43.499	74.997	9	2	1	12	1	2	4	8	16	32	64	128	256	512	1024	2048	110	443
113	60.211	86.287	12	9	1	12	1	2	4	8	16	32	64	128	256	512	1024	2048	150	422
114	-0.885	-96.702	17	6	1	12	1	2	4	8	16	32	64	128	256	512	1024	2048	158	423
115	37.168	75.667	6	3	1	12	1	2	4	8	16	32	64	128	256	512	1024	2048	90	433
116	-15.723	-86.624	24	17	1	12	1	2	4	8	16	32	64	128	256	512	1024	2048	267	623
117	-11.834	23.295	18	8	1	12	1	2	4	8	16	32	64	128	256	512	1024	2048	62	270
118	-55.227	-43.313	21	13	1	12	1	2	4	8	16	32	64	128	256	512	1024	2048	138	337
119	-47.345	32.97	18	22	1	12	1	2	4	8	16	32	64	128	256	512	1024	2048	134	383
120	-69.543	2.916	9	2	1	12	1	2	4	8	16	32	64	128	256	512	1024	2048	116	387
121	-29.019	40.365	2	9	1	12	1	2	4	8	16	32	64	128	256	512	1024	2048	267	530
122	-2.71	93.995	19	5	1	12	1	2	4	8	16	32	64	128	256	512	1024	2048	89	391
123	-43.454	90.189	17	20	1	12	1	2	4	8	16	32	64	128	256	512	1024	2048	81	339
124	88.091	11.886	8	18	1	12	1	2	4	8	16	32	64	128	256	512	1024	2048	101	350
125	7.563	-98.034	6	4	1	12	1	2	4	8	16	32	64	128	256	512	1024	2048	290	587
126	-54.865	-79.097	13	5	1	12	1	2	4	8	16	32	64	128	256	512	1024	2048	204	547
127	-77.274	-43.105	6	19	1	12	1	2	4	8	16	32	64	128	256	512	1024	2048	158	390
128	-84.757	81.79	18	2	1	12	1	2	4	8	16	32	64	128	256	512	1024	2048	281	486
129	-2.629	-67.495	8	18	1	12	1	2	4	8	16	32	64	128	256	512	1024	2048	273	601
130	50.528	78.183	8	21	1	12	1	2	4	8	16	32	64	128	256	512	1024	2048	101	353
131	37.707	98.965	12	18	1	12	1	2	4	8	16	32	64	128	256	512	1024	2048	254	532
132	-95.286	62.158	22	2	1	12	1	2	4	8	16	32	64	128	256	512	1024	2048	151	437
133	-59.416	-6.597	2	20	1	12	1	2	4	8	16	32	64	128	256	512	1024	2048	275	592
134	13.186	91.277	22	13	1	12	1	2	4	8	16	32	64	128	256	512	1024	2048	257	469
135	-18.092	-60.229	18	13	1	12	1	2	4	8	16	32	64	128	256	512	1024	2048	64	363
136	75.747	12.289	4	14	1	12	1	2	4	8	16	32	64	128	256	512	1024	2048	109	441
137	-84.96	-86.749	18	23	1	12	1	2	4	8	16	32	64	128	256	512	1024	2048	205	518
138	-40.311	-76.732	18	25	1	12	1	2	4	8	16	32	64	128	256	512	1024	2048	103	347
139	97.655	61.4	4	25	1	12	1	2	4	8	16	32	64	128	256	512	1024	2048	196	435
140	-58.494	-74.726	1	20	1	12	1	2	4	8	16	32	64	128	256	512	1024	2048	212	501
141	57.07	84.299	14	15	1	12	1	2	4	8	16	32	64	128	256	512	1024	2048	130	438
142	-76.258	-98.432	13	4	1	12	1	2	4	8	16	32	64	128	256	512	1024	2048	285	536
143	-19.787	-16.937	19	17	1	12	1	2	4	8	16	32	64	128	256	512	1024	2048	72	321
144	-56.943	-91.321	14	5	1	12	1	2	4	8	16	32	64	128	256	512	1024	2048	221	507
145	61.143	-50.147	21	4	1	12	1	2	4	8	16	32	64	128	256	512	1024	2048	76	329
146	41.27	-93.797	22	20	1	12	1	2	4	8	16	32	64	128	256	512	1024	2048	235	517
147	0.765	68.327	13	11	1	12	1	2	4	8	16	32	64	128	256	512	1024	2048	259	500
148	22.652	-12.459	5	5	1	12	1	2	4	8	16	32	64	128	256	512	1024	2048	63	334
149	-49.373	-11.169	5	2	1	12	1	2	4	8	16	32	64	128	256	512	1024	2048	220	483
150	82.417	-12.685	19	3	1	12	1	2	4	8	16	32	64	128	256	512	1024	2048	67	375
151	-44.852	-24.038	24	15	1	12	1	2	4	8	16	32	64	128	256	512	1024	2048	219	559
152	-23.094	-82.944	22	22	1	12	1	2	4	8	16	32	64	128	256	512	1024	2048	109	386
153	-96.489	-68.407	15	2	1	12	1	2	4	8	16	32	64	128	256	512	1024	2048	188	544
154	-0.725	-52.985	9	7	1	12	1	2	4	8	16	32	64	128	256	512	1024	2048	224	525
155	77.578	22.849	4	2	1	12	1	2	4	8	16	32	64	128	256	512	1024	2048	180	466
156	-65.714	0.841	17	22	1	12	1	2	4	8	16	32	64	128	256	512	1024	2048	202	506
157	-53.707	-43.512	10	15	1	12	1	2	4	8	16	32	64	128	256	512	1024	2048	210	551
158	-15.875	-57.184	4	22	1	12	1	2	4	8	16	32	64	128	256	512	1024	2048	104	367
159	-51.839	-70.497	8	14	1	12	1	2	4	8	16	32	64	128	256	512	1024	2048	140	360
160	-98.22	42.876	3	25	1	12	1	2	4	8	16	32	64	128	256	512	1024	2048	195	454
161	-89.776	-62.296	2	7	1	12	1	2	4	8	16	32	64	128	256	512	1024	2048	106	335
162	-81.043	-26.338	10	10	1	12	1	2	4	8	16	32	64	128	256	512	1024	2048	189	371
163	-49.509	-87.155	23	24	1	12	1	2	4	8	16	32	64	128	256	512	1024	2048	192	422
164	-12.5	42.259	23	20	1	12	1	2	4	8	16	32	64	128	256	512	1024	2048	120	412
165	85.553	10.064	13	2	1	12	1	2	4	8	16	32	64	128	256	512	1024	2048	152	478
166	-16.781	-37.596	18	21	1	12	1	2	4	8	16	32	64	128	256	512	1024	2048	295	484
167	-39.146	93.141	24	15	1	12	1	2	4	8	16	32	64	128	256	512	1024	2048	138	469
168	-67.551	-35.844	13	10	1	12	1	2	4	8	16	32	64	128	256	512	1024	2048	115	397
169	28.793	83.633	11	17	1	12	1	2	4	8	16	32	64	128	256	512	1024	2048	256	485
170	-51.802	43.962	21	6	1	12	1	2	4	8	16	32	64	128	256	512	1024	2048	230	523
171	19.754	63.128	17	18	1	12	1	2	4	8	16	32	64	128	256	512	1024	2048	284	622
172	5.154	32.394	1	14	1	12	1	2	4	8	16	32	64	128	256	512	1024	2048	121	423
173	-67.541	90.141	4	16	1	12	1	2	4	8	16	32	64	128	256	512	1024	2048	137	341
174	-76.329	-17.343	8	11	1	12	1	2	4	8	16	32	64	128	256	512	1024	2048	183	430
175	88.549	28.026	4	9	1	12	1	2	4	8	16	32	64	128	256	512	1024	2048	199	389
176	11.451	-67.094	5	6	1	12	1	2	4	8	16	32	64	128	256	512	1024	2048	113	458
177	67.156	-39.168	17	22	1	12	1	2	4	8	16	32	64	128	256	512	1024	2048	235	488
178	74.817	-17.028	20	24	1	12	1	2	4	8	16	32	64	128	256	512	1024	2048	238	577
179	-94.906	-31.706	11	19	1	12	1	2	4	8	16	32	64	128	256	512	1024	2048	259	481
180	69.783	45.476	25	17	1	12	1	2	4	8	16	32	64	128	256	512	1024	2048	109	418
181	-99.324	90.437	3	16	1	12	1	2	4	8	16	32	64	128	256	512	1024	2048	77	276
182	2.646	-18.594	16	7	1	12	1	2	4	8	16	32	64	128	256	512	1024	2048	154	465
183	-98.794	97.084	13	12	1	12	1	2	4	8	16	32	64	128	256	512	1024	2048	250	431
184	-8.744	35.989	16	7	1	12	1	2	4	8	16	32	64	128	256	512	1024	2048	65	356
185	-70.657	-56.623	22	9	1	12	1	2	4	8	16	32	64	128	256	512	1024	2048	180	437
186	-8.899	-70.758	1	16	1	12	1	2	4	8	16	32	64	128	256	512	1024	2048	198	424
187	90.593	91.792	19	1	1	12	1	2	4	8	16	32	64	128	256	512	1024	2048	258	494
188	-69.661	40.475	5	1	1	12	1	2	4	8	16	32	64	128	256	512	1024	2048	206	431
189	35.422	-75.577	20	20	1	12	1	2	4	8	16	32	64	128	256	512	1024	2048	160	462
190	-13.872	52.023	19	3	1	12	1	2	4	8	16	32	64	128	256	512	1024	2048	138	472
191	-80.864	-18.014	15	19	1	12	1	2	4	8	16	32	64	128	256	512	1024	2048	115	331
192	-49.906	62.928	13	8	1	12	1	2	4	8	16	32	64	128	256	512	1024	2048	102	302
193	44.92	-84.784	13	1	1	12	1	2	4	8	16	32	64	128	256	512	1024	2048	166	449
194	-79.066	-41.935	3	2	1	12	1	2	4	8	16	32	64	128	256	512	1024	2048	99	381
195	44.448	-72.234	14	3	1	12	1	2	4	8	16	32	64	128	256	512	1024	2048	250	582
196	-67.918	-43.582	19	6	1	12	1	2	4	8	16	32	64	128	256	512	1024	2048	283	517
197	87.472	70.413	25	7	1	12	1	2	4	8	16	32	64	128	256	512	1024	2048	134	442
198	35.435	-5.409	13	8	1	12	1	2	4	8	16	32	64	128	256	512	1024	2048	152	415
199	78.102	-87.657	6	17	1	12	1	2	4	8	16	32	64	128	256	512	1024	2048	67	250
200	-69.842	-91.787	5	5	1	12	1	2	4	8	16	32	64	128	256	512	1024	2048	146	485
201	86.062	-87.463	14	7	1	12	1	2	4	8	16	32	64	128	256	512	1024	2048	110	386
202	-12.736	-80.323	18	4	1	12	1	2	4	8	16	32	64	128	256	512	1024	2048	272	610
203	-49.366	10.733	1	5	1	12	1	2	4	8	16	32	64	128	256	512	1024	2048	225	530
204	4.337	97.717	1	5	1	12	1	2	4	8	16	32	64	128	256	512	1024	2048	187	456
205	62.209	74.82	8	11	1	12	1	2	4	8	16	32	64	128	256	512	1024	2048	243	458
206	-37.401	95.287	6	23	1	12	1	2	4	8	16	32	64	128	256	512	1024	2048	161	361
207	-31.234	84.347	1	1	1	12	1	2	4	8	16	32	64	128	256	512	1024	2048	176	493
208	75.098	56.919	21	23	1	12	1	2	4	8	16	32	64	128	256	512	1024	2048	182	542
209	-40.335	18.837	21	20	1	12	1	2	4	8	16	32	64	128	256	512	1024	2048	266	479
210	77.002	18.75	25	10	1	12	1	2	4	8	16	32	64	128	256	512	1024	2048	168	368
211	-10.169	59.236	10	3	1	12	1	2	4	8	16	32	64	128	256	512	1024	2048	266	503
212	98.485	-65.939	18	25	1	12	1	2	4	8	16	32	64	128	256	512	1024	2048	184	532
213	-52.459	-11.012	4	10	1	12	1	2	4	8	16	32	64	128	256	512	1024	2048	92	335
214	-21.474	-95.484	11	12	1	12	1	2	4	8	16	32	64	128	256	512	1024	2048	290	628
215	15.295	86.941	24	2	1	12	1	2	4	8	16	32	64	128	256	512	1024	2048	138	442
216	19.363	-72.907	9	5	1	12	1	2	4	8	16	32	64	128	256	512	1024	2048	278	618
217	-30.405	63.795	22	15	1	12	1	2	4	8	16	32	64	128	256	512	1024	2048	226	501
218	58.593	-82.985	23	1	1	12	1	2	4	8	16	32	64	128	256	512	1024	2048	132	458
219	-67.986	16.297	8	4	1	12	1	2	4	8	16	32	64	128	256	512	1024	2048	97	322
220	-31.951	-79.813	7	12	1	12	1	2	4	8	16	32	64	128	256	512	1024	2048	258	539
221	-86.817	97.642	13	9	1	12	1	2	4	8	16	32	64	128	256	512	1024	2048	259	574
222	16.247	-10.061	18	23	1	12	1	2	4	8	16	32	64	128	256	512	1024	2048	62	242
223	-57.99	81.81	6	6	1	12	1	2	4	8	16	32	64	128	256	512	1024	2048	91	451
224	-78.809	40.467	19	16	1	12	1	2	4	8	16	32	64	128	256	512	1024	2048	282	534
225	-86.391	-68.107	22	20	1	12	1	2	4	8	16	32	64	128	256	512	1024	2048	69	291
226	13.192	16.269	11	5	1	12	1	2	4	8	16	32	64	128	256	512	1024	2048	266	502
227	-91.165	48.88	19	24	1	12	1	2	4	8	16	32	64	128	256	512	1024	2048	96	279
228	-15.488	-64.646	1	1	1	12	1	2	4	8	16	32	64	128	256	512	1024	2048	216	403
229	-18.252	65.455	6	18	1	12	1	2	4	8	16	32	64	128	256	512	1024	2048	212	546
230	-67.752	1.392	23	16	1	12	1	2	4	8	16	32	64	128	256	512	1024	2048	168	411
231	-85.39	64.069	17	20	1	12	1	2	4	8	16	32	64	128	256	512	1024	2048	78	345
232	-68.14	79.243	16	4	1	12	1	2	4	8	16	32	64	128	256	512	1024	2048	149	497
233	43.244	75.441	1	3	1	12	1	2	4	8	16	32	64	128	256	512	1024	2048	286	466
234	-53.04	73.969	5	10	1	12	1	2	4	8	16	32	64	128	256	512	1024	2048	119	340
235	34.769	-35.124	4	9	1	12	1	2	4	8	16	32	64	128	256	512	1024	2048	201	437
236	80.289	59.159	23	24	1	12	1	2	4	8	16	32	64	128	256	512	1024	2048	280	576
237	-63.871	63.521	18	22	1	12	1	2	4	8	16	32	64	128	256	512	1024	2048	171	407
238	89.372	87.509	14	9	1	12	1	2	4	8	16	32	64	128	256	512	1024	2048	238	532
239	-0.248	96.123	11	19	1	12	1	2	4	8	16	32	64	128	256	512	1024	2048	129	408
240	55.39	-97.293	4	7	1	12	1	2	4	8	16	32	64	128	256	512	1024	2048	61	318
241	-44.258	-60.83	7	19	1	12	1	2	4	8	16	32	64	128	256	512	1024	2048	201	498
242	41.174	-80.199	6	21	1	12	1	2	4	8	16	32	64	128	256	512	1024	2048	300	656
243	-81.241	25.64	19	2	1	12	1	2	4	8	16	32	64	128	256	512	1024	2048	135	435
244	-89.674	7.85	16	13	1	12	1	2	4	8	16	32	64	128	256	512	1024	2048	159	508
245	-91.676	46.272	18	22	1	12	1	2	4	8	16	32	64	128	256	512	1024	2048	69	270
246	-73.38	-65.62	18	12	1	12	1	2	4	8	16	32	64	128	256	512	1024	2048	72	356
247	-25.887	-60.834	7	9	1	12	1	2	4	8	16	32	64	128	256	512	1024	2048	156	485
248	-76.044	-90.242	23	20	1	12	1	2	4	8	16	32	64	128	256	512	1024	2048	162	439
249	65.403	96.59	25	10	1	12	1	2	4	8	16	32	64	128	256	512	1024	2048	287	479
250	-14.491	79.658	20	1	1	12	1	2	4	8	16	32	64	128	256	512	1024	2048	280	490
251	30.821	-11.012	21	11	1	12	1	2	4	8	16	32	64	128	256	512	1024	2048	135	391
252	79.954	-65.261	16	20	1	12	1	2	4	8	16	32	64	128	256	512	1024	2048	218	493
253	-80.909	99.697	11	5	1	12	1	2	4	8	16	32	64	128	256	512	1024	2048	296	544
254	-61.495	56.748	19	9	1	12	1	2	4	8	16	32	64	128	256	512	1024	2048	72	349
255	91.835	32.607	1	19	1	12	1	2	4	8	16	32	64	128	256	512	1024	2048	137	345
256	-52.159	-46.33	4	4	1	12	1	2	4	8	16	32	64	128	256	512	1024	2048	299	567
257	13.637	-77.285	19	13	1	12	1	2	4	8	16	32	64	128	256	512	1024	2048	194	464
258	33.86	-56.973	22	15	1	12	1	2	4	8	16	32	64	128	256	512	1024	2048	124	343
259	-91.274	15.887	13	22	1	12	1	2	4	8	16	32	64	128	256	512	1024	2048	185	524
260	3.389	46.365	21	11	1	12	1	2	4	8	16	32	64	128	256	512	1024	2048	125	476
261	-56.96	87.374	19	11	1	12	1	2	4	8	16	32	64	128	256	512	1024	2048	282	607
262	69.748	5.51	10	2	1	12	1	2	4	8	16	32	64	128	256	512	1024	2048	239	521
263	80.282	-29.594	22	4	1	12	1	2	4	8	16	32	64	128	256	512	1024	2048	293	627
264	22.879	-8.667	19	16	1	12	1	2	4	8	16	32	64	128	256	512	1024	2048	291	535
265	-98.36	-5.213	3	3	1	12	1	2	4	8	16	32	64	128	256	512	1024	2048	136	339
266	-92.319	17.497	20	9	1	12	1	2	4	8	16	32	64	128	256	512	1024	2048	183	464
267	-64.001	-25.659	22	6	1	12	1	2	4	8	16	32	64	128	256	512	1024	2048	183	519
268	5.152	53.556	11	19	1	12	1	2	4	8	16	32	64	128	256	512	1024	2048	148	452
269	24.457	-81.058	16	7	1	12	1	2	4	8	16	32	64	128	256	512	1024	2048	297	514
270	87.985	35.007	9	20	1	12	1	2	4	8	16	32	64	128	256	512	1024	2048	198	378
271	75.092	-28.896	14	14	1	12	1	2	4	8	16	32	64	128	256	512	1024	2048	298	484
272	-49.666	-43.556	25	20	1	12	1	2	4	8	16	32	64	128	256	512	1024	2048	297	542
273	-31.422	84.764	6	2	1	12	1	2	4	8	16	32	64	128	256	512	1024	2048	75	356
274	20.193	-14.287	8	20	1	12	1	2	4	8	16	32	64	128	256	512	1024	2048	76	348
275	-89.661	85.251	22	8	1	12	1	2	4	8	16	32	64	128	256	512	1024	2048	176	463
276	93.359	17.904	16	10	1	12	1	2	4	8	16	32	64	128	256	512	1024	2048	208	394
277	57.392	39.208	12	6	1	12	1	2	4	8	16	32	64	128	256	512	1024	2048	261	535
278	-71.557	-36.715	4	7	1	12	1	2	4	8	16	32	64	128	256	512	1024	2048	108	333
279	-14.524	89.167	12	2	1	12	1	2	4	8	16	32	64	128	256	512	1024	2048	164	429
280	8.039	53.054	24	15	1	12	1	2	4	8	16	32	64	128	256	512	1024	2048	134	343
281	-98.054	-62.054	22	25	1	12	1	2	4	8	16	32	64	128	256	512	1024	2048	99	410
282	-18.945	-64.643	22	25	1	12	1	2	4	8	16	32	64	128	256	512	1024	2048	255	539
283	-54.479	-87.044	7	11	1	12	1	2	4	8	16	32	64	128	256	512	1024	2048	176	514
284	-26.151	-94.12	4	11	1	12	1	2	4	8	16	32	64	128	256	512	1024	2048	209	425
285	41.159	-70.376	11	8	1	12	1	2	4	8	16	32	64	128	256	512	1024	2048	293	649
286	-8.113	45.164	11	2	1	12	1	2	4	8	16	32	64	128	256	512	1024	2048	202	424
287	5.719	-69.297	2	19	1	12	1	2	4	8	16	32	64	128	256	512	1024	2048	130	401
288	16.737	13.999	14	12	1	12	1	2	4	8	16	32	64	128	256	512	1024	2048	68	265
289	-68.07	-37.383	17	20	1	12	1	2	4	8	16	32	64	128	256	512	1024	2048	148	490
290	90.854	-12.755	1	12	1	12	1	2	4	8	16	32	64	128	256	512	1024	2048	134	357
291	82.599	56.945	16	6	1	12	1	2	4	8	16	32	64	128	256	512	1024	2048	282	616
292	-73.608	53.311	3	18	1	12	1	2	4	8	16	32	64	128	256	512	1024	2048	178	404
293	86.904	51.033	2	25	1	12	1	2	4	8	16	32	64	128	256	512	1024	2048	260	469
294	-38.314	-2.919	18	14	1	12	1	2	4	8	16	32	64	128	256	512	1024	2048	286	585
295	-31.951	90.2	6	7	1	12	1	2	4	8	16	32	64	128	256	512	1024	2048	68	301
296	-66.08	92.757	5	6	1	12	1	2	4	8	16	32	64	128	256	512	1024	2048	61	268
297	-61	-76.207	19	13	1	12	1	2	4	8	16	32	64	128	256	512	1024	2048	274	459
298	-70.4	51.207	12	20	1	12	1	2	4	8	16	32	64	128	256	512	1024	2048	199	417
299	-45.384	-37.226	21	12	1	12	1	2	4	8	16	32	64	128	256	512	1024	2048	108	376
300	0.891	14.371	19	12	1	12	1	2	4	8	16	32	64	128	256	512	1024	2048	68	265
301	-50.982	-0.558	8	25	1	12	1	2	4	8	16	32	64	128	256	512	1024	2048	173	470
302	-86.846	-40.739	21	4	1	12	1	2	4	8	16	32	64	128	256	512	1024	2048	226	545
303	-56.905	-90.4	21	20	1	12	1	2	4	8	16	32	64	128	256	512	1024	2048	196	411
304	-98.436	60.291	25	3	1	12	1	2	4	8	16	32	64	128	256	512	1024	2048	184	477
305	16.876	-25.749	1	4	1	12	1	2	4	8	16	32	64	128	256	512	1024	2048	253	589
306	-76.032	-6.08	13	23	1	12	1	2	4	8	16	32	64	128	256	512	1024	2048	87	282
307	58.256	70.29	11	3	1	12	1	2	4	8	16	32	64	128	256	512	1024	2048	77	372
308	-43.192	94.758	20	21	1	12	1	2	4	8	16	32	64	128	256	512	1024	2048	267	453
309	-80.935	-67.892	13	15	1	12	1	2	4	8	16	32	64	128	256	512	1024	2048	105	408
310	48.066	-82.159	4	9	1	12	1	2	4	8	16	32	64	128	256	512	1024	2048	254	547
311	23.805	22.964	4	17	1	12	1	2	4	8	16	32	64	128	256	512	1024	2048	178	465
312	-25.54	84.101	10	13	1	12	1	2	4	8	16	32	64	128	256	512	1024	2048	263	588
313	90.076	23.883	13	9	1	12	1	2	4	8	16	32	64	128	256	512	1024	2048	288	611
314	-49.712	76.162	8	7	1	12	1	2	4	8	16	32	64	128	256	512	1024	2048	200	420
315	-74.976	16.511	11	4	1	12	1	2	4	8	16	32	64	128	256	512	1024	2048	213	519
316	9.806	-64.46	14	4	1	12	1	2	4	8	16	32	64	128	256	512	1024	2048	119	392
317	-39.537	17.082	12	17	1	12	1	2	4	8	16	32	64	128	256	512	1024	2048	213	407
318	-0.326	21.885	23	18	1	12	1	2	4	8	16	32	64	128	256	512	1024	2048	123	334
319	55.316	-50.975	9	19	1	12	1	2	4	8	16	32	64	128	256	512	1024	2048	91	342
320	54.429	-37.561	19	5	1	12	1	2	4	8	16	32	64	128	256	512	1024	2048	164	475
321	-73.911	29.639	1	16	1	12	1	2	4	8	16	32	64	128	256	512	1024	2048	61	272
322	35.748	-82.187	9	14	1	12	1	2	4	8	16	32	64	128	256	512	1024	2048	259	517
323	58.624	36.732	19	13	1	12	1	2	4	8	16	32	64	128	256	512	1024	2048	279	575
324	-97.904	-67.77	11	8	1	12	1	2	4	8	16	32	64	128	256	512	1024	2048	290	489
325	82.049	11.889	10	12	1	12	1	2	4	8	16	32	64	128	256	512	1024	2048	196	403
326	27.552	-71.304	6	7	1	12	1	2	4	8	16	32	64	128	256	512	1024	2048	119	349
327	-68.397	26.445	2	18	1	12	1	2	4	8	16	32	64	128	256	512	1024	2048	271	601
328	-1.506	26.509	3	8	1	12	1	2	4	8	16	32	64	128	256	512	1024	2048	73	395
329	18.466	-52.826	16	25	1	12	1	2	4	8	16	32	64	128	256	512	1024	2048	198	519
330	-17.836	83.8	4	7	1	12	1	2	4	8	16	32	64	128	256	512	1024	2048	275	551
331	78.547	30.537	2	6	1	12	1	2	4	8	16	32	64	128	256	512	1024	2048	140	357
332	-81.505	79.09	20	21	1	12	1	2	4	8	16	32	64	128	256	512	1024	2048	115	435
333	-81.554	74.666	12	3	1	12	1	2	4	8	16	32	64	128	256	512	1024	2048	83	352
334	-47.398	-83.47	4	20	1	12	1	2	4	8	16	32	64	128	256	512	1024	2048	251	587
335	-2.507	-72.084	15	14	1	12	1	2	4	8	16	32	64	128	256	512	1024	2048	120	392
336	-16.36	99.113	11	12	1	12	1	2	4	8	16	32	64	128	256	512	1024	2048	72	432
337	-49.633	-42.145	20	10	1	12	1	2	4	8	16	32	64	128	256	512	1024	2048	132	393
338	77.193	-90.581	4	17	1	12	1	2	4	8	16	32	64	128	256	512	1024	2048	79	369
339	-37.834	-84.422	12	23	1	12	1	2	4	8	16	32	64	128	256	512	1024	2048	208	388
340	74.247	-48.119	4	19	1	12	1	2	4	8	16	32	64	128	256	512	1024	2048	299	513
341	16.36	-18.325	14	3	1	12	1	2	4	8	16	32	64	128	256	512	1024	2048	126	371
342	73.656	-39.008	17	13	1	12	1	2	4	8	16	32	64	128	256	512	1024	2048	181	402
343	-21.892	84.581	9	7	1	12	1	2	4	8	16	32	64	128	256	512	1024	2048	228	574
344	-11.789	-18.976	10	7	1	12	1	2	4	8	16	32	64	128	256	512	1024	2048	230	490
345	-16.962	43.168	11	10	1	12	1	2	4	8	16	32	64	128	256	512	1024	2048	292	493
346	-83.289	-56.239	9	19	1	12	1	2	4	8	16	32	64	128	256	512	1024	2048	64	402
347	67.037	4.975	23	2	1	12	1	2	4	8	16	32	64	128	256	512	1024	2048	287	564
348	-29.358	-85.877	25	1	1	12	1	2	4	8	16	32	64	128	256	512	1024	2048	299	526
349	-57.893	-88.917	25	19	1	12	1	2	4	8	16	32	64	128	256	512	1024	2048	173	513
350	-88.691	4.523	16	19	1	12	1	2	4	8	16	32	64	128	256	512	1024	2048	116	338
351	49.394	1.532	23	13	1	12	1	2	4	8	16	32	64	128	256	512	1024	2048	294	644
352	1.442	-23.599	7	10	1	12	1	2	4	8	16	32	64	128	256	512	1024	2048	180	495
353	19.846	-31.792	5	17	1	12	1	2	4	8	16	32	64	128	256	512	1024	2048	271	576
354	-81.837	67.918	18	10	1	12	1	2	4	8	16	32	64	128	256	512	1024	2048	124	317
355	57.841	10.655	11	18	1	12	1	2	4	8	16	32	64	128	256	512	1024	2048	172	493
356	-61.91	6.282	10	3	1	12	1	2	4	8	16	32	64	128	256	512	1024	2048	264	484
357	0.556	-36.577	13	12	1	12	1	2	4	8	16	32	64	128	256	512	1024	2048	100	328
358	-61.624	38.528	6	7	1	12	1	2	4	8	16	32	64	128	256	512	1024	2048	145	367
359	-38.309	-90.507	7	9	1	12	1	2	4	8	16	32	64	128	256	512	1024	2048	119	435
360	-98.35	-91.793	18	20	1	12	1	2	4	8	16	32	64	128	256	512	1024	2048	129	457
361	17.601	-11.336	1	20	1	12	1	2	4	8	16	32	64	128	256	512	1024	2048	254	613
362	87.995	8.526	12	21	1	12	1	2	4	8	16	32	64	128	256	512	1024	2048	113	385
363	-82.823	-57.76	6	15	1	12	1	2	4	8	16	32	64	128	256	512	1024	2048	274	464
364	43.5	-44.233	4	7	1	12	1	2	4	8	16	32	64	128	256	512	1024	2048	266	575
365	-85.31	-22.107	23	22	1	12	1	2	4	8	16	32	64	128	256	512	1024	2048	209	530
366	-99.301	-33.313	7	19	1	12	1	2	4	8	16	32	64	128	256	512	1024	2048	158	439
367	-3.536	52.261	9	16	1	12	1	2	4	8	16	32	64	128	256	512	1024	2048	228	560
368	-31.742	61.593	22	21	1	12	1	2	4	8	16	32	64	128	256	512	1024	2048	71	277
369	-69.25	84.881	3	4	1	12	1	2	4	8	16	32	64	128	256	512	1024	2048	257	514
370	2.1	-20.161	3	20	1	12	1	2	4	8	16	32	64	128	256	512	1024	2048	181	460
371	97.266	14.248	15	3	1	12	1	2	4	8	16	32	64	128	256	512	1024	2048	295	620
372	-13.831	-90.172	16	24	1	12	1	2	4	8	16	32	64	128	256	512	1024	2048	248	509
373	60.366	-70.903	24	2	1	12	1	2	4	8	16	32	64	128	256	512	1024	2048	193	513
374	51.401	-9.408	25	13	1	12	1	2	4	8	16	32	64	128	256	512	1024	2048	128	472
375	83.059	63.785	16	25	1	12	1	2	4	8	16	32	64	128	256	512	1024	2048	246	540
376	50.318	-50.419	9	20	1	12	1	2	4	8	16	32	64	128	256	512	1024	2048	201	393
377	67.298	73.711	1	17	1	12	1	2	4	8	16	32	64	128	256	512	1024	2048	233	466
378	29.476	-18.334	4	23	1	12	1	2	4	8	16	32	64	128	256	512	1024	2048	192	385
379	-56.177	48.002	14	5	1	12	1	2	4	8	16	32	64	128	256	512	1024	2048	115	338
380	-73.613	-23.673	15	1	1	12	1	2	4	8	16	32	64	128	256	512	1024	2048	88	417
381	49.143	-59.275	5	4	1	12	1	2	4	8	16	32	64	128	256	512	1024	2048	175	396
382	37.508	99.189	7	9	1	12	1	2	4	8	16	32	64	128	256	512	1024	2048	266	594
383	55.565	89.13	1	7	1	12	1	2	4	8	16	32	64	128	256	512	1024	2048	281	569
384	-37.53	52.127	1	13	1	12	1	2	4	8	16	32	64	128	256	512	1024	2048	75	389
385	-41.782	80.566	4	2	1	12	1	2	4	8	16	32	64	128	256	512	1024	2048	256	611
386	-67.887	-47.081	25	9	1	12	1	2	4	8	16	32	64	128	256	512	1024	2048	98	439
387	-71.875	64.92	2	6	1	12	1	2	4	8	16	32	64	128	256	512	1024	2048	292	601
388	30.537	16.541	25	4	1	12	1	2	4	8	16	32	64	128	256	512	1024	2048	121	451
389	5.429	-36.924	20	4	1	12	1	2	4	8	16	32	64	128	256	512	1024	2048	234	594
390	-19.466	-94.773	5	23	1	12	1	2	4	8	16	32	64	128	256	512	1024	2048	257	558
391	94.995	37.283	15	25	1	12	1	2	4	8	16	32	64	128	256	512	1024	2048	179	381
392	-59.284	-51.669	3	24	1	12	1	2	4	8	16	32	64	128	256	512	1024	2048	285	499
393	83.677	-37.87	14	20	1	12	1	2	4	8	16	32	64	128	256	512	1024	2048	116	431
394	-31.282	76.958	6	18	1	12	1	2	4	8	16	32	64	128	256	512	1024	2048	297	624
395	-21.775	-62.707	20	24	1	12	1	2	4	8	16	32	64	128	256	512	1024	2048	109	386
396	-38.303	79.185	6	8	1	12	1	2	4	8	16	32	64	128	256	512	1024	2048	277	619
397	-65.405	-2.976	15	18	1	12	1	2	4	8	16	32	64	128	256	512	1024	2048	90	450
398	-42.148	-93.52	17	2	1	12	1	2	4	8	16	32	64	128	256	512	1024	2048	173	409
399	-45.922	64.594	15	24	1	12	1	2	4	8	16	32	64	128	256	512	1024	2048	162	346
400	39.221	-92.221	1	9	1	12	1	2	4	8	16	32	64	128	256	512	1024	2048	257	520
401	-16.407	-25.092	3	2	1	12	1	2	4	8	16	32	64	128	256	512	1024	2048	247	605
402	-88.039	99.59	2	8	1	12	1	2	4	8	16	32	64	128	256	512	1024	2048	76	319
403	44.941	-83.928	22	24	1	12	1	2	4	8	16	32	64	128	256	512	1024	2048	82	354
404	11.889	29.626	24	10	1	12	1	2	4	8	16	32	64	128	256	512	1024	2048	131	442
405	-87.778	-31.8	9	5	1	12	1	2	4	8	16	32	64	128	256	512	1024	2048	214	444
406	-23.326	-49.252	5	4	1	12	1	2	4	8	16	32	64	128	256	512	1024	2048	264	612
407	44.533	15.419	11	20	1	12	1	2	4	8	16	32	64	128	256	512	1024	2048	183	512
408	77.683	56.199	15	8	1	12	1	2	4	8	16	32	64	128	256	512	1024	2048	131	365
409	-99.186	69.319	6	24	1	12	1	2	4	8	16	32	64	128	256	512	1024	2048	285	495
410	70.024	-10.589	17	18	1	12	1	2	4	8	16	32	64	128	256	512	1024	2048	179	483
411	-10.537	-8.642	3	16	1	12	1	2	4	8	16	32	64	128	256	512	1024	2048	184	393
412	5.848	4.905	22	20	1	12	1	2	4	8	16	32	64	128	256	512	1024	2048	143	452
413	-82.654	41.072	19	15	1	12	1	2	4	8	16	32	64	128	256	512	1024	2048	270	617
414	-27.619	-79.653	6	16	1	12	1	2	4	8	16	32	64	128	256	512	1024	2048	91	450
415	70.688	27.688	25	13	1	12	1	2	4	8	16	32	64	128	256	512	1024	2048	120	399
416	-37.749	-28.9	7	2	1	12	1	2	4	8	16	32	64	128	256	512	1024	2048	248	573
417	68.157	66.833	18	4	1	12	1	2	4	8	16	32	64	128	256	512	1024	2048	225	497
418	-77.422	71.717	13	14	1	12	1	2	4	8	16	32	64	128	256	512	1024	2048	195	394
419	71.045	71.232	17	19	1	12	1	2	4	8	16	32	64	128	256	512	1024	2048	268	454
420	-19.769	39.49	19	7	1	12	1	2	4	8	16	32	64	128	256	512	1024	2048	234	417
421	-92.568	-64.347	22	12	1	12	1	2	4	8	16	32	64	128	256	512	1024	2048	226	487
422	22.94	-97.178	22	20	1	12	1	2	4	8	16	32	64	128	256	512	1024	2048	183	478
423	-96.173	8.074	2	7	1	12	1	2	4	8	16	32	64	128	256	512	1024	2048	68	347
424	17.682	-69.748	3	9	1	12	1	2	4	8	16	32	64	128	256	512	1024	2048	81	288
425	-57.768	39.715	5	11	1	12	1	2	4	8	16	32	64	128	256	512	1024	2048	289	500
426	-43.472	-70.011	20	25	1	12	1	2	4	8	16	32	64	128	256	512	1024	2048	228	489
427	76.019	-94.839	16	9	1	12	1	2	4	8	16	32	64	128	256	512	1024	2048	147	357
428	-63.408	-32.63	9	11	1	12	1	2	4	8	16	32	64	128	256	512	1024	2048	269	507
429	-27.557	30.459	20	7	1	12	1	2	4	8	16	32	64	128	256	512	1024	2048	264	490
430	-99.622	-10.417	2	9	1	12	1	2	4	8	16	32	64	128	256	512	1024	2048	232	414
431	-96.408	-90.976	9	8	1	12	1	2	4	8	16	32	64	128	256	512	1024	2048	111	422
432	75.591	33.895	6	4	1	12	1	2	4	8	16	32	64	128	256	512	1024	2048	125	349
433	-97.661	-68.98	21	18	1	12	1	2	4	8	16	32	64	128	256	512	1024	2048	110	429
434	78.338	95.216	7	23	1	12	1	2	4	8	16	32	64	128	256	512	1024	2048	67	396
435	64.916	75.631	25	1	1	12	1	2	4	8	16	32	64	128	256	512	1024	2048	171	468
436	-97.571	40.149	6	16	1	12	1	2	4	8	16	32	64	128	256	512	1024	2048	71	319
437	-41.943	75.364	14	2	1	12	1	2	4	8	16	32	64	128	256	512	1024	2048	227	502
438	-93.925	11.645	3	9	1	12	1	2	4	8	16	32	64	128	256	512	1024	2048	220	439
439	56.102	-95.681	13	22	1	12	1	2	4	8	16	32	64	128	256	512	1024	2048	253	466
440	16.477	-25.814	18	20	1	12	1	2	4	8	16	32	64	128	256	512	1024	2048	151	502
441	-42.382	76.447	23	9	1	12	1	2	4	8	16	32	64	128	256	512	1024	2048	115	393
442	-44.745	78.318	11	20	1	12	1	2	4	8	16	32	64	128	256	512	1024	2048	136	362
443	-70.17	-50.321	18	6	1	12	1	2	4	8	16	32	64	128	256	512	1024	2048	163	448
444	43.628	6.119	5	23	1	12	1	2	4	8	16	32	64	128	256	512	1024	2048	208	472
445	55.957	-58.153	11	6	1	12	1	2	4	8	16	32	64	128	256	512	1024	2048	122	344
446	20.394	34.159	24	8	1	12	1	2	4	8	16	32	64	128	256	512	1024	2048	176	450
447	-80.586	-94.243	14	13	1	12	1	2	4	8	16	32	64	128	256	512	1024	2048	274	537
448	-72.56	99.292	2	18	1	12	1	2	4	8	16	32	64	128	256	512	1024	2048	179	394
449	88.007	15.369	13	4	1	12	1	2	4	8	16	32	64	128	256	512	1024	2048	108	318
450	-48.437	-54.38	12	14	1	12	1	2	4	8	16	32	64	128	256	512	1024	2048	194	531
451	-99.368	18.267	17	16	1	12	1	2	4	8	16	32	64	128	256	512	1024	2048	188	420
452	28.532	-88.483	22	13	1	12	1	2	4	8	16	32	64	128	256	512	1024	2048	252	453
453	98.434	-83.286	12	15	1	12	1	2	4	8	16	32	64	128	256	512	1024	2048	270	540
454	-92.193	-55.04	20	2	1	12	1	2	4	8	16	32	64	128	256	512	1024	2048	116	423
455	-1.879	36.763	7	11	1	12	1	2	4	8	16	32	64	128	256	512	1024	2048	131	406
456	68.398	33.017	15	16	1	12	1	2	4	8	16	32	64	128	256	512	1024	2048	230	545
457	-59.529	76.935	2	20	1	12	1	2	4	8	16	32	64	128	256	512	1024	2048	259	609
458	-76.104	59.656	7	12	1	12	1	2	4	8	16	32	64	128	256	512	1024	2048	262	566
459	-80.412	18.087	13	2	1	12	1	2	4	8	16	32	64	128	256	512	1024	2048	155	418
460	30.871	-61.571	17	4	1	12	1	2	4	8	16	32	64	128	256	512	1024	2048	246	466
461	88.587	96.736	13	1	1	12	1	2	4	8	16	32	64	128	256	512	1024	2048	264	562
462	7.128	81.991	19	3	1	12	1	2	4	8	16	32	64	128	256	512	1024	2048	66	326
463	-90.995	-67.043	8	12	1	12	1	2	4	8	16	32	64	128	256	512	1024	2048	287	537
464	-4.581	57.715	21	22	1	12	1	2	4	8	16	32	64	128	256	512	1024	2048	72	390
465	-89.568	97.849	17	24	1	12	1	2	4	8	16	32	64	128	256	512	1024	2048	223	419
466	23.934	8.48	7	9	1	12	1	2	4	8	16	32	64	128	256	512	1024	2048	201	412
467	90.895	44.75	17	6	1	12	1	2	4	8	16	32	64	128	256	512	1024	2048	238	529
468	53.032	-15.794	20	7	1	12	1	2	4	8	16	32	64	128	256	512	1024	2048	160	424
469	-94.632	-37.316	22	11	1	12	1	2	4	8	16	32	64	128	256	512	1024	2048	81	388
470	83.173	0.908	14	21	1	12	1	2	4	8	16	32	64	128	256	512	1024	2048	244	441
471	-69.111	28.013	15	7	1	12	1	2	4	8	16	32	64	128	256	512	1024	2048	245	491
472	-25.602	-82.965	6	16	1	12	1	2	4	8	16	32	64	128	256	512	1024	2048	271	627
473	81.065	92.421	14	23	1	12	1	2	4	8	16	32	64	128	256	512	1024	2048	265	606
474	-60.961	57.279	14	15	1	12	1	2	4	8	16	32	64	128	256	512	1024	2048	155	372
475	-7.482	97.751	16	18	1	12	1	2	4	8	16	32	64	128	256	512	1024	2048	201	491
476	-13.912	-57.282	23	6	1	12	1	2	4	8	16	32	64	128	256	512	1024	2048	244	591
477	-34.426	-48.883	19	17	1	12	1	2	4	8	16	32	64	128	256	512	1024	2048	272	473
478	52.381	47.645	24	19	1	12	1	2	4	8	16	32	64	128	256	512	1024	2048	206	388
479	-38.001	3.211	12	16	1	12	1	2	4	8	16	32	64	128	256	512	1024	2048	124	472
480	-83.29	-97.839	19	19	1	12	1	2	4	8	16	32	64	128	256	512	1024	2048	112	304
481	76.956	-87.147	25	8	1	12	1	2	4	8	16	32	64	128	256	512	1024	2048	111	450
482	71.79	-23.471	13	5	1	12	1	2	4	8	16	32	64	128	256	512	1024	2048	64	375
483	-18.26	67.64	12	13	1	12	1	2	4	8	16	32	64	128	256	512	1024	2048	173	449
484	-45.884	82.377	25	1	1	12	1	2	4	8	16	32	64	128	256	512	1024	2048	169	413
485	45.182	-13.815	7	15	1	12	1	2	4	8	16	32	64	128	256	512	1024	2048	196	381
486	-16.579	-91.529	25	10	1	12	1	2	4	8	16	32	64	128	256	512	1024	2048	91	294
487	79.309	-48.181	5	21	1	12	1	2	4	8	16	32	64	128	256	512	1024	2048	114	424
488	-22.648	-80.734	8	3	1	12	1	2	4	8	16	32	64	128	256	512	1024	2048	297	551
489	48.55	-77.742	9	15	1	12	1	2	4	8	16	32	64	128	256	512	1024	2048	166	408
490	66.838	44.888	8	21	1	12	1	2	4	8	16	32	64	128	256	512	1024	2048	69	255
491	-84.768	-79.497	2	7	1	12	1	2	4	8	16	32	64	128	256	512	1024	2048	226	479
492	-52.882	42.124	1	5	1	12	1	2	4	8	16	32	64	128	256	512	1024	2048	256	446
493	91.457	8.581	17	22	1	12	1	2	4	8	16	32	64	128	256	512	1024	2048	145	353
494	-70.771	44.683	9	19	1	12	1	2	4	8	16	32	64	128	256	512	1024	2048	218	476
495	-38.296	70.884	25	22	1	12	1	2	4	8	16	32	64	128	256	512	1024	2048	180	438
496	78.806	77.5	14	18	1	12	1	2	4	8	16	32	64	128	256	512	1024	2048	93	437
497	-17.485	-94.26	3	7	1	12	1	2	4	8	16	32	64	128	256	512	1024	2048	295	540
498	3.023	31.798	17	10	1	12	1	2	4	8	16	32	64	128	256	512	1024	2048	93	340
499	16.812	-55.327	22	8	1	12	1	2	4	8	16	32	64	128	256	512	1024	2048	102	442
500	25.24	-84.17	25	7	1	12	1	2	4	8	16	32	64	128	256	512	1024	2048	120	473
501	-82.696	-57.59	25	3	1	12	1	2	4	8	16	32	64	128	256	512	1024	2048	95	361
502	-27.46	61.856	11	12	1	12	1	2	4	8	16	32	64	128	256	512	1024	2048	187	474
503	-86.587	80.24	4	6	1	12	1	2	4	8	16	32	64	128	256	512	1024	2048	208	477
504	-34.357	20.982	12	15	1	12	1	2	4	8	16	32	64	128	256	512	1024	2048	145	325
505	95.827	-61.133	17	14	1	12	1	2	4	8	16	32	64	128	256	512	1024	2048	103	457
506	-85.297	79.473	13	3	1	12	1	2	4	8	16	32	64	128	256	512	1024	2048	259	470
507	13.355	-27.539	10	9	1	12	1	2	4	8	16	32	64	128	256	512	1024	2048	132	417
508	-96.872	35.735	16	17	1	12	1	2	4	8	16	32	64	128	256	512	1024	2048	240	451
509	-62.539	45.069	6	21	1	12	1	2	4	8	16	32	64	128	256	512	1024	2048	169	461
510	92.63	-37.475	5	11	1	12	1	2	4	8	16	32	64	128	256	512	1024	2048	142	335
511	-69.398	32.868	8	25	1	12	1	2	4	8	16	32	64	128	256	512	1024	2048	284	613
512	43.035	78.401	6	2	1	12	1	2	4	8	16	32	64	128	256	512	1024	2048	255	491
513	-78.774	-97.845	18	21	1	12	1	2	4	8	16	32	64	128	256	512	1024	2048	288	481
514	63.122	-28.211	17	5	1	12	1	2	4	8	16	32	64	128	256	512	1024	2048	254	557
515	-50.127	-7.132	17	17	1	12	1	2	4	8	16	32	64	128	256	512	1024	2048	79	402
516	67.502	-4.767	20	5	1	12	1	2	4	8	16	32	64	128	256	512	1024	2048	254	568
517	87.95	68.081	2	12	1	12	1	2	4	8	16	32	64	128	256	512	1024	2048	99	375
518	77.513	37.872	7	6	1	12	1	2	4	8	16	32	64	128	256	512	1024	2048	145	470
519	-30.657	-37.889	11	9	1	12	1	2	4	8	16	32	64	128	256	512	1024	2048	155	493
520	-32.922	-57.05	11	11	1	12	1	2	4	8	16	32	64	128	256	512	1024	2048	67	403
521	-88.654	67.289	24	20	1	12	1	2	4	8	16	32	64	128	256	512	1024	2048	203	430
522	-70.256	81.637	21	21	1	12	1	2	4	8	16	32	64	128	256	512	1024	2048	163	431
523	78.346	73.703	23	2	1	12	1	2	4	8	16	32	64	128	256	512	1024	2048	78	347
524	-84.333	-80.772	13	12	1	12	1	2	4	8	16	32	64	128	256	512	1024	2048	167	496
525	-36.57	-23.585	13	21	1	12	1	2	4	8	16	32	64	128	256	512	1024	2048	160	507
526	-3.343	96.136	21	6	1	12	1	2	4	8	16	32	64	128	256	512	1024	2048	247	442
527	-27.868	27.847	21	24	1	12	1	2	4	8	16	32	64	128	256	512	1024	2048	181	493
528	22.987	11.002	7	24	1	12	1	2	4	8	16	32	64	128	256	512	1024	2048	187	545
529	-40.126	83.374	1	18	1	12	1	2	4	8	16	32	64	128	256	512	1024	2048	239	508
530	93.385	-75.927	21	22	1	12	1	2	4	8	16	32	64	128	256	512	1024	2048	74	263
531	-70.184	-69.884	23	12	1	12	1	2	4	8	16	32	64	128	256	512	1024	2048	71	369
532	-76.195	78.467	15	15	1	12	1	2	4	8	16	32	64	128	256	512	1024	2048	114	455
533	-70.312	-96.751	25	21	1	12	1	2	4	8	16	32	64	128	256	512	1024	2048	137	370
534	-17.638	95.431	5	11	1	12	1	2	4	8	16	32	64	128	256	512	1024	2048	114	425
535	-89.402	6.426	20	17	1	12	1	2	4	8	16	32	64	128	256	512	1024	2048	222	562
536	92.973	27.36	14	15	1	12	1	2	4	8	16	32	64	128	256	512	1024	2048	179	403
537	53.399	-12.485	3	13	1	12	1	2	4	8	16	32	64	128	256	512	1024	2048	214	574
538	-97.435	-41.61	3	12	1	12	1	2	4	8	16	32	64	128	256	512	1024	2048	180	399
539	-49.654	-55.233	2	23	1	12	1	2	4	8	16	32	64	128	256	512	1024	2048	121	431
540	-11.199	-83.05	2	20	1	12	1	2	4	8	16	32	64	128	256	512	1024	2048	168	473
541	-82.244	-83.4	8	1	1	12	1	2	4	8	16	32	64	128	256	512	1024	2048	289	531
542	-26.095	57.655	7	20	1	12	1	2	4	8	16	32	64	128	256	512	1024	2048	261	477
543	-49.244	93.869	9	1	1	12	1	2	4	8	16	32	64	128	256	512	1024	2048	252	508
544	-54.417	55.83	6	15	1	12	1	2	4	8	16	32	64	128	256	512	1024	2048	201	423
545	53.013	-63.241	8	19	1	12	1	2	4	8	16	32	64	128	256	512	1024	2048	156	412
546	51.548	90.756	20	8	1	12	1	2	4	8	16	32	64	128	256	512	1024	2048	180	454
547	-83.565	84.086	18	23	1	12	1	2	4	8	16	32	64	128	256	512	1024	2048	251	502
548	-80.13	3.963	8	13	1	12	1	2	4	8	16	32	64	128	256	512	1024	2048	62	267
549	-91.688	14.637	16	18	1	12	1	2	4	8	16	32	64	128	256	512	1024	2048	130	450
550	-55.77	18.579	12	22	1	12	1	2	4	8	16	32	64	128	256	512	1024	2048	299	484
551	73.503	91.074	14	9	1	12	1	2	4	8	16	32	64	128	256	512	1024	2048	232	590
552	72.24	56.12	3	18	1	12	1	2	4	8	16	32	64	128	256	512	1024	2048	127	414
553	-45.032	42.513	7	14	1	12	1	2	4	8	16	32	64	128	256	512	1024	2048	153	407
554	30.536	-85.699	15	1	1	12	1	2	4	8	16	32	64	128	256	512	1024	2048	160	407
555	65.113	87.452	21	25	1	12	1	2	4	8	16	32	64	128	256	512	1024	2048	104	383
556	26.49	-78.842	24	25	1	12	1	2	4	8	16	32	64	128	256	512	1024	2048	162	480
557	-22.337	42.121	24	17	1	12	1	2	4	8	16	32	64	128	256	512	1024	2048	276	583
558	84.538	-60.209	8	16	1	12	1	2	4	8	16	32	64	128	256	512	1024	2048	190	516
559	50.983	93.897	11	24	1	12	1	2	4	8	16	32	64	128	256	512	1024	2048	299	614
560	67.771	-41.162	2	14	1	12	1	2	4	8	16	32	64	128	256	512	1024	2048	279	578
561	-10.946	-81.136	1	16	1	12	1	2	4	8	16	32	64	128	256	512	1024	2048	110	399
562	88.799	4.174	17	25	1	12	1	2	4	8	16	32	64	128	256	512	1024	2048	294	568
563	95.111	84.526	19	25	1	12	1	2	4	8	16	32	64	128	256	512	1024	2048	298	518
564	-15.398	70.27	6	4	1	12	1	2	4	8	16	32	64	128	256	512	1024	2048	218	532
565	-72.079	-63.477	14	24	1	12	1	2	4	8	16	32	64	128	256	512	1024	2048	167	388
566	-7.708	63.376	17	6	1	12	1	2	4	8	16	32	64	128	256	512	1024	2048	226	547
567	38.759	-76.813	1	25	1	12	1	2	4	8	16	32	64	128	256	512	1024	2048	208	554
568	-7.31	-17.889	10	5	1	12	1	2	4	8	16	32	64	128	256	512	1024	2048	245	500
569	46.213	58.74	23	8	1	12	1	2	4	8	16	32	64	128	256	512	1024	2048	75	381
570	15.571	-24.527	17	4	1	12	1	2	4	8	16	32	64	128	256	512	1024	2048	117	403
571	89.007	15.6	8	4	1	12	1	2	4	8	16	32	64	128	256	512	1024	2048	148	392
572	8.629	6.921	19	12	1	12	1	2	4	8	16	32	64	128	256	512	1024	2048	234	592
573	-87.182	89.72	23	22	1	12	1	2	4	8	16	32	64	128	256	512	1024	2048	211	426
574	-60.518	48.371	20	21	1	12	1	2	4	8	16	32	64	128	256	512	1024	2048	115	384
575	-87.307	95.3	3	11	1	12	1	2	4	8	16	32	64	128	256	512	1024	2048	157	501
576	44.515	-15.86	16	8	1	12	1	2	4	8	16	32	64	128	256	512	1024	2048	66	248
577	47.418	60.176	7	9	1	12	1	2	4	8	16	32	64	128	256	512	1024	2048	117	350
578	40.465	-28.865	3	5	1	12	1	2	4	8	16	32	64	128	256	512	1024	2048	159	447
579	-25.052	57.65	1	6	1	12	1	2	4	8	16	32	64	128	256	512	1024	2048	215	459
580	-19.842	-88.066	17	8	1	12	1	2	4	8	16	32	64	128	256	512	1024	2048	266	575
581	8.498	21.597	14	17	1	12	1	2	4	8	16	32	64	128	256	512	1024	2048	238	531
582	-4.075	-57.002	25	25	1	12	1	2	4	8	16	32	64	128	256	512	1024	2048	172	491
583	-98.297	-26.045	5	3	1	12	1	2	4	8	16	32	64	128	256	512	1024	2048	65	395
584	-27.286	12.747	8	14	1	12	1	2	4	8	16	32	64	128	256	512	1024	2048	177	520
585	-30.609	-58.8	1	4	1	12	1	2	4	8	16	32	64	128	256	512	1024	2048	202	388
586	8.692	-91.843	21	16	1	12	1	2	4	8	16	32	64	128	256	512	1024	2048	272	598
587	65.178	-5.969	4	12	1	12	1	2	4	8	16	32	64	128	256	512	1024	2048	274	499
588	54.953	-96.962	13	11	1	12	1	2	4	8	16	32	64	128	256	512	1024	2048	176	376
589	-97.103	58.234	5	22	1	12	1	2	4	8	16	32	64	128	256	512	1024	2048	145	448
590	97.477	81.35	25	9	1	12	1	2	4	8	16	32	64	128	256	512	1024	2048	63	347
591	99.274	-85.273	11	4	1	12	1	2	4	8	16	32	64	128	256	512	1024	2048	235	484
592	-92.125	-39.229	5	16	1	12	1	2	4	8	16	32	64	128	256	512	1024	2048	204	523
593	-80.296	99.275	23	8	1	12	1	2	4	8	16	32	64	128	256	512	1024	2048	205	486
594	-4.521	89.601	14	11	1	12	1	2	4	8	16	32	64	128	256	512	1024	2048	120	389
595	96.536	-32.462	8	2	1	12	1	2	4	8	16	32	64	128	256	512	1024	2048	174	361
596	89.958	60.167	12	18	1	12	1	2	4	8	16	32	64	128	256	512	1024	2048	170	392
597	-21.204	34.464	10	21	1	12	1	2	4	8	16	32	64	128	256	512	1024	2048	129	417
598	-92.189	42.041	5	8	1	12	1	2	4	8	16	32	64	128	256	512	1024	2048	220	515
599	26.647	-63.615	6	10	1	12	1	2	4	8	16	32	64	128	256	512	1024	2048	142	468
600	40.766	99.974	5	4	1	12	1	2	4	8	16	32	64	128	256	512	1024	2048	169	459
601	4.379	-64.345	1	24	1	12	1	2	4	8	16	32	64	128	256	512	1024	2048	272	526
602	63.061	-96.523	2	25	1	12	1	2	4	8	16	32	64	128	256	512	1024	2048	144	392
603	98.325	25.41	7	2	1	12	1	2	4	8	16	32	64	128	256	512	1024	2048	171	459
604	-56.628	29.761	14	10	1	12	1	2	4	8	16	32	64	128	256	512	1024	2048	207	481
605	56.193	57.227	6	20	1	12	1	2	4	8	16	32	64	128	256	512	1024	2048	120	351
606	45.472	-99.471	4	22	1	12	1	2	4	8	16	32	64	128	256	512	1024	2048	175	356
607	-60.104	-51.658	10	11	1	12	1	2	4	8	16	32	64	128	256	512	1024	2048	77	274
608	-80.829	-63.209	21	1	1	12	1	2	4	8	16	32	64	128	256	512	1024	2048	205	473
609	-98.795	-32.312	6	18	1	12	1	2	4	8	16	32	64	128	256	512	1024	2048	220	534
610	7.254	68.995	5	1	1	12	1	2	4	8	16	32	64	128	256	512	1024	2048	152	408
611	18.751	60.037	13	18	1	12	1	2	4	8	16	32	64	128	256	512	1024	2048	286	595
612	-86.017	49.064	9	8	1	12	1	2	4	8	16	32	64	128	256	512	1024	2048	269	471
613	23.47	90.202	1	21	1	12	1	2	4	8	16	32	64	128	256	512	1024	2048	215	471
614	4.737	-5.327	7	7	1	12	1	2	4	8	16	32	64	128	256	512	1024	2048	258	469
615	-61.012	-46.769	18	25	1	12	1	2	4	8	16	32	64	128	256	512	1024	2048	83	306
616	-94.753	93.277	24	5	1	12	1	2	4	8	16	32	64	128	256	512	1024	2048	77	276
617	-83.249	49.102	18	22	1	12	1	2	4	8	16	32	64	128	256	512	1024	2048	179	456
618	-17.236	75.374	12	24	1	12	1	2	4	8	16	32	64	128	256	512	1024	2048	152	453
619	-36.693	7.705	22	13	1	12	1	2	4	8	16	32	64	128	256	512	1024	2048	298	603
620	-46.207	15.097	3	11	1	12	1	2	4	8	16	32	64	128	256	512	1024	2048	98	279
621	-6.468	-91.945	4	7	1	12	1	2	4	8	16	32	64	128	256	512	1024	2048	172	485
622	-51.296	-15.225	13	5	1	12	1	2	4	8	16	32	64	128	256	512	1024	2048	61	359
623	-6.889	-49.82	20	10	1	12	1	2	4	8	16	32	64	128	256	512	1024	2048	189	383
624	-89.393	-96.668	16	23	1	12	1	2	4	8	16	32	64	128	256	512	1024	2048	118	407
625	19.356	-7.406	22	16	1	12	1	2	4	8	16	32	64	128	256	512	1024	2048	66	305
626	-2.372	24.513	9	7	1	12	1	2	4	8	16	32	64	128	256	512	1024	2048	155	426
627	-11.309	-9.908	20	5	1	12	1	2	4	8	16	32	64	128	256	512	1024	2048	144	474
628	-74.272	1.343	22	7	1	12	1	2	4	8	16	32	64	128	256	512	1024	2048	250	549
629	-21.771	-28.745	6	9	1	12	1	2	4	8	16	32	64	128	256	512	1024	2048	169	509
630	-73.34	94.352	18	10	1	12	1	2	4	8	16	32	64	128	256	512	1024	2048	140	423
631	95.052	0.394	1	21	1	12	1	2	4	8	16	32	64	128	256	512	1024	2048	90	366
632	62.608	-60.888	25	20	1	12	1	2	4	8	16	32	64	128	256	512	1024	2048	241	586
633	-51.504	99.99	15	20	1	12	1	2	4	8	16	32	64	128	256	512	1024	2048	263	564
634	-44.223	93.128	20	14	1	12	1	2	4	8	16	32	64	128	256	512	1024	2048	133	463
635	47.821	-11.473	12	13	1	12	1	2	4	8	16	32	64	128	256	512	1024	2048	189	473
636	-64.714	29.571	17	4	1	12	1	2	4	8	16	32	64	128	256	512	1024	2048	259	547
637	-23.929	3.157	15	19	1	12	1	2	4	8	16	32	64	128	256	512	1024	2048	197	538
638	-62.563	-45.039	25	15	1	12	1	2	4	8	16	32	64	128	256	512	1024	2048	185	404
639	46.004	-66.752	2	19	1	12	1	2	4	8	16	32	64	128	256	512	1024	2048	225	483
640	84.428	38.377	2	18	1	12	1	2	4	8	16	32	64	128	256	512	1024	2048	224	437
641	12.02	62.104	21	4	1	12	1	2	4	8	16	32	64	128	256	512	1024	2048	286	561
642	-50.426	-50.313	10	6	1	12	1	2	4	8	16	32	64	128	256	512	1024	2048	188	530
643	-28.652	-75.214	19	22	1	12	1	2	4	8	16	32	64	128	256	512	1024	2048	216	520
644	-72.342	-83.697	15	24	1	12	1	2	4	8	16	32	64	128	256	512	1024	2048	228	480
645	-83.853	61.193	23	4	1	12	1	2	4	8	16	32	64	128	256	512	1024	2048	137	400
646	-11.443	77.977	1	9	1	12	1	2	4	8	16	32	64	128	256	512	1024	2048	129	349
647	-92.898	37.233	14	23	1	12	1	2	4	8	16	32	64	128	256	512	1024	2048	205	430
648	-36.878	-96.437	20	20	1	12	1	2	4	8	16	32	64	128	256	512	1024	2048	229	531
649	-15.449	88.184	6	20	1	12	1	2	4	8	16	32	64	128	256	512	1024	2048	170	453
650	-48.313	75.371	11	21	1	12	1	2	4	8	16	32	64	128	256	512	1024	2048	242	459
651	0.269	-25.621	12	24	1	12	1	2	4	8	16	32	64	128	256	512	1024	2048	155	502
652	-25.088	71.701	1	10	1	12	1	2	4	8	16	32	64	128	256	512	1024	2048	114	349
653	11.896	-83.981	15	15	1	12	1	2	4	8	16	32	64	128	256	512	1024	2048	158	373
654	25.915	64.022	8	2	1	12	1	2	4	8	16	32	64	128	256	512	1024	2048	202	464
655	-33.555	-28.986	18	16	1	12	1	2	4	8	16	32	64	128	256	512	1024	2048	196	467
656	33.041	83.359	23	24	1	12	1	2	4	8	16	32	64	128	256	512	1024	2048	232	498
657	-59.485	-88.316	17	3	1	12	1	2	4	8	16	32	64	128	256	512	1024	2048	148	485
658	90.285	-92.028	4	4	1	12	1	2	4	8	16	32	64	128	256	512	1024	2048	160	424
659	43.353	81.992	5	8	1	12	1	2	4	8	16	32	64	128	256	512	1024	2048	289	520
660	52.495	-92.793	4	13	1	12	1	2	4	8	16	32	64	128	256	512	1024	2048	281	490
661	19.004	57.367	12	23	1	12	1	2	4	8	16	32	64	128	256	512	1024	2048	148	447
662	-53.581	69.173	7	15	1	12	1	2	4	8	16	32	64	128	256	512	1024	2048	226	532
663	-88.217	-96.166	19	12	1	12	1	2	4	8	16	32	64	128	256	512	1024	2048	64	301
664	45.421	86.728	18	9	1	12	1	2	4	8	16	32	64	128	256	512	1024	2048	283	639
665	87.768	37.918	24	21	1	12	1	2	4	8	16	32	64	128	256	512	1024	2048	176	360
666	-23.6	-90.025	1	25	1	12	1	2	4	8	16	32	64	128	256	512	1024	2048	263	592
667	-72.567	52.39	3	7	1	12	1	2	4	8	16	32	64	128	256	512	1024	2048	247	565
668	-27.904	88.116	17	13	1	12	1	2	4	8	16	32	64	128	256	512	1024	2048	113	470
669	93.39	-99.869	10	17	1	12	1	2	4	8	16	32	64	128	256	512	1024	2048	224	574
670	-49.306	-8.166	15	22	1	12	1	2	4	8	16	32	64	128	256	512	1024	2048	294	596
671	-47.948	58.213	17	21	1	12	1	2	4	8	16	32	64	128	256	512	1024	2048	125	393
672	-99.678	86.905	10	17	1	12	1	2	4	8	16	32	64	128	256	512	1024	2048	177	437
673	81.572	-36.695	12	10	1	12	1	2	4	8	16	32	64	128	256	512	1024	2048	296	618
674	54.545	23.866	16	21	1	12	1	2	4	8	16	32	64	128	256	512	1024	2048	81	389
675	-94.315	89.361	10	3	1	12	1	2	4	8	16	32	64	128	256	512	1024	2048	268	463
676	94.715	1.41	17	2	1	12	1	2	4	8	16	32	64	128	256	512	1024	2048	300	625
677	-67.271	-38.55	5	11	1	12	1	2	4	8	16	32	64	128	256	512	1024	2048	256	483
678	88.41	-76.07	15	14	1	12	1	2	4	8	16	32	64	128	256	512	1024	2048	63	327
679	62.192	-73.395	4	6	1	12	1	2	4	8	16	32	64	128	256	512	1024	2048	144	385
680	-36.396	62.007	23	3	1	12	1	2	4	8	16	32	64	128	256	512	1024	2048	99	400
681	20.274	-61.074	5	13	1	12	1	2	4	8	16	32	64	128	256	512	1024	2048	173	432
682	95.206	-26.909	19	6	1	12	1	2	4	8	16	32	64	128	256	512	1024	2048	290	484
683	12.644	70.267	11	17	1	12	1	2	4	8	16	32	64	128	256	512	1024	2048	201	527
684	-18.888	72.497	13	23	1	12	1	2	4	8	16	32	64	128	256	512	1024	2048	300	659
685	-84.995	-79.233	11	10	1	12	1	2	4	8	16	32	64	128	256	512	1024	2048	282	508
686	-48.966	-88.937	15	15	1	12	1	2	4	8	16	32	64	128	256	512	1024	2048	214	530
687	-16.023	66.94	22	18	1	12	1	2	4	8	16	32	64	128	256	512	1024	2048	77	310
688	-24.162	47.72	24	25	1	12	1	2	4	8	16	32	64	128	256	512	1024	2048	274	568
689	-91.917	76.165	15	8	1	12	1	2	4	8	16	32	64	128	256	512	1024	2048	147	439
690	-27.548	-65.902	24	10	1	12	1	2	4	8	16	32	64	128	256	512	1024	2048	300	568
691	53.39	-62.335	15	18	1	12	1	2	4	8	16	32	64	128	256	512	1024	2048	233	562
692	34.508	76.878	3	15	1	12	1	2	4	8	16	32	64	128	256	512	1024	2048	198	386
693	-38.221	-80.407	3	24	1	12	1	2	4	8	16	32	64	128	256	512	1024	2048	203	433
694	95.983	18.751	8	7	1	12	1	2	4	8	16	32	64	128	256	512	1024	2048	228	441
695	-35.507	-51.476	14	23	1	12	1	2	4	8	16	32	64	128	256	512	1024	2048	225	544
696	-48.819	35.477	2	7	1	12	1	2	4	8	16	32	64	128	256	512	1024	2048	172	439
697	-60.245	-68.289	11	11	1	12	1	2	4	8	16	32	64	128	256	512	1024	2048	143	353
698	-36.753	-70.981	24	20	1	12	1	2	4	8	16	32	64	128	256	512	1024	2048	93	431
699	-85.12	-89.277	11	7	1	12	1	2	4	8	16	32	64	128	256	512	1024	2048	297	599
700	-76.728	-3.117	8	12	1	12	1	2	4	8	16	32	64	128	256	512	1024	2048	133	487
701	27.865	-30.569	3	6	1	12	1	2	4	8	16	32	64	128	256	512	1024	2048	257	555
702	-28.618	-31.981	20	16	1	12	1	2	4	8	16	32	64	128	256	512	1024	2048	119	462
703	81.219	18.097	19	10	1	12	1	2	4	8	16	32	64	128	256	512	1024	2048	294	503
704	-13.241	-85.219	19	13	1	12	1	2	4	8	16	32	64	128	256	512	1024	2048	145	482
705	-41.644	-96.769	15	13	1	12	1	2	4	8	16	32	64	128	256	512	1024	2048	218	536
706	51.088	-29.67	6	19	1	12	1	2	4	8	16	32	64	128	256	512	1024	2048	184	493
707	-33.43	-93.188	11	4	1	12	1	2	4	8	16	32	64	128	256	512	1024	2048	299	612
708	9.018	90.888	10	5	1	12	1	2	4	8	16	32	64	128	256	512	1024	2048	233	453
709	-71.808	56.635	13	9	1	12	1	2	4	8	16	32	64	128	256	512	1024	2048	113	444
710	84.16	-31.976	15	1	1	12	1	2	4	8	16	32	64	128	256	512	1024	2048	274	575
711	-44.312	-9.621	13	23	1	12	1	2	4	8	16	32	64	128	256	512	1024	2048	226	423
712	-2.506	-75.704	17	9	1	12	1	2	4	8	16	32	64	128	256	512	1024	2048	185	494
713	40.647	-93.25	24	18	1	12	1	2	4	8	16	32	64	128	256	512	1024	2048	163	416
714	-89.538	61.172	9	8	1	12	1	2	4	8	16	32	64	128	256	512	1024	2048	189	393
715	-86.77	47.273	1	8	1	12	1	2	4	8	16	32	64	128	256	512	1024	2048	253	508
716	-10.815	-39.277	25	13	1	12	1	2	4	8	16	32	64	128	256	512	1024	2048	108	399
717	-41.306	78.926	11	18	1	12	1	2	4	8	16	32	64	128	256	512	1024	2048	180	488
718	43.246	-60.635	14	8	1	12	1	2	4	8	16	32	64	128	256	512	1024	2048	218	523
719	39.661	-54.372	11	6	1	12	1	2	4	8	16	32	64	128	256	512	1024	2048	195	547
720	21.123	-79.729	24	2	1	12	1	2	4	8	16	32	64	128	256	512	1024	2048	166	522
721	-33.062	-37.964	23	19	1	12	1	2	4	8	16	32	64	128	256	512	1024	2048	78	338
722	85.331	-23.661	18	10	1	12	1	2	4	8	16	32	64	128	256	512	1024	2048	216	502
723	-8.265	89.701	6	22	1	12	1	2	4	8	16	32	64	128	256	512	1024	2048	123	362
724	-32.68	-53.706	15	12	1	12	1	2	4	8	16	32	64	128	256	512	1024	2048	182	515
725	-8.922	90.571	8	12	1	12	1	2	4	8	16	32	64	128	256	512	1024	2048	220	485
726	7.112	72.266	21	5	1	12	1	2	4	8	16	32	64	128	256	512	1024	2048	79	369
727	37.634	-82.97	23	12	1	12	1	2	4	8	16	32	64	128	256	512	1024	2048	145	408
728	55.796	-25.062	1	19	1	12	1	2	4	8	16	32	64	128	256	512	1024	2048	158	452
729	-84.637	18.508	9	11	1	12	1	2	4	8	16	32	64	128	256	512	1024	2048	219	541
730	-81.025	-77.542	4	9	1	12	1	2	4	8	16	32	64	128	256	512	1024	2048	299	647
731	48.153	60.186	1	23	1	12	1	2	4	8	16	32	64	128	256	512	1024	2048	229	481
732	-56.71	-65.612	19	24	1	12	1	2	4	8	16	32	64	128	256	512	1024	2048	146	408
733	-46.037	67.393	2	2	1	12	1	2	4	8	16	32	64	128	256	512	1024	2048	113	431
734	-72.361	-70.591	1	16	1	12	1	2	4	8	16	32	64	128	256	512	1024	2048	81	288
735	-90.585	-7.05	1	3	1	12	1	2	4	8	16	32	64	128	256	512	1024	2048	106	373
736	-73.162	79.959	19	5	1	12	1	2	4	8	16	32	64	128	256	512	1024	2048	85	270
737	67.217	85.366	24	3	1	12	1	2	4	8	16	32	64	128	256	512	1024	2048	128	416
738	-68.613	-68.349	17	12	1	12	1	2	4	8	16	32	64	128	256	512	1024	2048	126	324
739	-99.252	-66.352	9	13	1	12	1	2	4	8	16	32	64	128	256	512	1024	2048	63	253
740	-84.413	-62.967	8	16	1	12	1	2	4	8	16	32	64	128	256	512	1024	2048	256	556
741	-54.542	-82.485	15	17	1	12	1	2	4	8	16	32	64	128	256	512	1024	2048	178	534
742	-68.312	97.969	3	20	1	12	1	2	4	8	16	32	64	128	256	512	1024	2048	96	448
743	27.56	-32.342	2	17	1	12	1	2	4	8	16	32	64	128	256	512	1024	2048	295	555
744	-63.012	-96.59	6	7	1	12	1	2	4	8	16	32	64	128	256	512	1024	2048	239	438
745	98.758	-42.422	1	24	1	12	1	2	4	8	16	32	64	128	256	512	1024	2048	240	424
746	-14.48	-38.43	14	19	1	12	1	2	4	8	16	32	64	128	256	512	1024	2048	217	499
747	-87.251	68.357	21	18	1	12	1	2	4	8	16	32	64	128	256	512	1024	2048	242	537
748	-27.155	-39.51	10	12	1	12	1	2	4	8	16	32	64	128	256	512	1024	2048	127	460
749	93.292	-59.465	12	19	1	12	1	2	4	8	16	32	64	128	256	512	1024	2048	149	474
750	62.407	-3.828	6	13	1	12	1	2	4	8	16	32	64	128	256	512	1024	2048	270	613
751	-33.323	67.417	16	9	1	12	1	2	4	8	16	32	64	128	256	512	1024	2048	282	611
752	77.743	34.381	2	12	1	12	1	2	4	8	16	32	64	128	256	512	1024	2048	113	325
753	-1.776	82.245	22	22	1	12	1	2	4	8	16	32	64	128	256	512	1024	2048	274	594
754	-24.851	68.574	10	3	1	12	1	2	4	8	16	32	64	128	256	512	1024	2048	78	264
755	92.78	-59.985	13	19	1	12	1	2	4	8	16	32	64	128	256	512	1024	2048	94	317
756	80.947	-44.933	18	23	1	12	1	2	4	8	16	32	64	128	256	512	1024	2048	202	420
757	-35.353	38.549	7	19	1	12	1	2	4	8	16	32	64	128	256	512	1024	2048	262	542
758	68.909	24.96	8	13	1	12	1	2	4	8	16	32	64	128	256	512	1024	2048	94	453
759	86.867	-93.257	15	1	1	12	1	2	4	8	16	32	64	128	256	512	1024	2048	193	485
760	-12.914	-78.012	22	21	1	12	1	2	4	8	16	32	64	128	256	512	1024	2048	90	303
761	-77.963	-60.184	2	24	1	12	1	2	4	8	16	32	64	128	256	512	1024	2048	198	431
762	-77.772	47.538	11	17	1	12	1	2	4	8	16	32	64	128	256	512	1024	2048	97	278
763	-70.394	-55.15	15	1	1	12	1	2	4	8	16	32	64	128	256	512	1024	2048	176	361
764	-98.062	-45.386	18	17	1	12	1	2	4	8	16	32	64	128	256	512	1024	2048	269	624
765	48.307	-91.44	10	13	1	12	1	2	4	8	16	32	64	128	256	512	1024	2048	212	477
766	-40.905	87.054	4	2	1	12	1	2	4	8	16	32	64	128	256	512	1024	2048	226	461
767	84.78	-53.103	17	16	1	12	1	2	4	8	16	32	64	128	256	512	1024	2048	191	476
768	86.924	-73.159	18	18	1	12	1	2	4	8	16	32	64	128	256	512	1024	2048	79	393
769	-90.067	50.4	4	25	1	12	1	2	4	8	16	32	64	128	256	512	1024	2048	69	353
770	-87.469	-34.504	7	16	1	12	1	2	4	8	16	32	64	128	256	512	1024	2048	155	395
771	-81.117	-97.785	11	15	1	12	1	2	4	8	16	32	64	128	256	512	1024	2048	247	509
772	27.857	-34.072	16	7	1	12	1	2	4	8	16	32	64	128	256	512	1024	2048	79	419
773	86.382	54.933	10	7	1	12	1	2	4	8	16	32	64	128	256	512	1024	2048	163	345
774	-71.276	-6.169	6	22	1	12	1	2	4	8	16	32	64	128	256	512	1024	2048	144	392
775	-50.602	51.637	5	13	1	12	1	2	4	8	16	32	64	128	256	512	1024	2048	297	554
776	-98.207	-86.931	2	11	1	12	1	2	4	8	16	32	64	128	256	512	1024	2048	128	437
777	-37.713	8.607	25	2	1	12	1	2	4	8	16	32	64	128	256	512	1024	2048	237	562
778	76.394	82.615	3	3	1	12	1	2	4	8	16	32	64	128	256	512	1024	2048	279	606
779	89.911	-67.787	13	19	1	12	1	2	4	8	16	32	64	128	256	512	1024	2048	145	466
780	12.792	-77.573	12	22	1	12	1	2	4	8	16	32	64	128	256	512	1024	2048	254	511
781	44.306	-25.952	0	0	0	0	0	1000
782	-32.403	14.042	0	0	0	0	0	1000
783	37.663	13.769	0	0	0	0	0	1000
784	-15.104	12.111	0	0	0	0	0	1000
785	32.413	24.218	0	0	0	0	0	1000
786	10.846	-42.185	0	0	0	0	0	1000
787	37.199	1.346	0	0	0	0	0	1000
788	-33.128	-14.172	0	0	0	0	0	1000
789	-8.716	-4.86	0	0	0	0	0	1000
790	-25.037	19.618	0	0	0	0	0	1000
791	23.605	39.795	0	0	0	0	0	1000
792	41.196	45.258	0	0	0	0	0	1000
