6 8 780 12
425 180
425 180
425 180
425 180
425 180
425 180
425 180
425 180
425 180
425 180
425 180
425 180
1	61.698	-53.092	19	1	1	12	1	2	4	8	16	32	64	128	256	512	1024	2048	71	199
2	-63.955	-22.283	12	4	1	12	1	2	4	8	16	32	64	128	256	512	1024	2048	106	209
3	75.778	-69.433	1	14	1	12	1	2	4	8	16	32	64	128	256	512	1024	2048	477	597
4	22.586	-83.907	7	5	1	12	1	2	4	8	16	32	64	128	256	512	1024	2048	69	187
5	-86.788	-27.145	4	19	1	12	1	2	4	8	16	32	64	128	256	512	1024	2048	316	493
6	-81.831	-39.166	24	9	1	12	1	2	4	8	16	32	64	128	256	512	1024	2048	97	205
7	19.863	24.925	14	13	1	12	1	2	4	8	16	32	64	128	256	512	1024	2048	316	446
8	-63.5	16.599	9	23	1	12	1	2	4	8	16	32	64	128	256	512	1024	2048	97	197
9	96.287	-67.422	5	24	1	12	1	2	4	8	16	32	64	128	256	512	1024	2048	210	325
10	46.465	82.227	17	11	1	12	1	2	4	8	16	32	64	128	256	512	1024	2048	337	458
11	94.992	-93.873	11	6	1	12	1	2	4	8	16	32	64	128	256	512	1024	2048	167	315
12	70.484	83.028	11	16	1	12	1	2	4	8	16	32	64	128	256	512	1024	2048	115	226
13	8.301	-97.197	9	5	1	12	1	2	4	8	16	32	64	128	256	512	1024	2048	87	206
14	84.535	83.563	6	15	1	12	1	2	4	8	16	32	64	128	256	512	1024	2048	300	401
15	-31.382	-53.353	24	11	1	12	1	2	4	8	16	32	64	128	256	512	1024	2048	119	265
16	-76.44	-30.377	20	8	1	12	1	2	4	8	16	32	64	128	256	512	1024	2048	151	331
17	98.978	24.314	4	9	1	12	1	2	4	8	16	32	64	128	256	512	1024	2048	133	299
18	72.157	-61.097	5	22	1	12	1	2	4	8	16	32	64	128	256	512	1024	2048	338	498
19	-52.145	-54.455	3	18	1	12	1	2	4	8	16	32	64	128	256	512	1024	2048	265	444
20	-82.192	-24.92	12	1	1	12	1	2	4	8	16	32	64	128	256	512	1024	2048	308	485
21	-34.223	-7.639	13	9	1	12	1	2	4	8	16	32	64	128	256	512	1024	2048	253	432
22	12.413	49.052	3	8	1	12	1	2	4	8	16	32	64	128	256	512	1024	2048	103	224
23	65.409	32.804	13	24	1	12	1	2	4	8	16	32	64	128	256	512	1024	2048	150	258
24	-49.305	-60.586	1	15	1	12	1	2	4	8	16	32	64	128	256	512	1024	2048	93	223
25	-89.514	-7.337	3	1	1	12	1	2	4	8	16	32	64	128	256	512	1024	2048	354	462
26	79.734	34.981	5	24	1	12	1	2	4	8	16	32	64	128	256	512	1024	2048	428	560
27	-92.319	13.061	7	11	1	12	1	2	4	8	16	32	64	128	256	512	1024	2048	181	344
28	-22	55.634	21	23	1	12	1	2	4	8	16	32	64	128	256	512	1024	2048	356	503
29	57.728	78.306	17	6	1	12	1	2	4	8	16	32	64	128	256	512	1024	2048	435	547
30	-91.824	-57.099	21	17	1	12	1	2	4	8	16	32	64	128	256	512	1024	2048	122	251
31	-17.173	-57.77	7	13	1	12	1	2	4	8	16	32	64	128	256	512	1024	2048	374	493
32	98.536	74.341	24	24	1	12	1	2	4	8	16	32	64	128	256	512	1024	2048	418	535
33	80.134	-34.37	20	21	1	12	1	2	4	8	16	32	64	128	256	512	1024	2048	135	266
34	-81.105	63.758	17	23	1	12	1	2	4	8	16	32	64	128	256	512	1024	2048	178	331
35	72.739	-98.718	18	24	1	12	1	2	4	8	16	32	64	128	256	512	1024	2048	386	561
36	-96.412	72.897	3	3	1	12	1	2	4	8	16	32	64	128	256	512	1024	2048	410	555
37	19.351	83.622	9	1	1	12	1	2	4	8	16	32	64	128	256	512	1024	2048	130	278
38	-95.833	32.825	11	22	1	12	1	2	4	8	16	32	64	128	256	512	1024	2048	267	435
39	32.024	-65.238	22	23	1	12	1	2	4	8	16	32	64	128	256	512	1024	2048	431	585
40	-59.011	49.719	8	18	1	12	1	2	4	8	16	32	64	128	256	512	1024	2048	177	326
41	-21.061	-62.843	7	21	1	12	1	2	4	8	16	32	64	128	256	512	1024	2048	144	285
42	-51.674	-88.581	20	6	1	12	1	2	4	8	16	32	64	128	256	512	1024	2048	112	234
43	24.641	-77.076	8	2	1	12	1	2	4	8	16	32	64	128	256	512	1024	2048	312	433
44	-83.013	88.023	17	5	1	12	1	2	4	8	16	32	64	128	256	512	1024	2048	173	349
45	50.435	-81.865	6	18	1	12	1	2	4	8	16	32	64	128	256	512	1024	2048	230	384
46	-49.351	11.697	19	4	1	12	1	2	4	8	16	32	64	128	256	512	1024	2048	66	168
47	-64.821	-42.687	5	14	1	12	1	2	4	8	16	32	64	128	256	512	1024	2048	111	262
48	78.986	5.467	4	7	1	12	1	2	4	8	16	32	64	128	256	512	1024	2048	102	265
49	49.127	95.298	22	2	1	12	1	2	4	8	16	32	64	128	256	512	1024	2048	331	484
50	12.855	-5.226	2	17	1	12	1	2	4	8	16	32	64	128	256	512	1024	2048	434	553
51	-18.273	68.258	20	12	1	12	1	2	4	8	16	32	64	128	256	512	1024	2048	191	356
52	0.272	-24.782	4	22	1	12	1	2	4	8	16	32	64	128	256	512	1024	2048	151	315
53	92.088	-82.543	3	11	1	12	1	2	4	8	16	32	64	128	256	512	1024	2048	202	372
54	92.321	-12.63	23	9	1	12	1	2	4	8	16	32	64	128	256	512	1024	2048	67	174
55	87.652	-81.329	25	3	1	12	1	2	4	8	16	32	64	128	256	512	1024	2048	263	391
56	94.671	-55.65	19	3	1	12	1	2	4	8	16	32	64	128	256	512	1024	2048	71	225
57	-73.793	62.268	15	21	1	12	1	2	4	8	16	32	64	128	256	512	1024	2048	440	612
58	77.979	-47.487	23	17	1	12	1	2	4	8	16	32	64	128	256	512	1024	2048	279	409
59	-50.435	-72.255	2	24	1	12	1	2	4	8	16	32	64	128	256	512	1024	2048	284	464
60	-88.727	11.618	14	10	1	12	1	2	4	8	16	32	64	128	256	512	1024	2048	410	546
61	-98.309	-98.872	8	16	1	12	1	2	4	8	16	32	64	128	256	512	1024	2048	138	274
62	-80.669	14.506	25	18	1	12	1	2	4	8	16	32	64	128	256	512	1024	2048	309	399
63	-40.123	-34.209	2	2	1	12	1	2	4	8	16	32	64	128	256	512	1024	2048	74	232
64	18.178	45.924	23	15	1	12	1	2	4	8	16	32	64	128	256	512	1024	2048	181	337
65	-33.767	-26.121	12	11	1	12	1	2	4	8	16	32	64	128	256	512	1024	2048	108	245
66	-0.83	24.55	19	9	1	12	1	2	4	8	16	32	64	128	256	512	1024	2048	148	241
67	71.51	-76.041	4	17	1	12	1	2	4	8	16	32	64	128	256	512	1024	2048	304	422
68	-93.487	-8.037	20	21	1	12	1	2	4	8	16	32	64	128	256	512	1024	2048	60	190
69	-62.462	36.497	19	17	1	12	1	2	4	8	16	32	64	128	256	512	1024	2048	117	252
70	33.705	-24.84	10	8	1	12	1	2	4	8	16	32	64	128	256	512	1024	2048	343	443
71	-97.518	-51.281	11	25	1	12	1	2	4	8	16	32	64	128	256	512	1024	2048	392	572
72	-77.523	-69.189	8	22	1	12	1	2	4	8	16	32	64	128	256	512	1024	2048	362	471
73	-66.109	-92.951	19	2	1	12	1	2	4	8	16	32	64	128	256	512	1024	2048	137	299
74	29.145	75.018	6	23	1	12	1	2	4	8	16	32	64	128	256	512	1024	2048	415	547
75	-43.613	98.877	1	1	1	12	1	2	4	8	16	32	64	128	256	512	1024	2048	117	296
76	-13.693	-77.74	7	24	1	12	1	2	4	8	16	32	64	128	256	512	1024	2048	220	314
77	-29.092	-73.952	11	14	1	12	1	2	4	8	16	32	64	128	256	512	1024	2048	79	250
78	-59.931	79.215	12	23	1	12	1	2	4	8	16	32	64	128	256	512	1024	2048	298	452
79	63.509	81.027	7	6	1	12	1	2	4	8	16	32	64	128	256	512	1024	2048	164	335
80	89.689	-76.777	10	8	1	12	1	2	4	8	16	32	64	128	256	512	1024	2048	438	557
81	25.765	-63.018	3	19	1	12	1	2	4	8	16	32	64	128	256	512	1024	2048	241	349
82	87.684	72.051	3	8	1	12	1	2	4	8	16	32	64	128	256	512	1024	2048	158	292
83	60.187	-44.204	17	1	1	12	1	2	4	8	16	32	64	128	256	512	1024	2048	238	414
84	-23.442	91.116	12	4	1	12	1	2	4	8	16	32	64	128	256	512	1024	2048	458	555
85	40.372	89.616	7	13	1	12	1	2	4	8	16	32	64	128	256	512	1024	2048	208	364
86	-75.122	-17.393	18	13	1	12	1	2	4	8	16	32	64	128	256	512	1024	2048	103	242
87	73.83	75.837	17	20	1	12	1	2	4	8	16	32	64	128	256	512	1024	2048	69	208
88	-74.374	86.281	14	9	1	12	1	2	4	8	16	32	64	128	256	512	1024	2048	470	628
89	-37.843	-84.149	6	14	1	12	1	2	4	8	16	32	64	128	256	512	1024	2048	324	504
90	19.354	-7.134	23	7	1	12	1	2	4	8	16	32	64	128	256	512	1024	2048	413	563
91	50.717	81.312	2	11	1	12	1	2	4	8	16	32	64	128	256	512	1024	2048	271	437
92	-73.54	-59.72	15	15	1	12	1	2	4	8	16	32	64	128	256	512	1024	2048	176	329
93	-28.217	-93.019	23	16	1	12	1	2	4	8	16	32	64	128	256	512	1024	2048	71	251
94	-19.089	57.813	24	11	1	12	1	2	4	8	16	32	64	128	256	512	1024	2048	347	464
95	19.923	-91.844	4	14	1	12	1	2	4	8	16	32	64	128	256	512	1024	2048	324	504
96	47.511	-84.832	24	12	1	12	1	2	4	8	16	32	64	128	256	512	1024	2048	281	420
97	-16.981	69.551	18	4	1	12	1	2	4	8	16	32	64	128	256	512	1024	2048	168	291
98	-18.664	33.174	10	11	1	12	1	2	4	8	16	32	64	128	256	512	1024	2048	441	554
99	-67.235	91.064	7	19	1	12	1	2	4	8	16	32	64	128	256	512	1024	2048	321	497
100	28.908	73.689	11	8	1	12	1	2	4	8	16	32	64	128	256	512	1024	2048	460	581
101	44.676	-84.053	9	7	1	12	1	2	4	8	16	32	64	128	256	512	1024	2048	376	500
102	8.477	-9.628	22	19	1	12	1	2	4	8	16	32	64	128	256	512	1024	2048	135	238
103	-60.378	-13.467	23	9	1	12	1	2	4	8	16	32	64	128	256	512	1024	2048	213	306
104	-23.535	-46.021	3	24	1	12	1	2	4	8	16	32	64	128	256	512	1024	2048	217	375
105	16.938	-65.821	2	20	1	12	1	2	4	8	16	32	64	128	256	512	1024	2048	234	368
106	83.435	-63.765	1	6	1	12	1	2	4	8	16	32	64	128	256	512	1024	2048	383	500
107	-60.326	-81.289	2	1	1	12	1	2	4	8	16	32	64	128	256	512	1024	2048	61	227
108	-51.889	-69.908	10	10	1	12	1	2	4	8	16	32	64	128	256	512	1024	2048	357	519
109	-15.767	-87.689	23	15	1	12	1	2	4	8	16	32	64	128	256	512	1024	2048	201	369
110	97.014	54.023	21	2	1	12	1	2	4	8	16	32	64	128	256	512	1024	2048	420	534
111	65.406	-79.043	6	23	1	12	1	2	4	8	16	32	64	128	256	512	1024	2048	414	548
112	-43.499	74.997	9	2	1	12	1	2	4	8	16	32	64	128	256	512	1024	2048	93	246
113	60.211	86.287	12	9	1	12	1	2	4	8	16	32	64	128	256	512	1024	2048	67	223
114	-0.885	-96.702	17	6	1	12	1	2	4	8	16	32	64	128	256	512	1024	2048	126	282
115	37.168	75.667	6	3	1	12	1	2	4	8	16	32	64	128	256	512	1024	2048	211	323
116	-15.723	-86.624	24	17	1	12	1	2	4	8	16	32	64	128	256	512	1024	2048	288	401
117	-11.834	23.295	18	8	1	12	1	2	4	8	16	32	64	128	256	512	1024	2048	309	399
118	-55.227	-43.313	21	13	1	12	1	2	4	8	16	32	64	128	256	512	1024	2048	129	268
119	-47.345	32.97	18	22	1	12	1	2	4	8	16	32	64	128	256	512	1024	2048	265	429
120	-69.543	2.916	9	2	1	12	1	2	4	8	16	32	64	128	256	512	1024	2048	236	416
121	-29.019	40.365	2	9	1	12	1	2	4	8	16	32	64	128	256	512	1024	2048	112	215
122	-2.71	93.995	19	5	1	12	1	2	4	8	16	32	64	128	256	512	1024	2048	347	482
123	-43.454	90.189	17	20	1	12	1	2	4	8	16	32	64	128	256	512	1024	2048	455	590
124	88.091	11.886	8	18	1	12	1	2	4	8	16	32	64	128	256	512	1024	2048	452	581
125	7.563	-98.034	6	4	1	12	1	2	4	8	16	32	64	128	256	512	1024	2048	296	413
126	-54.865	-79.097	13	5	1	12	1	2	4	8	16	32	64	128	256	512	1024	2048	457	558
127	-77.274	-43.105	6	19	1	12	1	2	4	8	16	32	64	128	256	512	1024	2048	478	580
128	-84.757	81.79	18	2	1	12	1	2	4	8	16	32	64	128	256	512	1024	2048	144	323
129	-2.629	-67.495	8	18	1	12	1	2	4	8	16	32	64	128	256	512	1024	2048	470	620
130	50.528	78.183	8	21	1	12	1	2	4	8	16	32	64	128	256	512	1024	2048	180	326
131	37.707	98.965	12	18	1	12	1	2	4	8	16	32	64	128	256	512	1024	2048	100	236
132	-95.286	62.158	22	2	1	12	1	2	4	8	16	32	64	128	256	512	1024	2048	400	543
133	-59.416	-6.597	2	20	1	12	1	2	4	8	16	32	64	128	256	512	1024	2048	213	317
134	13.186	91.277	22	13	1	12	1	2	4	8	16	32	64	128	256	512	1024	2048	415	549
135	-18.092	-60.229	18	13	1	12	1	2	4	8	16	32	64	128	256	512	1024	2048	465	595
136	75.747	12.289	4	14	1	12	1	2	4	8	16	32	64	128	256	512	1024	2048	275	432
137	-84.96	-86.749	18	23	1	12	1	2	4	8	16	32	64	128	256	512	1024	2048	88	213
138	-40.311	-76.732	18	25	1	12	1	2	4	8	16	32	64	128	256	512	1024	2048	231	336
139	97.655	61.4	4	25	1	12	1	2	4	8	16	32	64	128	256	512	1024	2048	447	565
140	-58.494	-74.726	1	20	1	12	1	2	4	8	16	32	64	128	256	512	1024	2048	255	355
141	57.07	84.299	14	15	1	12	1	2	4	8	16	32	64	128	256	512	1024	2048	316	433
142	-76.258	-98.432	13	4	1	12	1	2	4	8	16	32	64	128	256	512	1024	2048	423	556
143	-19.787	-16.937	19	17	1	12	1	2	4	8	16	32	64	128	256	512	1024	2048	316	432
144	-56.943	-91.321	14	5	1	12	1	2	4	8	16	32	64	128	256	512	1024	2048	296	471
145	61.143	-50.147	21	4	1	12	1	2	4	8	16	32	64	128	256	512	1024	2048	478	610
146	41.27	-93.797	22	20	1	12	1	2	4	8	16	32	64	128	256	512	1024	2048	336	502
147	0.765	68.327	13	11	1	12	1	2	4	8	16	32	64	128	256	512	1024	2048	338	479
148	22.652	-12.459	5	5	1	12	1	2	4	8	16	32	64	128	256	512	1024	2048	246	373
149	-49.373	-11.169	5	2	1	12	1	2	4	8	16	32	64	128	256	512	1024	2048	272	437
150	82.417	-12.685	19	3	1	12	1	2	4	8	16	32	64	128	256	512	1024	2048	229	379
151	-44.852	-24.038	24	15	1	12	1	2	4	8	16	32	64	128	256	512	1024	2048	240	401
152	-23.094	-82.944	22	22	1	12	1	2	4	8	16	32	64	128	256	512	1024	2048	84	190
153	-96.489	-68.407	15	2	1	12	1	2	4	8	16	32	64	128	256	512	1024	2048	428	557
154	-0.725	-52.985	9	7	1	12	1	2	4	8	16	32	64	128	256	512	1024	2048	432	548
155	77.578	22.849	4	2	1	12	1	2	4	8	16	32	64	128	256	512	1024	2048	99	236
156	-65.714	0.841	17	22	1	12	1	2	4	8	16	32	64	128	256	512	1024	2048	300	425
157	-53.707	-43.512	10	15	1	12	1	2	4	8	16	32	64	128	256	512	1024	2048	385	481
158	-15.875	-57.184	4	22	1	12	1	2	4	8	16	32	64	128	256	512	1024	2048	297	424
159	-51.839	-70.497	8	14	1	12	1	2	4	8	16	32	64	128	256	512	1024	2048	399	520
160	-98.22	42.876	3	25	1	12	1	2	4	8	16	32	64	128	256	512	1024	2048	69	182
161	-89.776	-62.296	2	7	1	12	1	2	4	8	16	32	64	128	256	512	1024	2048	382	556
162	-81.043	-26.338	10	10	1	12	1	2	4	8	16	32	64	128	256	512	1024	2048	478	655
163	-49.509	-87.155	23	24	1	12	1	2	4	8	16	32	64	128	256	512	1024	2048	466	637
164	-12.5	42.259	23	20	1	12	1	2	4	8	16	32	64	128	256	512	1024	2048	77	219
165	85.553	10.064	13	2	1	12	1	2	4	8	16	32	64	128	256	512	1024	2048	294	406
166	-16.781	-37.596	18	21	1	12	1	2	4	8	16	32	64	128	256	512	1024	2048	67	220
167	-39.146	93.141	24	15	1	12	1	2	4	8	16	32	64	128	256	512	1024	2048	387	516
168	-67.551	-35.844	13	10	1	12	1	2	4	8	16	32	64	128	256	512	1024	2048	118	264
169	28.793	83.633	11	17	1	12	1	2	4	8	16	32	64	128	256	512	1024	2048	398	578
170	-51.802	43.962	21	6	1	12	1	2	4	8	16	32	64	128	256	512	1024	2048	79	257
171	19.754	63.128	17	18	1	12	1	2	4	8	16	32	64	128	256	512	1024	2048	234	371
172	5.154	32.394	1	14	1	12	1	2	4	8	16	32	64	128	256	512	1024	2048	330	429
173	-67.541	90.141	4	16	1	12	1	2	4	8	16	32	64	128	256	512	1024	2048	72	228
174	-76.329	-17.343	8	11	1	12	1	2	4	8	16	32	64	128	256	512	1024	2048	389	485
175	88.549	28.026	4	9	1	12	1	2	4	8	16	32	64	128	256	512	1024	2048	113	263
176	11.451	-67.094	5	6	1	12	1	2	4	8	16	32	64	128	256	512	1024	2048	95	211
177	67.156	-39.168	17	22	1	12	1	2	4	8	16	32	64	128	256	512	1024	2048	79	179
178	74.817	-17.028	20	24	1	12	1	2	4	8	16	32	64	128	256	512	1024	2048	153	271
179	-94.906	-31.706	11	19	1	12	1	2	4	8	16	32	64	128	256	512	1024	2048	236	416
180	69.783	45.476	25	17	1	12	1	2	4	8	16	32	64	128	256	512	1024	2048	382	525
181	-99.324	90.437	3	16	1	12	1	2	4	8	16	32	64	128	256	512	1024	2048	236	390
182	2.646	-18.594	16	7	1	12	1	2	4	8	16	32	64	128	256	512	1024	2048	80	185
183	-98.794	97.084	13	12	1	12	1	2	4	8	16	32	64	128	256	512	1024	2048	259	437
184	-8.744	35.989	16	7	1	12	1	2	4	8	16	32	64	128	256	512	1024	2048	250	392
185	-70.657	-56.623	22	9	1	12	1	2	4	8	16	32	64	128	256	512	1024	2048	369	466
186	-8.899	-70.758	1	16	1	12	1	2	4	8	16	32	64	128	256	512	1024	2048	359	502
187	90.593	91.792	19	1	1	12	1	2	4	8	16	32	64	128	256	512	1024	2048	179	280
188	-69.661	40.475	5	1	1	12	1	2	4	8	16	32	64	128	256	512	1024	2048	67	161
189	35.422	-75.577	20	20	1	12	1	2	4	8	16	32	64	128	256	512	1024	2048	446	606
190	-13.872	52.023	19	3	1	12	1	2	4	8	16	32	64	128	256	512	1024	2048	180	289
191	-80.864	-18.014	15	19	1	12	1	2	4	8	16	32	64	128	256	512	1024	2048	108	214
192	-49.906	62.928	13	8	1	12	1	2	4	8	16	32	64	128	256	512	1024	2048	155	279
193	44.92	-84.784	13	1	1	12	1	2	4	8	16	32	64	128	256	512	1024	2048	223	372
194	-79.066	-41.935	3	2	1	12	1	2	4	8	16	32	64	128	256	512	1024	2048	434	527
195	44.448	-72.234	14	3	1	12	1	2	4	8	16	32	64	128	256	512	1024	2048	68	223
196	-67.918	-43.582	19	6	1	12	1	2	4	8	16	32	64	128	256	512	1024	2048	264	384
197	87.472	70.413	25	7	1	12	1	2	4	8	16	32	64	128	256	512	1024	2048	346	487
198	35.435	-5.409	13	8	1	12	1	2	4	8	16	32	64	128	256	512	1024	2048	296	439
199	78.102	-87.657	6	17	1	12	1	2	4	8	16	32	64	128	256	512	1024	2048	253	382
200	-69.842	-91.787	5	5	1	12	1	2	4	8	16	32	64	128	256	512	1024	2048	215	357
201	86.062	-87.463	14	7	1	12	1	2	4	8	16	32	64	128	256	512	1024	2048	406	561
202	-12.736	-80.323	18	4	1	12	1	2	4	8	16	32	64	128	256	512	1024	2048	377	494
203	-49.366	10.733	1	5	1	12	1	2	4	8	16	32	64	128	256	512	1024	2048	277	370
204	4.337	97.717	1	5	1	12	1	2	4	8	16	32	64	128	256	512	1024	2048	366	494
205	62.209	74.82	8	11	1	12	1	2	4	8	16	32	64	128	256	512	1024	2048	393	512
206	-37.401	95.287	6	23	1	12	1	2	4	8	16	32	64	128	256	512	1024	2048	455	574
207	-31.234	84.347	1	1	1	12	1	2	4	8	16	32	64	128	256	512	1024	2048	142	243
208	75.098	56.919	21	23	1	12	1	2	4	8	16	32	64	128	256	512	1024	2048	134	263
209	-40.335	18.837	21	20	1	12	1	2	4	8	16	32	64	128	256	512	1024	2048	434	580
210	77.002	18.75	25	10	1	12	1	2	4	8	16	32	64	128	256	512	1024	2048	140	306
211	-10.169	59.236	10	3	1	12	1	2	4	8	16	32	64	128	256	512	1024	2048	461	626
212	98.485	-65.939	18	25	1	12	1	2	4	8	16	32	64	128	256	512	1024	2048	421	561
213	-52.459	-11.012	4	10	1	12	1	2	4	8	16	32	64	128	256	512	1024	2048	128	247
214	-21.474	-95.484	11	12	1	12	1	2	4	8	16	32	64	128	256	512	1024	2048	401	577
215	15.295	86.941	24	2	1	12	1	2	4	8	16	32	64	128	256	512	1024	2048	198	317
216	19.363	-72.907	9	5	1	12	1	2	4	8	16	32	64	128	256	512	1024	2048	221	392
217	-30.405	63.795	22	15	1	12	1	2	4	8	16	32	64	128	256	512	1024	2048	142	277
218	58.593	-82.985	23	1	1	12	1	2	4	8	16	32	64	128	256	512	1024	2048	192	334
219	-67.986	16.297	8	4	1	12	1	2	4	8	16	32	64	128	256	512	1024	2048	72	250
220	-31.951	-79.813	7	12	1	12	1	2	4	8	16	32	64	128	256	512	1024	2048	183	302
221	-86.817	97.642	13	9	1	12	1	2	4	8	16	32	64	128	256	512	1024	2048	298	402
222	16.247	-10.061	18	23	1	12	1	2	4	8	16	32	64	128	256	512	1024	2048	317	494
223	-57.99	81.81	6	6	1	12	1	2	4	8	16	32	64	128	256	512	1024	2048	257	357
224	-78.809	40.467	19	16	1	12	1	2	4	8	16	32	64	128	256	512	1024	2048	391	489
225	-86.391	-68.107	22	20	1	12	1	2	4	8	16	32	64	128	256	512	1024	2048	245	402
226	13.192	16.269	11	5	1	12	1	2	4	8	16	32	64	128	256	512	1024	2048	84	210
227	-91.165	48.88	19	24	1	12	1	2	4	8	16	32	64	128	256	512	1024	2048	157	317
228	-15.488	-64.646	1	1	1	12	1	2	4	8	16	32	64	128	256	512	1024	2048	389	479
229	-18.252	65.455	6	18	1	12	1	2	4	8	16	32	64	128	256	512	1024	2048	107	246
230	-67.752	1.392	23	16	1	12	1	2	4	8	16	32	64	128	256	512	1024	2048	365	538
231	-85.39	64.069	17	20	1	12	1	2	4	8	16	32	64	128	256	512	1024	2048	299	395
232	-68.14	79.243	16	4	1	12	1	2	4	8	16	32	64	128	256	512	1024	2048	374	518
233	43.244	75.441	1	3	1	12	1	2	4	8	16	32	64	128	256	512	1024	2048	419	580
234	-53.04	73.969	5	10	1	12	1	2	4	8	16	32	64	128	256	512	1024	2048	304	450
235	34.769	-35.124	4	9	1	12	1	2	4	8	16	32	64	128	256	512	1024	2048	122	267
236	80.289	59.159	23	24	1	12	1	2	4	8	16	32	64	128	256	512	1024	2048	317	426
237	-63.871	63.521	18	22	1	12	1	2	4	8	16	32	64	128	256	512	1024	2048	381	524
238	89.372	87.509	14	9	1	12	1	2	4	8	16	32	64	128	256	512	1024	2048	427	520
239	-0.248	96.123	11	19	1	12	1	2	4	8	16	32	64	128	256	512	1024	2048	363	459
240	55.39	-97.293	4	7	1	12	1	2	4	8	16	32	64	128	256	512	1024	2048	165	298
241	-44.258	-60.83	7	19	1	12	1	2	4	8	16	32	64	128	256	512	1024	2048	220	330
242	41.174	-80.199	6	21	1	12	1	2	4	8	16	32	64	128	256	512	1024	2048	261	421
243	-81.241	25.64	19	2	1	12	1	2	4	8	16	32	64	128	256	512	1024	2048	413	580
244	-89.674	7.85	16	13	1	12	1	2	4	8	16	32	64	128	256	512	1024	2048	104	254
245	-91.676	46.272	18	22	1	12	1	2	4	8	16	32	64	128	256	512	1024	2048	381	555
246	-73.38	-65.62	18	12	1	12	1	2	4	8	16	32	64	128	256	512	1024	2048	348	509
247	-25.887	-60.834	7	9	1	12	1	2	4	8	16	32	64	128	256	512	1024	2048	420	527
248	-76.044	-90.242	23	20	1	12	1	2	4	8	16	32	64	128	256	512	1024	2048	350	466
249	65.403	96.59	25	10	1	12	1	2	4	8	16	32	64	128	256	512	1024	2048	413	577
250	-14.491	79.658	20	1	1	12	1	2	4	8	16	32	64	128	256	512	1024	2048	395	506
251	30.821	-11.012	21	11	1	12	1	2	4	8	16	32	64	128	256	512	1024	2048	114	278
252	79.954	-65.261	16	20	1	12	1	2	4	8	16	32	64	128	256	512	1024	2048	159	296
253	-80.909	99.697	11	5	1	12	1	2	4	8	16	32	64	128	256	512	1024	2048	204	350
254	-61.495	56.748	19	9	1	12	1	2	4	8	16	32	64	128	256	512	1024	2048	467	596
255	91.835	32.607	1	19	1	12	1	2	4	8	16	32	64	128	256	512	1024	2048	235	361
256	-52.159	-46.33	4	4	1	12	1	2	4	8	16	32	64	128	256	512	1024	2048	309	476
257	13.637	-77.285	19	13	1	12	1	2	4	8	16	32	64	128	256	512	1024	2048	334	425
258	33.86	-56.973	22	15	1	12	1	2	4	8	16	32	64	128	256	512	1024	2048	105	211
259	-91.274	15.887	13	22	1	12	1	2	4	8	16	32	64	128	256	512	1024	2048	210	300
260	3.389	46.365	21	11	1	12	1	2	4	8	16	32	64	128	256	512	1024	2048	222	346
261	-56.96	87.374	19	11	1	12	1	2	4	8	16	32	64	128	256	512	1024	2048	97	249
262	69.748	5.51	10	2	1	12	1	2	4	8	16	32	64	128	256	512	1024	2048	480	622
263	80.282	-29.594	22	4	1	12	1	2	4	8	16	32	64	128	256	512	1024	2048	297	393
264	22.879	-8.667	19	16	1	12	1	2	4	8	16	32	64	128	256	512	1024	2048	62	190
265	-98.36	-5.213	3	3	1	12	1	2	4	8	16	32	64	128	256	512	1024	2048	425	591
266	-92.319	17.497	20	9	1	12	1	2	4	8	16	32	64	128	256	512	1024	2048	239	390
267	-64.001	-25.659	22	6	1	12	1	2	4	8	16	32	64	128	256	512	1024	2048	252	379
268	5.152	53.556	11	19	1	12	1	2	4	8	16	32	64	128	256	512	1024	2048	133	266
269	24.457	-81.058	16	7	1	12	1	2	4	8	16	32	64	128	256	512	1024	2048	118	278
270	87.985	35.007	9	20	1	12	1	2	4	8	16	32	64	128	256	512	1024	2048	450	561
271	75.092	-28.896	14	14	1	12	1	2	4	8	16	32	64	128	256	512	1024	2048	338	516
272	-49.666	-43.556	25	20	1	12	1	2	4	8	16	32	64	128	256	512	1024	2048	277	430
273	-31.422	84.764	6	2	1	12	1	2	4	8	16	32	64	128	256	512	1024	2048	300	396
274	20.193	-14.287	8	20	1	12	1	2	4	8	16	32	64	128	256	512	1024	2048	244	374
275	-89.661	85.251	22	8	1	12	1	2	4	8	16	32	64	128	256	512	1024	2048	293	440
276	93.359	17.904	16	10	1	12	1	2	4	8	16	32	64	128	256	512	1024	2048	200	358
277	57.392	39.208	12	6	1	12	1	2	4	8	16	32	64	128	256	512	1024	2048	472	629
278	-71.557	-36.715	4	7	1	12	1	2	4	8	16	32	64	128	256	512	1024	2048	413	563
279	-14.524	89.167	12	2	1	12	1	2	4	8	16	32	64	128	256	512	1024	2048	284	410
280	8.039	53.054	24	15	1	12	1	2	4	8	16	32	64	128	256	512	1024	2048	370	540
281	-98.054	-62.054	22	25	1	12	1	2	4	8	16	32	64	128	256	512	1024	2048	345	470
282	-18.945	-64.643	22	25	1	12	1	2	4	8	16	32	64	128	256	512	1024	2048	224	326
283	-54.479	-87.044	7	11	1	12	1	2	4	8	16	32	64	128	256	512	1024	2048	312	430
284	-26.151	-94.12	4	11	1	12	1	2	4	8	16	32	64	128	256	512	1024	2048	74	227
285	41.159	-70.376	11	8	1	12	1	2	4	8	16	32	64	128	256	512	1024	2048	78	231
286	-8.113	45.164	11	2	1	12	1	2	4	8	16	32	64	128	256	512	1024	2048	476	573
287	5.719	-69.297	2	19	1	12	1	2	4	8	16	32	64	128	256	512	1024	2048	381	542
288	16.737	13.999	14	12	1	12	1	2	4	8	16	32	64	128	256	512	1024	2048	102	210
289	-68.07	-37.383	17	20	1	12	1	2	4	8	16	32	64	128	256	512	1024	2048	435	561
290	90.854	-12.755	1	12	1	12	1	2	4	8	16	32	64	128	256	512	1024	2048	127	251
291	82.599	56.945	16	6	1	12	1	2	4	8	16	32	64	128	256	512	1024	2048	106	242
292	-73.608	53.311	3	18	1	12	1	2	4	8	16	32	64	128	256	512	1024	2048	313	413
293	86.904	51.033	2	25	1	12	1	2	4	8	16	32	64	128	256	512	1024	2048	183	322
294	-38.314	-2.919	18	14	1	12	1	2	4	8	16	32	64	128	256	512	1024	2048	395	567
295	-31.951	90.2	6	7	1	12	1	2	4	8	16	32	64	128	256	512	1024	2048	312	405
296	-66.08	92.757	5	6	1	12	1	2	4	8	16	32	64	128	256	512	1024	2048	223	324
297	-61	-76.207	19	13	1	12	1	2	4	8	16	32	64	128	256	512	1024	2048	475	636
298	-70.4	51.207	12	20	1	12	1	2	4	8	16	32	64	128	256	512	1024	2048	188	313
299	-45.384	-37.226	21	12	1	12	1	2	4	8	16	32	64	128	256	512	1024	2048	344	520
300	0.891	14.371	19	12	1	12	1	2	4	8	16	32	64	128	256	512	1024	2048	232	336
301	-50.982	-0.558	8	25	1	12	1	2	4	8	16	32	64	128	256	512	1024	2048	187	307
302	-86.846	-40.739	21	4	1	12	1	2	4	8	16	32	64	128	256	512	1024	2048	63	162
303	-56.905	-90.4	21	20	1	12	1	2	4	8	16	32	64	128	256	512	1024	2048	117	274
304	-98.436	60.291	25	3	1	12	1	2	4	8	16	32	64	128	256	512	1024	2048	363	534
305	16.876	-25.749	1	4	1	12	1	2	4	8	16	32	64	128	256	512	1024	2048	109	266
306	-76.032	-6.08	13	23	1	12	1	2	4	8	16	32	64	128	256	512	1024	2048	285	385
307	58.256	70.29	11	3	1	12	1	2	4	8	16	32	64	128	256	512	1024	2048	282	439
308	-43.192	94.758	20	21	1	12	1	2	4	8	16	32	64	128	256	512	1024	2048	435	578
309	-80.935	-67.892	13	15	1	12	1	2	4	8	16	32	64	128	256	512	1024	2048	471	607
310	48.066	-82.159	4	9	1	12	1	2	4	8	16	32	64	128	256	512	1024	2048	179	274
311	23.805	22.964	4	17	1	12	1	2	4	8	16	32	64	128	256	512	1024	2048	239	403
312	-25.54	84.101	10	13	1	12	1	2	4	8	16	32	64	128	256	512	1024	2048	359	454
313	90.076	23.883	13	9	1	12	1	2	4	8	16	32	64	128	256	512	1024	2048	260	405
314	-49.712	76.162	8	7	1	12	1	2	4	8	16	32	64	128	256	512	1024	2048	297	408
315	-74.976	16.511	11	4	1	12	1	2	4	8	16	32	64	128	256	512	1024	2048	184	352
316	9.806	-64.46	14	4	1	12	1	2	4	8	16	32	64	128	256	512	1024	2048	476	571
317	-39.537	17.082	12	17	1	12	1	2	4	8	16	32	64	128	256	512	1024	2048	368	467
318	-0.326	21.885	23	18	1	12	1	2	4	8	16	32	64	128	256	512	1024	2048	405	554
319	55.316	-50.975	9	19	1	12	1	2	4	8	16	32	64	128	256	512	1024	2048	223	346
320	54.429	-37.561	19	5	1	12	1	2	4	8	16	32	64	128	256	512	1024	2048	423	599
321	-73.911	29.639	1	16	1	12	1	2	4	8	16	32	64	128	256	512	1024	2048	310	451
322	35.748	-82.187	9	14	1	12	1	2	4	8	16	32	64	128	256	512	1024	2048	479	573
323	58.624	36.732	19	13	1	12	1	2	4	8	16	32	64	128	256	512	1024	2048	107	226
324	-97.904	-67.77	11	8	1	12	1	2	4	8	16	32	64	128	256	512	1024	2048	467	631
325	82.049	11.889	10	12	1	12	1	2	4	8	16	32	64	128	256	512	1024	2048	250	390
326	27.552	-71.304	6	7	1	12	1	2	4	8	16	32	64	128	256	512	1024	2048	139	234
327	-68.397	26.445	2	18	1	12	1	2	4	8	16	32	64	128	256	512	1024	2048	66	208
328	-1.506	26.509	3	8	1	12	1	2	4	8	16	32	64	128	256	512	1024	2048	310	489
329	18.466	-52.826	16	25	1	12	1	2	4	8	16	32	64	128	256	512	1024	2048	398	538
330	-17.836	83.8	4	7	1	12	1	2	4	8	16	32	64	128	256	512	1024	2048	251	411
331	78.547	30.537	2	6	1	12	1	2	4	8	16	32	64	128	256	512	1024	2048	335	480
332	-81.505	79.09	20	21	1	12	1	2	4	8	16	32	64	128	256	512	1024	2048	204	331
333	-81.554	74.666	12	3	1	12	1	2	4	8	16	32	64	128	256	512	1024	2048	179	300
334	-47.398	-83.47	4	20	1	12	1	2	4	8	16	32	64	128	256	512	1024	2048	204	339
335	-2.507	-72.084	15	14	1	12	1	2	4	8	16	32	64	128	256	512	1024	2048	69	196
336	-16.36	99.113	11	12	1	12	1	2	4	8	16	32	64	128	256	512	1024	2048	134	247
337	-49.633	-42.145	20	10	1	12	1	2	4	8	16	32	64	128	256	512	1024	2048	426	529
338	77.193	-90.581	4	17	1	12	1	2	4	8	16	32	64	128	256	512	1024	2048	293	458
339	-37.834	-84.422	12	23	1	12	1	2	4	8	16	32	64	128	256	512	1024	2048	200	351
340	74.247	-48.119	4	19	1	12	1	2	4	8	16	32	64	128	256	512	1024	2048	80	218
341	16.36	-18.325	14	3	1	12	1	2	4	8	16	32	64	128	256	512	1024	2048	442	539
342	73.656	-39.008	17	13	1	12	1	2	4	8	16	32	64	128	256	512	1024	2048	205	363
343	-21.892	84.581	9	7	1	12	1	2	4	8	16	32	64	128	256	512	1024	2048	427	554
344	-11.789	-18.976	10	7	1	12	1	2	4	8	16	32	64	128	256	512	1024	2048	271	444
345	-16.962	43.168	11	10	1	12	1	2	4	8	16	32	64	128	256	512	1024	2048	328	474
346	-83.289	-56.239	9	19	1	12	1	2	4	8	16	32	64	128	256	512	1024	2048	370	476
347	67.037	4.975	23	2	1	12	1	2	4	8	16	32	64	128	256	512	1024	2048	173	317
348	-29.358	-85.877	25	1	1	12	1	2	4	8	16	32	64	128	256	512	1024	2048	476	621
349	-57.893	-88.917	25	19	1	12	1	2	4	8	16	32	64	128	256	512	1024	2048	323	463
350	-88.691	4.523	16	19	1	12	1	2	4	8	16	32	64	128	256	512	1024	2048	392	548
351	49.394	1.532	23	13	1	12	1	2	4	8	16	32	64	128	256	512	1024	2048	237	385
352	1.442	-23.599	7	10	1	12	1	2	4	8	16	32	64	128	256	512	1024	2048	87	242
353	19.846	-31.792	5	17	1	12	1	2	4	8	16	32	64	128	256	512	1024	2048	289	458
354	-81.837	67.918	18	10	1	12	1	2	4	8	16	32	64	128	256	512	1024	2048	94	263
355	57.841	10.655	11	18	1	12	1	2	4	8	16	32	64	128	256	512	1024	2048	389	493
356	-61.91	6.282	10	3	1	12	1	2	4	8	16	32	64	128	256	512	1024	2048	273	385
357	0.556	-36.577	13	12	1	12	1	2	4	8	16	32	64	128	256	512	1024	2048	290	443
358	-61.624	38.528	6	7	1	12	1	2	4	8	16	32	64	128	256	512	1024	2048	391	541
359	-38.309	-90.507	7	9	1	12	1	2	4	8	16	32	64	128	256	512	1024	2048	123	217
360	-98.35	-91.793	18	20	1	12	1	2	4	8	16	32	64	128	256	512	1024	2048	303	415
361	17.601	-11.336	1	20	1	12	1	2	4	8	16	32	64	128	256	512	1024	2048	477	653
362	87.995	8.526	12	21	1	12	1	2	4	8	16	32	64	128	256	512	1024	2048	91	261
363	-82.823	-57.76	6	15	1	12	1	2	4	8	16	32	64	128	256	512	1024	2048	125	295
364	43.5	-44.233	4	7	1	12	1	2	4	8	16	32	64	128	256	512	1024	2048	449	560
365	-85.31	-22.107	23	22	1	12	1	2	4	8	16	32	64	128	256	512	1024	2048	86	229
366	-99.301	-33.313	7	19	1	12	1	2	4	8	16	32	64	128	256	512	1024	2048	250	421
367	-3.536	52.261	9	16	1	12	1	2	4	8	16	32	64	128	256	512	1024	2048	268	399
368	-31.742	61.593	22	21	1	12	1	2	4	8	16	32	64	128	256	512	1024	2048	160	305
369	-69.25	84.881	3	4	1	12	1	2	4	8	16	32	64	128	256	512	1024	2048	443	538
370	2.1	-20.161	3	20	1	12	1	2	4	8	16	32	64	128	256	512	1024	2048	220	356
371	97.266	14.248	15	3	1	12	1	2	4	8	16	32	64	128	256	512	1024	2048	147	273
372	-13.831	-90.172	16	24	1	12	1	2	4	8	16	32	64	128	256	512	1024	2048	173	303
373	60.366	-70.903	24	2	1	12	1	2	4	8	16	32	64	128	256	512	1024	2048	449	539
374	51.401	-9.408	25	13	1	12	1	2	4	8	16	32	64	128	256	512	1024	2048	262	417
375	83.059	63.785	16	25	1	12	1	2	4	8	16	32	64	128	256	512	1024	2048	171	286
376	50.318	-50.419	9	20	1	12	1	2	4	8	16	32	64	128	256	512	1024	2048	395	505
377	67.298	73.711	1	17	1	12	1	2	4	8	16	32	64	128	256	512	1024	2048	465	570
378	29.476	-18.334	4	23	1	12	1	2	4	8	16	32	64	128	256	512	1024	2048	429	584
379	-56.177	48.002	14	5	1	12	1	2	4	8	16	32	64	128	256	512	1024	2048	373	520
380	-73.613	-23.673	15	1	1	12	1	2	4	8	16	32	64	128	256	512	1024	2048	126	302
381	49.143	-59.275	5	4	1	12	1	2	4	8	16	32	64	128	256	512	1024	2048	200	291
382	37.508	99.189	7	9	1	12	1	2	4	8	16	32	64	128	256	512	1024	2048	345	437
383	55.565	89.13	1	7	1	12	1	2	4	8	16	32	64	128	256	512	1024	2048	182	296
384	-37.53	52.127	1	13	1	12	1	2	4	8	16	32	64	128	256	512	1024	2048	473	629
385	-41.782	80.566	4	2	1	12	1	2	4	8	16	32	64	128	256	512	1024	2048	270	423
386	-67.887	-47.081	25	9	1	12	1	2	4	8	16	32	64	128	256	512	1024	2048	162	288
387	-71.875	64.92	2	6	1	12	1	2	4	8	16	32	64	128	256	512	1024	2048	281	426
388	30.537	16.541	25	4	1	12	1	2	4	8	16	32	64	128	256	512	1024	2048	192	361
389	5.429	-36.924	20	4	1	12	1	2	4	8	16	32	64	128	256	512	1024	2048	137	295
390	-19.466	-94.773	5	23	1	12	1	2	4	8	16	32	64	128	256	512	1024	2048	377	487
391	94.995	37.283	15	25	1	12	1	2	4	8	16	32	64	128	256	512	1024	2048	208	332
392	-59.284	-51.669	3	24	1	12	1	2	4	8	16	32	64	128	256	512	1024	2048	310	457
393	83.677	-37.87	14	20	1	12	1	2	4	8	16	32	64	128	256	512	1024	2048	462	600
394	-31.282	76.958	6	18	1	12	1	2	4	8	16	32	64	128	256	512	1024	2048	262	406
395	-21.775	-62.707	20	24	1	12	1	2	4	8	16	32	64	128	256	512	1024	2048	142	261
396	-38.303	79.185	6	8	1	12	1	2	4	8	16	32	64	128	256	512	1024	2048	218	378
397	-65.405	-2.976	15	18	1	12	1	2	4	8	16	32	64	128	256	512	1024	2048	199	306
398	-42.148	-93.52	17	2	1	12	1	2	4	8	16	32	64	128	256	512	1024	2048	247	422
399	-45.922	64.594	15	24	1	12	1	2	4	8	16	32	64	128	256	512	1024	2048	268	410
400	39.221	-92.221	1	9	1	12	1	2	4	8	16	32	64	128	256	512	1024	2048	254	381
401	-16.407	-25.092	3	2	1	12	1	2	4	8	16	32	64	128	256	512	1024	2048	361	504
402	-88.039	99.59	2	8	1	12	1	2	4	8	16	32	64	128	256	512	1024	2048	126	260
403	44.941	-83.928	22	24	1	12	1	2	4	8	16	32	64	128	256	512	1024	2048	126	252
404	11.889	29.626	24	10	1	12	1	2	4	8	16	32	64	128	256	512	1024	2048	313	407
405	-87.778	-31.8	9	5	1	12	1	2	4	8	16	32	64	128	256	512	1024	2048	289	458
406	-23.326	-49.252	5	4	1	12	1	2	4	8	16	32	64	128	256	512	1024	2048	344	467
407	44.533	15.419	11	20	1	12	1	2	4	8	16	32	64	128	256	512	1024	2048	124	214
408	77.683	56.199	15	8	1	12	1	2	4	8	16	32	64	128	256	512	1024	2048	343	461
409	-99.186	69.319	6	24	1	12	1	2	4	8	16	32	64	128	256	512	1024	2048	336	438
410	70.024	-10.589	17	18	1	12	1	2	4	8	16	32	64	128	256	512	1024	2048	137	292
411	-10.537	-8.642	3	16	1	12	1	2	4	8	16	32	64	128	256	512	1024	2048	231	365
412	5.848	4.905	22	20	1	12	1	2	4	8	16	32	64	128	256	512	1024	2048	129	284
413	-82.654	41.072	19	15	1	12	1	2	4	8	16	32	64	128	256	512	1024	2048	184	341
414	-27.619	-79.653	6	16	1	12	1	2	4	8	16	32	64	128	256	512	1024	2048	93	210
415	70.688	27.688	25	13	1	12	1	2	4	8	16	32	64	128	256	512	1024	2048	332	478
416	-37.749	-28.9	7	2	1	12	1	2	4	8	16	32	64	128	256	512	1024	2048	114	278
417	68.157	66.833	18	4	1	12	1	2	4	8	16	32	64	128	256	512	1024	2048	141	320
418	-77.422	71.717	13	14	1	12	1	2	4	8	16	32	64	128	256	512	1024	2048	150	240
419	71.045	71.232	17	19	1	12	1	2	4	8	16	32	64	128	256	512	1024	2048	218	370
420	-19.769	39.49	19	7	1	12	1	2	4	8	16	32	64	128	256	512	1024	2048	277	384
421	-92.568	-64.347	22	12	1	12	1	2	4	8	16	32	64	128	256	512	1024	2048	213	382
422	22.94	-97.178	22	20	1	12	1	2	4	8	16	32	64	128	256	512	1024	2048	265	385
423	-96.173	8.074	2	7	1	12	1	2	4	8	16	32	64	128	256	512	1024	2048	265	409
424	17.682	-69.748	3	9	1	12	1	2	4	8	16	32	64	128	256	512	1024	2048	238	397
425	-57.768	39.715	5	11	1	12	1	2	4	8	16	32	64	128	256	512	1024	2048	161	261
426	-43.472	-70.011	20	25	1	12	1	2	4	8	16	32	64	128	256	512	1024	2048	324	450
427	76.019	-94.839	16	9	1	12	1	2	4	8	16	32	64	128	256	512	1024	2048	443	617
428	-63.408	-32.63	9	11	1	12	1	2	4	8	16	32	64	128	256	512	1024	2048	172	344
429	-27.557	30.459	20	7	1	12	1	2	4	8	16	32	64	128	256	512	1024	2048	204	332
430	-99.622	-10.417	2	9	1	12	1	2	4	8	16	32	64	128	256	512	1024	2048	137	243
431	-96.408	-90.976	9	8	1	12	1	2	4	8	16	32	64	128	256	512	1024	2048	365	475
432	75.591	33.895	6	4	1	12	1	2	4	8	16	32	64	128	256	512	1024	2048	172	301
433	-97.661	-68.98	21	18	1	12	1	2	4	8	16	32	64	128	256	512	1024	2048	156	275
434	78.338	95.216	7	23	1	12	1	2	4	8	16	32	64	128	256	512	1024	2048	219	358
435	64.916	75.631	25	1	1	12	1	2	4	8	16	32	64	128	256	512	1024	2048	81	209
436	-97.571	40.149	6	16	1	12	1	2	4	8	16	32	64	128	256	512	1024	2048	111	268
437	-41.943	75.364	14	2	1	12	1	2	4	8	16	32	64	128	256	512	1024	2048	479	620
438	-93.925	11.645	3	9	1	12	1	2	4	8	16	32	64	128	256	512	1024	2048	146	237
439	56.102	-95.681	13	22	1	12	1	2	4	8	16	32	64	128	256	512	1024	2048	155	282
440	16.477	-25.814	18	20	1	12	1	2	4	8	16	32	64	128	256	512	1024	2048	151	258
441	-42.382	76.447	23	9	1	12	1	2	4	8	16	32	64	128	256	512	1024	2048	287	385
442	-44.745	78.318	11	20	1	12	1	2	4	8	16	32	64	128	256	512	1024	2048	111	276
443	-70.17	-50.321	18	6	1	12	1	2	4	8	16	32	64	128	256	512	1024	2048	302	438
444	43.628	6.119	5	23	1	12	1	2	4	8	16	32	64	128	256	512	1024	2048	309	474
445	55.957	-58.153	11	6	1	12	1	2	4	8	16	32	64	128	256	512	1024	2048	114	241
446	20.394	34.159	24	8	1	12	1	2	4	8	16	32	64	128	256	512	1024	2048	80	173
447	-80.586	-94.243	14	13	1	12	1	2	4	8	16	32	64	128	256	512	1024	2048	106	268
448	-72.56	99.292	2	18	1	12	1	2	4	8	16	32	64	128	256	512	1024	2048	113	273
449	88.007	15.369	13	4	1	12	1	2	4	8	16	32	64	128	256	512	1024	2048	155	271
450	-48.437	-54.38	12	14	1	12	1	2	4	8	16	32	64	128	256	512	1024	2048	434	557
451	-99.368	18.267	17	16	1	12	1	2	4	8	16	32	64	128	256	512	1024	2048	108	255
452	28.532	-88.483	22	13	1	12	1	2	4	8	16	32	64	128	256	512	1024	2048	137	251
453	98.434	-83.286	12	15	1	12	1	2	4	8	16	32	64	128	256	512	1024	2048	355	525
454	-92.193	-55.04	20	2	1	12	1	2	4	8	16	32	64	128	256	512	1024	2048	353	446
455	-1.879	36.763	7	11	1	12	1	2	4	8	16	32	64	128	256	512	1024	2048	362	502
456	68.398	33.017	15	16	1	12	1	2	4	8	16	32	64	128	256	512	1024	2048	284	438
457	-59.529	76.935	2	20	1	12	1	2	4	8	16	32	64	128	256	512	1024	2048	363	527
458	-76.104	59.656	7	12	1	12	1	2	4	8	16	32	64	128	256	512	1024	2048	69	184
459	-80.412	18.087	13	2	1	12	1	2	4	8	16	32	64	128	256	512	1024	2048	328	475
460	30.871	-61.571	17	4	1	12	1	2	4	8	16	32	64	128	256	512	1024	2048	215	364
461	88.587	96.736	13	1	1	12	1	2	4	8	16	32	64	128	256	512	1024	2048	261	390
462	7.128	81.991	19	3	1	12	1	2	4	8	16	32	64	128	256	512	1024	2048	144	271
463	-90.995	-67.043	8	12	1	12	1	2	4	8	16	32	64	128	256	512	1024	2048	387	502
464	-4.581	57.715	21	22	1	12	1	2	4	8	16	32	64	128	256	512	1024	2048	464	588
465	-89.568	97.849	17	24	1	12	1	2	4	8	16	32	64	128	256	512	1024	2048	280	440
466	23.934	8.48	7	9	1	12	1	2	4	8	16	32	64	128	256	512	1024	2048	304	465
467	90.895	44.75	17	6	1	12	1	2	4	8	16	32	64	128	256	512	1024	2048	354	511
468	53.032	-15.794	20	7	1	12	1	2	4	8	16	32	64	128	256	512	1024	2048	251	365
469	-94.632	-37.316	22	11	1	12	1	2	4	8	16	32	64	128	256	512	1024	2048	125	286
470	83.173	0.908	14	21	1	12	1	2	4	8	16	32	64	128	256	512	1024	2048	75	254
471	-69.111	28.013	15	7	1	12	1	2	4	8	16	32	64	128	256	512	1024	2048	154	271
472	-25.602	-82.965	6	16	1	12	1	2	4	8	16	32	64	128	256	512	1024	2048	410	590
473	81.065	92.421	14	23	1	12	1	2	4	8	16	32	64	128	256	512	1024	2048	411	511
474	-60.961	57.279	14	15	1	12	1	2	4	8	16	32	64	128	256	512	1024	2048	160	316
475	-7.482	97.751	16	18	1	12	1	2	4	8	16	32	64	128	256	512	1024	2048	198	343
476	-13.912	-57.282	23	6	1	12	1	2	4	8	16	32	64	128	256	512	1024	2048	207	330
477	-34.426	-48.883	19	17	1	12	1	2	4	8	16	32	64	128	256	512	1024	2048	220	342
478	52.381	47.645	24	19	1	12	1	2	4	8	16	32	64	128	256	512	1024	2048	245	407
479	-38.001	3.211	12	16	1	12	1	2	4	8	16	32	64	128	256	512	1024	2048	300	431
480	-83.29	-97.839	19	19	1	12	1	2	4	8	16	32	64	128	256	512	1024	2048	200	308
481	76.956	-87.147	25	8	1	12	1	2	4	8	16	32	64	128	256	512	1024	2048	475	580
482	71.79	-23.471	13	5	1	12	1	2	4	8	16	32	64	128	256	512	1024	2048	428	537
483	-18.26	67.64	12	13	1	12	1	2	4	8	16	32	64	128	256	512	1024	2048	398	524
484	-45.884	82.377	25	1	1	12	1	2	4	8	16	32	64	128	256	512	1024	2048	386	531
485	45.182	-13.815	7	15	1	12	1	2	4	8	16	32	64	128	256	512	1024	2048	95	221
486	-16.579	-91.529	25	10	1	12	1	2	4	8	16	32	64	128	256	512	1024	2048	464	595
487	79.309	-48.181	5	21	1	12	1	2	4	8	16	32	64	128	256	512	1024	2048	452	559
488	-22.648	-80.734	8	3	1	12	1	2	4	8	16	32	64	128	256	512	1024	2048	433	541
489	48.55	-77.742	9	15	1	12	1	2	4	8	16	32	64	128	256	512	1024	2048	460	599
490	66.838	44.888	8	21	1	12	1	2	4	8	16	32	64	128	256	512	1024	2048	87	208
491	-84.768	-79.497	2	7	1	12	1	2	4	8	16	32	64	128	256	512	1024	2048	390	507
492	-52.882	42.124	1	5	1	12	1	2	4	8	16	32	64	128	256	512	1024	2048	386	537
493	91.457	8.581	17	22	1	12	1	2	4	8	16	32	64	128	256	512	1024	2048	139	277
494	-70.771	44.683	9	19	1	12	1	2	4	8	16	32	64	128	256	512	1024	2048	430	565
495	-38.296	70.884	25	22	1	12	1	2	4	8	16	32	64	128	256	512	1024	2048	86	212
496	78.806	77.5	14	18	1	12	1	2	4	8	16	32	64	128	256	512	1024	2048	205	295
497	-17.485	-94.26	3	7	1	12	1	2	4	8	16	32	64	128	256	512	1024	2048	169	277
498	3.023	31.798	17	10	1	12	1	2	4	8	16	32	64	128	256	512	1024	2048	182	281
499	16.812	-55.327	22	8	1	12	1	2	4	8	16	32	64	128	256	512	1024	2048	408	569
500	25.24	-84.17	25	7	1	12	1	2	4	8	16	32	64	128	256	512	1024	2048	385	496
501	-82.696	-57.59	25	3	1	12	1	2	4	8	16	32	64	128	256	512	1024	2048	301	443
502	-27.46	61.856	11	12	1	12	1	2	4	8	16	32	64	128	256	512	1024	2048	71	226
503	-86.587	80.24	4	6	1	12	1	2	4	8	16	32	64	128	256	512	1024	2048	344	504
504	-34.357	20.982	12	15	1	12	1	2	4	8	16	32	64	128	256	512	1024	2048	190	354
505	95.827	-61.133	17	14	1	12	1	2	4	8	16	32	64	128	256	512	1024	2048	478	594
506	-85.297	79.473	13	3	1	12	1	2	4	8	16	32	64	128	256	512	1024	2048	103	245
507	13.355	-27.539	10	9	1	12	1	2	4	8	16	32	64	128	256	512	1024	2048	207	356
508	-96.872	35.735	16	17	1	12	1	2	4	8	16	32	64	128	256	512	1024	2048	368	535
509	-62.539	45.069	6	21	1	12	1	2	4	8	16	32	64	128	256	512	1024	2048	98	211
510	92.63	-37.475	5	11	1	12	1	2	4	8	16	32	64	128	256	512	1024	2048	104	265
511	-69.398	32.868	8	25	1	12	1	2	4	8	16	32	64	128	256	512	1024	2048	106	238
512	43.035	78.401	6	2	1	12	1	2	4	8	16	32	64	128	256	512	1024	2048	166	316
513	-78.774	-97.845	18	21	1	12	1	2	4	8	16	32	64	128	256	512	1024	2048	282	390
514	63.122	-28.211	17	5	1	12	1	2	4	8	16	32	64	128	256	512	1024	2048	438	614
515	-50.127	-7.132	17	17	1	12	1	2	4	8	16	32	64	128	256	512	1024	2048	234	411
516	67.502	-4.767	20	5	1	12	1	2	4	8	16	32	64	128	256	512	1024	2048	84	238
517	87.95	68.081	2	12	1	12	1	2	4	8	16	32	64	128	256	512	1024	2048	62	234
518	77.513	37.872	7	6	1	12	1	2	4	8	16	32	64	128	256	512	1024	2048	212	309
519	-30.657	-37.889	11	9	1	12	1	2	4	8	16	32	64	128	256	512	1024	2048	185	327
520	-32.922	-57.05	11	11	1	12	1	2	4	8	16	32	64	128	256	512	1024	2048	118	283
521	-88.654	67.289	24	20	1	12	1	2	4	8	16	32	64	128	256	512	1024	2048	384	494
522	-70.256	81.637	21	21	1	12	1	2	4	8	16	32	64	128	256	512	1024	2048	78	180
523	78.346	73.703	23	2	1	12	1	2	4	8	16	32	64	128	256	512	1024	2048	66	162
524	-84.333	-80.772	13	12	1	12	1	2	4	8	16	32	64	128	256	512	1024	2048	64	171
525	-36.57	-23.585	13	21	1	12	1	2	4	8	16	32	64	128	256	512	1024	2048	468	602
526	-3.343	96.136	21	6	1	12	1	2	4	8	16	32	64	128	256	512	1024	2048	400	521
527	-27.868	27.847	21	24	1	12	1	2	4	8	16	32	64	128	256	512	1024	2048	289	467
528	22.987	11.002	7	24	1	12	1	2	4	8	16	32	64	128	256	512	1024	2048	218	336
529	-40.126	83.374	1	18	1	12	1	2	4	8	16	32	64	128	256	512	1024	2048	156	333
530	93.385	-75.927	21	22	1	12	1	2	4	8	16	32	64	128	256	512	1024	2048	351	445
531	-70.184	-69.884	23	12	1	12	1	2	4	8	16	32	64	128	256	512	1024	2048	298	444
532	-76.195	78.467	15	15	1	12	1	2	4	8	16	32	64	128	256	512	1024	2048	129	263
533	-70.312	-96.751	25	21	1	12	1	2	4	8	16	32	64	128	256	512	1024	2048	375	541
534	-17.638	95.431	5	11	1	12	1	2	4	8	16	32	64	128	256	512	1024	2048	346	508
535	-89.402	6.426	20	17	1	12	1	2	4	8	16	32	64	128	256	512	1024	2048	345	469
536	92.973	27.36	14	15	1	12	1	2	4	8	16	32	64	128	256	512	1024	2048	114	282
537	53.399	-12.485	3	13	1	12	1	2	4	8	16	32	64	128	256	512	1024	2048	444	550
538	-97.435	-41.61	3	12	1	12	1	2	4	8	16	32	64	128	256	512	1024	2048	185	303
539	-49.654	-55.233	2	23	1	12	1	2	4	8	16	32	64	128	256	512	1024	2048	204	323
540	-11.199	-83.05	2	20	1	12	1	2	4	8	16	32	64	128	256	512	1024	2048	441	611
541	-82.244	-83.4	8	1	1	12	1	2	4	8	16	32	64	128	256	512	1024	2048	139	269
542	-26.095	57.655	7	20	1	12	1	2	4	8	16	32	64	128	256	512	1024	2048	231	399
543	-49.244	93.869	9	1	1	12	1	2	4	8	16	32	64	128	256	512	1024	2048	437	615
544	-54.417	55.83	6	15	1	12	1	2	4	8	16	32	64	128	256	512	1024	2048	212	382
545	53.013	-63.241	8	19	1	12	1	2	4	8	16	32	64	128	256	512	1024	2048	476	596
546	51.548	90.756	20	8	1	12	1	2	4	8	16	32	64	128	256	512	1024	2048	156	318
547	-83.565	84.086	18	23	1	12	1	2	4	8	16	32	64	128	256	512	1024	2048	175	321
548	-80.13	3.963	8	13	1	12	1	2	4	8	16	32	64	128	256	512	1024	2048	350	502
549	-91.688	14.637	16	18	1	12	1	2	4	8	16	32	64	128	256	512	1024	2048	375	481
550	-55.77	18.579	12	22	1	12	1	2	4	8	16	32	64	128	256	512	1024	2048	293	408
551	73.503	91.074	14	9	1	12	1	2	4	8	16	32	64	128	256	512	1024	2048	276	434
552	72.24	56.12	3	18	1	12	1	2	4	8	16	32	64	128	256	512	1024	2048	354	471
553	-45.032	42.513	7	14	1	12	1	2	4	8	16	32	64	128	256	512	1024	2048	244	399
554	30.536	-85.699	15	1	1	12	1	2	4	8	16	32	64	128	256	512	1024	2048	233	393
555	65.113	87.452	21	25	1	12	1	2	4	8	16	32	64	128	256	512	1024	2048	160	257
556	26.49	-78.842	24	25	1	12	1	2	4	8	16	32	64	128	256	512	1024	2048	395	547
557	-22.337	42.121	24	17	1	12	1	2	4	8	16	32	64	128	256	512	1024	2048	276	389
558	84.538	-60.209	8	16	1	12	1	2	4	8	16	32	64	128	256	512	1024	2048	127	239
559	50.983	93.897	11	24	1	12	1	2	4	8	16	32	64	128	256	512	1024	2048	245	345
560	67.771	-41.162	2	14	1	12	1	2	4	8	16	32	64	128	256	512	1024	2048	129	225
561	-10.946	-81.136	1	16	1	12	1	2	4	8	16	32	64	128	256	512	1024	2048	229	387
562	88.799	4.174	17	25	1	12	1	2	4	8	16	32	64	128	256	512	1024	2048	472	634
563	95.111	84.526	19	25	1	12	1	2	4	8	16	32	64	128	256	512	1024	2048	188	329
564	-15.398	70.27	6	4	1	12	1	2	4	8	16	32	64	128	256	512	1024	2048	153	329
565	-72.079	-63.477	14	24	1	12	1	2	4	8	16	32	64	128	256	512	1024	2048	279	446
566	-7.708	63.376	17	6	1	12	1	2	4	8	16	32	64	128	256	512	1024	2048	72	198
567	38.759	-76.813	1	25	1	12	1	2	4	8	16	32	64	128	256	512	1024	2048	155	283
568	-7.31	-17.889	10	5	1	12	1	2	4	8	16	32	64	128	256	512	1024	2048	159	282
569	46.213	58.74	23	8	1	12	1	2	4	8	16	32	64	128	256	512	1024	2048	166	335
570	15.571	-24.527	17	4	1	12	1	2	4	8	16	32	64	128	256	512	1024	2048	284	434
571	89.007	15.6	8	4	1	12	1	2	4	8	16	32	64	128	256	512	1024	2048	314	459
572	8.629	6.921	19	12	1	12	1	2	4	8	16	32	64	128	256	512	1024	2048	89	202
573	-87.182	89.72	23	22	1	12	1	2	4	8	16	32	64	128	256	512	1024	2048	477	634
574	-60.518	48.371	20	21	1	12	1	2	4	8	16	32	64	128	256	512	1024	2048	138	239
575	-87.307	95.3	3	11	1	12	1	2	4	8	16	32	64	128	256	512	1024	2048	346	506
576	44.515	-15.86	16	8	1	12	1	2	4	8	16	32	64	128	256	512	1024	2048	246	386
577	47.418	60.176	7	9	1	12	1	2	4	8	16	32	64	128	256	512	1024	2048	133	286
578	40.465	-28.865	3	5	1	12	1	2	4	8	16	32	64	128	256	512	1024	2048	211	341
579	-25.052	57.65	1	6	1	12	1	2	4	8	16	32	64	128	256	512	1024	2048	271	416
580	-19.842	-88.066	17	8	1	12	1	2	4	8	16	32	64	128	256	512	1024	2048	198	371
581	8.498	21.597	14	17	1	12	1	2	4	8	16	32	64	128	256	512	1024	2048	68	197
582	-4.075	-57.002	25	25	1	12	1	2	4	8	16	32	64	128	256	512	1024	2048	296	394
583	-98.297	-26.045	5	3	1	12	1	2	4	8	16	32	64	128	256	512	1024	2048	235	356
584	-27.286	12.747	8	14	1	12	1	2	4	8	16	32	64	128	256	512	1024	2048	331	473
585	-30.609	-58.8	1	4	1	12	1	2	4	8	16	32	64	128	256	512	1024	2048	401	509
586	8.692	-91.843	21	16	1	12	1	2	4	8	16	32	64	128	256	512	1024	2048	228	348
587	65.178	-5.969	4	12	1	12	1	2	4	8	16	32	64	128	256	512	1024	2048	432	573
588	54.953	-96.962	13	11	1	12	1	2	4	8	16	32	64	128	256	512	1024	2048	435	583
589	-97.103	58.234	5	22	1	12	1	2	4	8	16	32	64	128	256	512	1024	2048	120	241
590	97.477	81.35	25	9	1	12	1	2	4	8	16	32	64	128	256	512	1024	2048	261	401
591	99.274	-85.273	11	4	1	12	1	2	4	8	16	32	64	128	256	512	1024	2048	150	319
592	-92.125	-39.229	5	16	1	12	1	2	4	8	16	32	64	128	256	512	1024	2048	303	395
593	-80.296	99.275	23	8	1	12	1	2	4	8	16	32	64	128	256	512	1024	2048	471	614
594	-4.521	89.601	14	11	1	12	1	2	4	8	16	32	64	128	256	512	1024	2048	465	635
595	96.536	-32.462	8	2	1	12	1	2	4	8	16	32	64	128	256	512	1024	2048	213	359
596	89.958	60.167	12	18	1	12	1	2	4	8	16	32	64	128	256	512	1024	2048	320	462
597	-21.204	34.464	10	21	1	12	1	2	4	8	16	32	64	128	256	512	1024	2048	344	486
598	-92.189	42.041	5	8	1	12	1	2	4	8	16	32	64	128	256	512	1024	2048	330	457
599	26.647	-63.615	6	10	1	12	1	2	4	8	16	32	64	128	256	512	1024	2048	433	567
600	40.766	99.974	5	4	1	12	1	2	4	8	16	32	64	128	256	512	1024	2048	97	261
601	4.379	-64.345	1	24	1	12	1	2	4	8	16	32	64	128	256	512	1024	2048	151	254
602	63.061	-96.523	2	25	1	12	1	2	4	8	16	32	64	128	256	512	1024	2048	290	397
603	98.325	25.41	7	2	1	12	1	2	4	8	16	32	64	128	256	512	1024	2048	71	228
604	-56.628	29.761	14	10	1	12	1	2	4	8	16	32	64	128	256	512	1024	2048	355	501
605	56.193	57.227	6	20	1	12	1	2	4	8	16	32	64	128	256	512	1024	2048	160	314
606	45.472	-99.471	4	22	1	12	1	2	4	8	16	32	64	128	256	512	1024	2048	395	515
607	-60.104	-51.658	10	11	1	12	1	2	4	8	16	32	64	128	256	512	1024	2048	208	327
608	-80.829	-63.209	21	1	1	12	1	2	4	8	16	32	64	128	256	512	1024	2048	151	306
609	-98.795	-32.312	6	18	1	12	1	2	4	8	16	32	64	128	256	512	1024	2048	205	328
610	7.254	68.995	5	1	1	12	1	2	4	8	16	32	64	128	256	512	1024	2048	189	280
611	18.751	60.037	13	18	1	12	1	2	4	8	16	32	64	128	256	512	1024	2048	301	470
612	-86.017	49.064	9	8	1	12	1	2	4	8	16	32	64	128	256	512	1024	2048	138	257
613	23.47	90.202	1	21	1	12	1	2	4	8	16	32	64	128	256	512	1024	2048	457	635
614	4.737	-5.327	7	7	1	12	1	2	4	8	16	32	64	128	256	512	1024	2048	224	395
615	-61.012	-46.769	18	25	1	12	1	2	4	8	16	32	64	128	256	512	1024	2048	86	257
616	-94.753	93.277	24	5	1	12	1	2	4	8	16	32	64	128	256	512	1024	2048	141	302
617	-83.249	49.102	18	22	1	12	1	2	4	8	16	32	64	128	256	512	1024	2048	414	560
618	-17.236	75.374	12	24	1	12	1	2	4	8	16	32	64	128	256	512	1024	2048	80	213
619	-36.693	7.705	22	13	1	12	1	2	4	8	16	32	64	128	256	512	1024	2048	253	352
620	-46.207	15.097	3	11	1	12	1	2	4	8	16	32	64	128	256	512	1024	2048	212	302
621	-6.468	-91.945	4	7	1	12	1	2	4	8	16	32	64	128	256	512	1024	2048	220	390
622	-51.296	-15.225	13	5	1	12	1	2	4	8	16	32	64	128	256	512	1024	2048	135	272
623	-6.889	-49.82	20	10	1	12	1	2	4	8	16	32	64	128	256	512	1024	2048	444	570
624	-89.393	-96.668	16	23	1	12	1	2	4	8	16	32	64	128	256	512	1024	2048	131	263
625	19.356	-7.406	22	16	1	12	1	2	4	8	16	32	64	128	256	512	1024	2048	103	231
626	-2.372	24.513	9	7	1	12	1	2	4	8	16	32	64	128	256	512	1024	2048	351	499
627	-11.309	-9.908	20	5	1	12	1	2	4	8	16	32	64	128	256	512	1024	2048	461	622
628	-74.272	1.343	22	7	1	12	1	2	4	8	16	32	64	128	256	512	1024	2048	367	547
629	-21.771	-28.745	6	9	1	12	1	2	4	8	16	32	64	128	256	512	1024	2048	303	444
630	-73.34	94.352	18	10	1	12	1	2	4	8	16	32	64	128	256	512	1024	2048	273	406
631	95.052	0.394	1	21	1	12	1	2	4	8	16	32	64	128	256	512	1024	2048	136	255
632	62.608	-60.888	25	20	1	12	1	2	4	8	16	32	64	128	256	512	1024	2048	381	490
633	-51.504	99.99	15	20	1	12	1	2	4	8	16	32	64	128	256	512	1024	2048	219	324
634	-44.223	93.128	20	14	1	12	1	2	4	8	16	32	64	128	256	512	1024	2048	384	518
635	47.821	-11.473	12	13	1	12	1	2	4	8	16	32	64	128	256	512	1024	2048	260	406
636	-64.714	29.571	17	4	1	12	1	2	4	8	16	32	64	128	256	512	1024	2048	295	400
637	-23.929	3.157	15	19	1	12	1	2	4	8	16	32	64	128	256	512	1024	2048	448	612
638	-62.563	-45.039	25	15	1	12	1	2	4	8	16	32	64	128	256	512	1024	2048	151	269
639	46.004	-66.752	2	19	1	12	1	2	4	8	16	32	64	128	256	512	1024	2048	187	366
640	84.428	38.377	2	18	1	12	1	2	4	8	16	32	64	128	256	512	1024	2048	322	491
641	12.02	62.104	21	4	1	12	1	2	4	8	16	32	64	128	256	512	1024	2048	467	612
642	-50.426	-50.313	10	6	1	12	1	2	4	8	16	32	64	128	256	512	1024	2048	249	339
643	-28.652	-75.214	19	22	1	12	1	2	4	8	16	32	64	128	256	512	1024	2048	111	275
644	-72.342	-83.697	15	24	1	12	1	2	4	8	16	32	64	128	256	512	1024	2048	459	583
645	-83.853	61.193	23	4	1	12	1	2	4	8	16	32	64	128	256	512	1024	2048	124	291
646	-11.443	77.977	1	9	1	12	1	2	4	8	16	32	64	128	256	512	1024	2048	355	459
647	-92.898	37.233	14	23	1	12	1	2	4	8	16	32	64	128	256	512	1024	2048	344	469
648	-36.878	-96.437	20	20	1	12	1	2	4	8	16	32	64	128	256	512	1024	2048	474	576
649	-15.449	88.184	6	20	1	12	1	2	4	8	16	32	64	128	256	512	1024	2048	339	456
650	-48.313	75.371	11	21	1	12	1	2	4	8	16	32	64	128	256	512	1024	2048	302	409
651	0.269	-25.621	12	24	1	12	1	2	4	8	16	32	64	128	256	512	1024	2048	451	567
652	-25.088	71.701	1	10	1	12	1	2	4	8	16	32	64	128	256	512	1024	2048	87	195
653	11.896	-83.981	15	15	1	12	1	2	4	8	16	32	64	128	256	512	1024	2048	229	388
654	25.915	64.022	8	2	1	12	1	2	4	8	16	32	64	128	256	512	1024	2048	331	457
655	-33.555	-28.986	18	16	1	12	1	2	4	8	16	32	64	128	256	512	1024	2048	472	631
656	33.041	83.359	23	24	1	12	1	2	4	8	16	32	64	128	256	512	1024	2048	304	422
657	-59.485	-88.316	17	3	1	12	1	2	4	8	16	32	64	128	256	512	1024	2048	373	538
658	90.285	-92.028	4	4	1	12	1	2	4	8	16	32	64	128	256	512	1024	2048	219	371
659	43.353	81.992	5	8	1	12	1	2	4	8	16	32	64	128	256	512	1024	2048	300	461
660	52.495	-92.793	4	13	1	12	1	2	4	8	16	32	64	128	256	512	1024	2048	310	418
661	19.004	57.367	12	23	1	12	1	2	4	8	16	32	64	128	256	512	1024	2048	194	292
662	-53.581	69.173	7	15	1	12	1	2	4	8	16	32	64	128	256	512	1024	2048	82	185
663	-88.217	-96.166	19	12	1	12	1	2	4	8	16	32	64	128	256	512	1024	2048	448	545
664	45.421	86.728	18	9	1	12	1	2	4	8	16	32	64	128	256	512	1024	2048	346	519
665	87.768	37.918	24	21	1	12	1	2	4	8	16	32	64	128	256	512	1024	2048	244	354
666	-23.6	-90.025	1	25	1	12	1	2	4	8	16	32	64	128	256	512	1024	2048	270	439
667	-72.567	52.39	3	7	1	12	1	2	4	8	16	32	64	128	256	512	1024	2048	259	398
668	-27.904	88.116	17	13	1	12	1	2	4	8	16	32	64	128	256	512	1024	2048	274	443
669	93.39	-99.869	10	17	1	12	1	2	4	8	16	32	64	128	256	512	1024	2048	316	483
670	-49.306	-8.166	15	22	1	12	1	2	4	8	16	32	64	128	256	512	1024	2048	102	270
671	-47.948	58.213	17	21	1	12	1	2	4	8	16	32	64	128	256	512	1024	2048	217	359
672	-99.678	86.905	10	17	1	12	1	2	4	8	16	32	64	128	256	512	1024	2048	287	422
673	81.572	-36.695	12	10	1	12	1	2	4	8	16	32	64	128	256	512	1024	2048	340	501
674	54.545	23.866	16	21	1	12	1	2	4	8	16	32	64	128	256	512	1024	2048	275	455
675	-94.315	89.361	10	3	1	12	1	2	4	8	16	32	64	128	256	512	1024	2048	331	437
676	94.715	1.41	17	2	1	12	1	2	4	8	16	32	64	128	256	512	1024	2048	100	279
677	-67.271	-38.55	5	11	1	12	1	2	4	8	16	32	64	128	256	512	1024	2048	126	286
678	88.41	-76.07	15	14	1	12	1	2	4	8	16	32	64	128	256	512	1024	2048	312	431
679	62.192	-73.395	4	6	1	12	1	2	4	8	16	32	64	128	256	512	1024	2048	89	242
680	-36.396	62.007	23	3	1	12	1	2	4	8	16	32	64	128	256	512	1024	2048	173	287
681	20.274	-61.074	5	13	1	12	1	2	4	8	16	32	64	128	256	512	1024	2048	163	267
682	95.206	-26.909	19	6	1	12	1	2	4	8	16	32	64	128	256	512	1024	2048	387	497
683	12.644	70.267	11	17	1	12	1	2	4	8	16	32	64	128	256	512	1024	2048	292	385
684	-18.888	72.497	13	23	1	12	1	2	4	8	16	32	64	128	256	512	1024	2048	150	255
685	-84.995	-79.233	11	10	1	12	1	2	4	8	16	32	64	128	256	512	1024	2048	325	490
686	-48.966	-88.937	15	15	1	12	1	2	4	8	16	32	64	128	256	512	1024	2048	284	403
687	-16.023	66.94	22	18	1	12	1	2	4	8	16	32	64	128	256	512	1024	2048	372	472
688	-24.162	47.72	24	25	1	12	1	2	4	8	16	32	64	128	256	512	1024	2048	160	290
689	-91.917	76.165	15	8	1	12	1	2	4	8	16	32	64	128	256	512	1024	2048	468	593
690	-27.548	-65.902	24	10	1	12	1	2	4	8	16	32	64	128	256	512	1024	2048	113	286
691	53.39	-62.335	15	18	1	12	1	2	4	8	16	32	64	128	256	512	1024	2048	348	484
692	34.508	76.878	3	15	1	12	1	2	4	8	16	32	64	128	256	512	1024	2048	421	548
693	-38.221	-80.407	3	24	1	12	1	2	4	8	16	32	64	128	256	512	1024	2048	242	360
694	95.983	18.751	8	7	1	12	1	2	4	8	16	32	64	128	256	512	1024	2048	200	369
695	-35.507	-51.476	14	23	1	12	1	2	4	8	16	32	64	128	256	512	1024	2048	317	408
696	-48.819	35.477	2	7	1	12	1	2	4	8	16	32	64	128	256	512	1024	2048	392	560
697	-60.245	-68.289	11	11	1	12	1	2	4	8	16	32	64	128	256	512	1024	2048	454	572
698	-36.753	-70.981	24	20	1	12	1	2	4	8	16	32	64	128	256	512	1024	2048	345	447
699	-85.12	-89.277	11	7	1	12	1	2	4	8	16	32	64	128	256	512	1024	2048	66	158
700	-76.728	-3.117	8	12	1	12	1	2	4	8	16	32	64	128	256	512	1024	2048	442	603
701	27.865	-30.569	3	6	1	12	1	2	4	8	16	32	64	128	256	512	1024	2048	277	383
702	-28.618	-31.981	20	16	1	12	1	2	4	8	16	32	64	128	256	512	1024	2048	370	481
703	81.219	18.097	19	10	1	12	1	2	4	8	16	32	64	128	256	512	1024	2048	334	467
704	-13.241	-85.219	19	13	1	12	1	2	4	8	16	32	64	128	256	512	1024	2048	194	298
705	-41.644	-96.769	15	13	1	12	1	2	4	8	16	32	64	128	256	512	1024	2048	442	567
706	51.088	-29.67	6	19	1	12	1	2	4	8	16	32	64	128	256	512	1024	2048	467	607
707	-33.43	-93.188	11	4	1	12	1	2	4	8	16	32	64	128	256	512	1024	2048	117	257
708	9.018	90.888	10	5	1	12	1	2	4	8	16	32	64	128	256	512	1024	2048	330	428
709	-71.808	56.635	13	9	1	12	1	2	4	8	16	32	64	128	256	512	1024	2048	248	347
710	84.16	-31.976	15	1	1	12	1	2	4	8	16	32	64	128	256	512	1024	2048	337	437
711	-44.312	-9.621	13	23	1	12	1	2	4	8	16	32	64	128	256	512	1024	2048	164	319
712	-2.506	-75.704	17	9	1	12	1	2	4	8	16	32	64	128	256	512	1024	2048	399	502
713	40.647	-93.25	24	18	1	12	1	2	4	8	16	32	64	128	256	512	1024	2048	259	387
714	-89.538	61.172	9	8	1	12	1	2	4	8	16	32	64	128	256	512	1024	2048	248	424
715	-86.77	47.273	1	8	1	12	1	2	4	8	16	32	64	128	256	512	1024	2048	293	421
716	-10.815	-39.277	25	13	1	12	1	2	4	8	16	32	64	128	256	512	1024	2048	76	192
717	-41.306	78.926	11	18	1	12	1	2	4	8	16	32	64	128	256	512	1024	2048	410	536
718	43.246	-60.635	14	8	1	12	1	2	4	8	16	32	64	128	256	512	1024	2048	152	299
719	39.661	-54.372	11	6	1	12	1	2	4	8	16	32	64	128	256	512	1024	2048	422	517
720	21.123	-79.729	24	2	1	12	1	2	4	8	16	32	64	128	256	512	1024	2048	71	213
721	-33.062	-37.964	23	19	1	12	1	2	4	8	16	32	64	128	256	512	1024	2048	239	409
722	85.331	-23.661	18	10	1	12	1	2	4	8	16	32	64	128	256	512	1024	2048	150	324
723	-8.265	89.701	6	22	1	12	1	2	4	8	16	32	64	128	256	512	1024	2048	360	456
724	-32.68	-53.706	15	12	1	12	1	2	4	8	16	32	64	128	256	512	1024	2048	371	515
725	-8.922	90.571	8	12	1	12	1	2	4	8	16	32	64	128	256	512	1024	2048	318	424
726	7.112	72.266	21	5	1	12	1	2	4	8	16	32	64	128	256	512	1024	2048	110	269
727	37.634	-82.97	23	12	1	12	1	2	4	8	16	32	64	128	256	512	1024	2048	290	447
728	55.796	-25.062	1	19	1	12	1	2	4	8	16	32	64	128	256	512	1024	2048	467	636
729	-84.637	18.508	9	11	1	12	1	2	4	8	16	32	64	128	256	512	1024	2048	75	246
730	-81.025	-77.542	4	9	1	12	1	2	4	8	16	32	64	128	256	512	1024	2048	122	279
731	48.153	60.186	1	23	1	12	1	2	4	8	16	32	64	128	256	512	1024	2048	422	513
732	-56.71	-65.612	19	24	1	12	1	2	4	8	16	32	64	128	256	512	1024	2048	378	518
733	-46.037	67.393	2	2	1	12	1	2	4	8	16	32	64	128	256	512	1024	2048	152	254
734	-72.361	-70.591	1	16	1	12	1	2	4	8	16	32	64	128	256	512	1024	2048	245	414
735	-90.585	-7.05	1	3	1	12	1	2	4	8	16	32	64	128	256	512	1024	2048	461	598
736	-73.162	79.959	19	5	1	12	1	2	4	8	16	32	64	128	256	512	1024	2048	66	211
737	67.217	85.366	24	3	1	12	1	2	4	8	16	32	64	128	256	512	1024	2048	403	577
738	-68.613	-68.349	17	12	1	12	1	2	4	8	16	32	64	128	256	512	1024	2048	344	484
739	-99.252	-66.352	9	13	1	12	1	2	4	8	16	32	64	128	256	512	1024	2048	447	585
740	-84.413	-62.967	8	16	1	12	1	2	4	8	16	32	64	128	256	512	1024	2048	153	250
741	-54.542	-82.485	15	17	1	12	1	2	4	8	16	32	64	128	256	512	1024	2048	234	344
742	-68.312	97.969	3	20	1	12	1	2	4	8	16	32	64	128	256	512	1024	2048	85	209
743	27.56	-32.342	2	17	1	12	1	2	4	8	16	32	64	128	256	512	1024	2048	172	304
744	-63.012	-96.59	6	7	1	12	1	2	4	8	16	32	64	128	256	512	1024	2048	396	562
745	98.758	-42.422	1	24	1	12	1	2	4	8	16	32	64	128	256	512	1024	2048	475	626
746	-14.48	-38.43	14	19	1	12	1	2	4	8	16	32	64	128	256	512	1024	2048	447	584
747	-87.251	68.357	21	18	1	12	1	2	4	8	16	32	64	128	256	512	1024	2048	162	310
748	-27.155	-39.51	10	12	1	12	1	2	4	8	16	32	64	128	256	512	1024	2048	319	410
749	93.292	-59.465	12	19	1	12	1	2	4	8	16	32	64	128	256	512	1024	2048	352	524
750	62.407	-3.828	6	13	1	12	1	2	4	8	16	32	64	128	256	512	1024	2048	424	565
751	-33.323	67.417	16	9	1	12	1	2	4	8	16	32	64	128	256	512	1024	2048	72	177
752	77.743	34.381	2	12	1	12	1	2	4	8	16	32	64	128	256	512	1024	2048	186	280
753	-1.776	82.245	22	22	1	12	1	2	4	8	16	32	64	128	256	512	1024	2048	320	463
754	-24.851	68.574	10	3	1	12	1	2	4	8	16	32	64	128	256	512	1024	2048	194	354
755	92.78	-59.985	13	19	1	12	1	2	4	8	16	32	64	128	256	512	1024	2048	114	234
756	80.947	-44.933	18	23	1	12	1	2	4	8	16	32	64	128	256	512	1024	2048	186	310
757	-35.353	38.549	7	19	1	12	1	2	4	8	16	32	64	128	256	512	1024	2048	345	509
758	68.909	24.96	8	13	1	12	1	2	4	8	16	32	64	128	256	512	1024	2048	434	571
759	86.867	-93.257	15	1	1	12	1	2	4	8	16	32	64	128	256	512	1024	2048	332	450
760	-12.914	-78.012	22	21	1	12	1	2	4	8	16	32	64	128	256	512	1024	2048	466	591
761	-77.963	-60.184	2	24	1	12	1	2	4	8	16	32	64	128	256	512	1024	2048	99	239
762	-77.772	47.538	11	17	1	12	1	2	4	8	16	32	64	128	256	512	1024	2048	444	553
763	-70.394	-55.15	15	1	1	12	1	2	4	8	16	32	64	128	256	512	1024	2048	158	249
764	-98.062	-45.386	18	17	1	12	1	2	4	8	16	32	64	128	256	512	1024	2048	64	165
765	48.307	-91.44	10	13	1	12	1	2	4	8	16	32	64	128	256	512	1024	2048	263	402
766	-40.905	87.054	4	2	1	12	1	2	4	8	16	32	64	128	256	512	1024	2048	261	374
767	84.78	-53.103	17	16	1	12	1	2	4	8	16	32	64	128	256	512	1024	2048	168	291
768	86.924	-73.159	18	18	1	12	1	2	4	8	16	32	64	128	256	512	1024	2048	94	196
769	-90.067	50.4	4	25	1	12	1	2	4	8	16	32	64	128	256	512	1024	2048	413	553
770	-87.469	-34.504	7	16	1	12	1	2	4	8	16	32	64	128	256	512	1024	2048	283	440
771	-81.117	-97.785	11	15	1	12	1	2	4	8	16	32	64	128	256	512	1024	2048	308	441
772	27.857	-34.072	16	7	1	12	1	2	4	8	16	32	64	128	256	512	1024	2048	280	386
773	86.382	54.933	10	7	1	12	1	2	4	8	16	32	64	128	256	512	1024	2048	335	507
774	-71.276	-6.169	6	22	1	12	1	2	4	8	16	32	64	128	256	512	1024	2048	423	594
775	-50.602	51.637	5	13	1	12	1	2	4	8	16	32	64	128	256	512	1024	2048	321	479
776	-98.207	-86.931	2	11	1	12	1	2	4	8	16	32	64	128	256	512	1024	2048	116	235
777	-37.713	8.607	25	2	1	12	1	2	4	8	16	32	64	128	256	512	1024	2048	224	359
778	76.394	82.615	3	3	1	12	1	2	4	8	16	32	64	128	256	512	1024	2048	139	236
779	89.911	-67.787	13	19	1	12	1	2	4	8	16	32	64	128	256	512	1024	2048	170	287
780	12.792	-77.573	12	22	1	12	1	2	4	8	16	32	64	128	256	512	1024	2048	269	359
781	44.306	-25.952	0	0	0	0	0	1000
782	-32.403	14.042	0	0	0	0	0	1000
783	37.663	13.769	0	0	0	0	0	1000
784	-15.104	12.111	0	0	0	0	0	1000
785	32.413	24.218	0	0	0	0	0	1000
786	10.846	-42.185	0	0	0	0	0	1000
787	37.199	1.346	0	0	0	0	0	1000
788	-33.128	-14.172	0	0	0	0	0	1000
789	-8.716	-4.86	0	0	0	0	0	1000
790	-25.037	19.618	0	0	0	0	0	1000
791	23.605	39.795	0	0	0	0	0	1000
792	41.196	45.258	0	0	0	0	0	1000
