6 8 960 12
400 170
400 170
400 170
400 170
400 170
400 170
400 170
400 170
400 170
400 170
400 170
400 170
1	61.698	-53.092	13	13	1	12	1	2	4	8	16	32	64	128	256	512	1024	2048	79	330
2	-63.955	-22.283	20	23	1	12	1	2	4	8	16	32	64	128	256	512	1024	2048	61	291
3	75.778	-69.433	12	11	1	12	1	2	4	8	16	32	64	128	256	512	1024	2048	195	531
4	22.586	-83.907	17	1	1	12	1	2	4	8	16	32	64	128	256	512	1024	2048	264	500
5	-86.788	-27.145	25	6	1	12	1	2	4	8	16	32	64	128	256	512	1024	2048	270	588
6	-81.831	-39.166	5	16	1	12	1	2	4	8	16	32	64	128	256	512	1024	2048	179	461
7	19.863	24.925	23	25	1	12	1	2	4	8	16	32	64	128	256	512	1024	2048	119	458
8	-63.5	16.599	6	5	1	12	1	2	4	8	16	32	64	128	256	512	1024	2048	129	339
9	96.287	-67.422	20	15	1	12	1	2	4	8	16	32	64	128	256	512	1024	2048	119	475
10	46.465	82.227	23	8	1	12	1	2	4	8	16	32	64	128	256	512	1024	2048	102	327
11	94.992	-93.873	1	4	1	12	1	2	4	8	16	32	64	128	256	512	1024	2048	298	551
12	70.484	83.028	12	23	1	12	1	2	4	8	16	32	64	128	256	512	1024	2048	241	553
13	8.301	-97.197	21	24	1	12	1	2	4	8	16	32	64	128	256	512	1024	2048	285	511
14	84.535	83.563	7	19	1	12	1	2	4	8	16	32	64	128	256	512	1024	2048	293	508
15	-31.382	-53.353	14	18	1	12	1	2	4	8	16	32	64	128	256	512	1024	2048	134	447
16	-76.44	-30.377	14	3	1	12	1	2	4	8	16	32	64	128	256	512	1024	2048	281	520
17	98.978	24.314	3	10	1	12	1	2	4	8	16	32	64	128	256	512	1024	2048	113	326
18	72.157	-61.097	5	5	1	12	1	2	4	8	16	32	64	128	256	512	1024	2048	147	413
19	-52.145	-54.455	2	19	1	12	1	2	4	8	16	32	64	128	256	512	1024	2048	71	290
20	-82.192	-24.92	17	21	1	12	1	2	4	8	16	32	64	128	256	512	1024	2048	61	367
21	-34.223	-7.639	11	24	1	12	1	2	4	8	16	32	64	128	256	512	1024	2048	200	483
22	12.413	49.052	22	4	1	12	1	2	4	8	16	32	64	128	256	512	1024	2048	156	361
23	65.409	32.804	11	5	1	12	1	2	4	8	16	32	64	128	256	512	1024	2048	104	380
24	-49.305	-60.586	3	7	1	12	1	2	4	8	16	32	64	128	256	512	1024	2048	163	369
25	-89.514	-7.337	8	6	1	12	1	2	4	8	16	32	64	128	256	512	1024	2048	227	577
26	79.734	34.981	3	21	1	12	1	2	4	8	16	32	64	128	256	512	1024	2048	261	532
27	-92.319	13.061	23	24	1	12	1	2	4	8	16	32	64	128	256	512	1024	2048	98	322
28	-22	55.634	9	4	1	12	1	2	4	8	16	32	64	128	256	512	1024	2048	177	390
29	57.728	78.306	17	21	1	12	1	2	4	8	16	32	64	128	256	512	1024	2048	266	455
30	-91.824	-57.099	20	25	1	12	1	2	4	8	16	32	64	128	256	512	1024	2048	198	401
31	-17.173	-57.77	3	20	1	12	1	2	4	8	16	32	64	128	256	512	1024	2048	155	387
32	98.536	74.341	21	7	1	12	1	2	4	8	16	32	64	128	256	512	1024	2048	109	431
33	80.134	-34.37	3	4	1	12	1	2	4	8	16	32	64	128	256	512	1024	2048	220	414
34	-81.105	63.758	2	2	1	12	1	2	4	8	16	32	64	128	256	512	1024	2048	217	446
35	72.739	-98.718	11	25	1	12	1	2	4	8	16	32	64	128	256	512	1024	2048	128	312
36	-96.412	72.897	9	2	1	12	1	2	4	8	16	32	64	128	256	512	1024	2048	150	356
37	19.351	83.622	8	11	1	12	1	2	4	8	16	32	64	128	256	512	1024	2048	212	551
38	-95.833	32.825	23	12	1	12	1	2	4	8	16	32	64	128	256	512	1024	2048	205	476
39	32.024	-65.238	23	14	1	12	1	2	4	8	16	32	64	128	256	512	1024	2048	100	457
40	-59.011	49.719	2	20	1	12	1	2	4	8	16	32	64	128	256	512	1024	2048	276	558
41	-21.061	-62.843	7	1	1	12	1	2	4	8	16	32	64	128	256	512	1024	2048	108	389
42	-51.674	-88.581	19	9	1	12	1	2	4	8	16	32	64	128	256	512	1024	2048	86	416
43	24.641	-77.076	10	22	1	12	1	2	4	8	16	32	64	128	256	512	1024	2048	296	612
44	-83.013	88.023	14	21	1	12	1	2	4	8	16	32	64	128	256	512	1024	2048	144	402
45	50.435	-81.865	9	5	1	12	1	2	4	8	16	32	64	128	256	512	1024	2048	256	550
46	-49.351	11.697	23	5	1	12	1	2	4	8	16	32	64	128	256	512	1024	2048	110	387
47	-64.821	-42.687	6	24	1	12	1	2	4	8	16	32	64	128	256	512	1024	2048	298	510
48	78.986	5.467	17	2	1	12	1	2	4	8	16	32	64	128	256	512	1024	2048	210	502
49	49.127	95.298	11	21	1	12	1	2	4	8	16	32	64	128	256	512	1024	2048	161	346
50	12.855	-5.226	10	20	1	12	1	2	4	8	16	32	64	128	256	512	1024	2048	189	474
51	-18.273	68.258	8	7	1	12	1	2	4	8	16	32	64	128	256	512	1024	2048	107	327
52	0.272	-24.782	1	17	1	12	1	2	4	8	16	32	64	128	256	512	1024	2048	147	392
53	92.088	-82.543	12	25	1	12	1	2	4	8	16	32	64	128	256	512	1024	2048	234	538
54	92.321	-12.63	25	24	1	12	1	2	4	8	16	32	64	128	256	512	1024	2048	274	589
55	87.652	-81.329	6	2	1	12	1	2	4	8	16	32	64	128	256	512	1024	2048	108	453
56	94.671	-55.65	6	17	1	12	1	2	4	8	16	32	64	128	256	512	1024	2048	73	351
57	-73.793	62.268	18	11	1	12	1	2	4	8	16	32	64	128	256	512	1024	2048	265	572
58	77.979	-47.487	16	11	1	12	1	2	4	8	16	32	64	128	256	512	1024	2048	166	348
59	-50.435	-72.255	7	6	1	12	1	2	4	8	16	32	64	128	256	512	1024	2048	218	420
60	-88.727	11.618	3	8	1	12	1	2	4	8	16	32	64	128	256	512	1024	2048	63	259
61	-98.309	-98.872	15	17	1	12	1	2	4	8	16	32	64	128	256	512	1024	2048	103	458
62	-80.669	14.506	9	18	1	12	1	2	4	8	16	32	64	128	256	512	1024	2048	133	331
63	-40.123	-34.209	18	21	1	12	1	2	4	8	16	32	64	128	256	512	1024	2048	180	380
64	18.178	45.924	18	3	1	12	1	2	4	8	16	32	64	128	256	512	1024	2048	119	403
65	-33.767	-26.121	23	23	1	12	1	2	4	8	16	32	64	128	256	512	1024	2048	64	387
66	-0.83	24.55	13	5	1	12	1	2	4	8	16	32	64	128	256	512	1024	2048	262	524
67	71.51	-76.041	9	13	1	12	1	2	4	8	16	32	64	128	256	512	1024	2048	297	485
68	-93.487	-8.037	4	25	1	12	1	2	4	8	16	32	64	128	256	512	1024	2048	103	388
69	-62.462	36.497	22	14	1	12	1	2	4	8	16	32	64	128	256	512	1024	2048	166	519
70	33.705	-24.84	7	16	1	12	1	2	4	8	16	32	64	128	256	512	1024	2048	234	443
71	-97.518	-51.281	22	11	1	12	1	2	4	8	16	32	64	128	256	512	1024	2048	196	396
72	-77.523	-69.189	5	16	1	12	1	2	4	8	16	32	64	128	256	512	1024	2048	210	471
73	-66.109	-92.951	13	24	1	12	1	2	4	8	16	32	64	128	256	512	1024	2048	70	331
74	29.145	75.018	4	25	1	12	1	2	4	8	16	32	64	128	256	512	1024	2048	287	608
75	-43.613	98.877	8	2	1	12	1	2	4	8	16	32	64	128	256	512	1024	2048	136	495
76	-13.693	-77.74	25	6	1	12	1	2	4	8	16	32	64	128	256	512	1024	2048	175	448
77	-29.092	-73.952	12	2	1	12	1	2	4	8	16	32	64	128	256	512	1024	2048	136	477
78	-59.931	79.215	20	3	1	12	1	2	4	8	16	32	64	128	256	512	1024	2048	143	402
79	63.509	81.027	19	20	1	12	1	2	4	8	16	32	64	128	256	512	1024	2048	63	317
80	89.689	-76.777	3	21	1	12	1	2	4	8	16	32	64	128	256	512	1024	2048	61	418
81	25.765	-63.018	20	17	1	12	1	2	4	8	16	32	64	128	256	512	1024	2048	226	486
82	87.684	72.051	2	6	1	12	1	2	4	8	16	32	64	128	256	512	1024	2048	249	559
83	60.187	-44.204	13	16	1	12	1	2	4	8	16	32	64	128	256	512	1024	2048	257	484
84	-23.442	91.116	4	16	1	12	1	2	4	8	16	32	64	128	256	512	1024	2048	269	495
85	40.372	89.616	5	7	1	12	1	2	4	8	16	32	64	128	256	512	1024	2048	94	281
86	-75.122	-17.393	7	6	1	12	1	2	4	8	16	32	64	128	256	512	1024	2048	61	298
87	73.83	75.837	13	5	1	12	1	2	4	8	16	32	64	128	256	512	1024	2048	242	542
88	-74.374	86.281	19	23	1	12	1	2	4	8	16	32	64	128	256	512	1024	2048	259	516
89	-37.843	-84.149	24	15	1	12	1	2	4	8	16	32	64	128	256	512	1024	2048	234	590
90	19.354	-7.134	5	15	1	12	1	2	4	8	16	32	64	128	256	512	1024	2048	167	422
91	50.717	81.312	19	11	1	12	1	2	4	8	16	32	64	128	256	512	1024	2048	91	357
92	-73.54	-59.72	14	15	1	12	1	2	4	8	16	32	64	128	256	512	1024	2048	231	438
93	-28.217	-93.019	10	1	1	12	1	2	4	8	16	32	64	128	256	512	1024	2048	203	456
94	-19.089	57.813	23	22	1	12	1	2	4	8	16	32	64	128	256	512	1024	2048	92	397
95	19.923	-91.844	23	11	1	12	1	2	4	8	16	32	64	128	256	512	1024	2048	131	431
96	47.511	-84.832	14	18	1	12	1	2	4	8	16	32	64	128	256	512	1024	2048	69	410
97	-16.981	69.551	2	4	1	12	1	2	4	8	16	32	64	128	256	512	1024	2048	244	484
98	-18.664	33.174	5	16	1	12	1	2	4	8	16	32	64	128	256	512	1024	2048	193	402
99	-67.235	91.064	10	10	1	12	1	2	4	8	16	32	64	128	256	512	1024	2048	214	437
100	28.908	73.689	19	13	1	12	1	2	4	8	16	32	64	128	256	512	1024	2048	238	435
101	44.676	-84.053	3	21	1	12	1	2	4	8	16	32	64	128	256	512	1024	2048	80	359
102	8.477	-9.628	20	14	1	12	1	2	4	8	16	32	64	128	256	512	1024	2048	265	524
103	-60.378	-13.467	12	6	1	12	1	2	4	8	16	32	64	128	256	512	1024	2048	173	434
104	-23.535	-46.021	18	1	1	12	1	2	4	8	16	32	64	128	256	512	1024	2048	89	290
105	16.938	-65.821	18	12	1	12	1	2	4	8	16	32	64	128	256	512	1024	2048	261	560
106	83.435	-63.765	12	13	1	12	1	2	4	8	16	32	64	128	256	512	1024	2048	234	574
107	-60.326	-81.289	19	7	1	12	1	2	4	8	16	32	64	128	256	512	1024	2048	244	539
108	-51.889	-69.908	10	3	1	12	1	2	4	8	16	32	64	128	256	512	1024	2048	116	419
109	-15.767	-87.689	20	6	1	12	1	2	4	8	16	32	64	128	256	512	1024	2048	264	538
110	97.014	54.023	19	1	1	12	1	2	4	8	16	32	64	128	256	512	1024	2048	299	649
111	65.406	-79.043	12	1	1	12	1	2	4	8	16	32	64	128	256	512	1024	2048	137	330
112	-43.499	74.997	16	19	1	12	1	2	4	8	16	32	64	128	256	512	1024	2048	167	371
113	60.211	86.287	19	20	1	12	1	2	4	8	16	32	64	128	256	512	1024	2048	166	439
114	-0.885	-96.702	9	20	1	12	1	2	4	8	16	32	64	128	256	512	1024	2048	223	569
115	37.168	75.667	22	10	1	12	1	2	4	8	16	32	64	128	256	512	1024	2048	121	352
116	-15.723	-86.624	25	25	1	12	1	2	4	8	16	32	64	128	256	512	1024	2048	77	371
117	-11.834	23.295	17	5	1	12	1	2	4	8	16	32	64	128	256	512	1024	2048	290	517
118	-55.227	-43.313	10	9	1	12	1	2	4	8	16	32	64	128	256	512	1024	2048	278	612
119	-47.345	32.97	7	4	1	12	1	2	4	8	16	32	64	128	256	512	1024	2048	294	617
120	-69.543	2.916	24	4	1	12	1	2	4	8	16	32	64	128	256	512	1024	2048	173	422
121	-29.019	40.365	19	22	1	12	1	2	4	8	16	32	64	128	256	512	1024	2048	234	527
122	-2.71	93.995	22	17	1	12	1	2	4	8	16	32	64	128	256	512	1024	2048	202	491
123	-43.454	90.189	5	20	1	12	1	2	4	8	16	32	64	128	256	512	1024	2048	181	493
124	88.091	11.886	15	20	1	12	1	2	4	8	16	32	64	128	256	512	1024	2048	195	510
125	7.563	-98.034	15	5	1	12	1	2	4	8	16	32	64	128	256	512	1024	2048	105	370
126	-54.865	-79.097	23	11	1	12	1	2	4	8	16	32	64	128	256	512	1024	2048	287	611
127	-77.274	-43.105	2	23	1	12	1	2	4	8	16	32	64	128	256	512	1024	2048	62	312
128	-84.757	81.79	22	18	1	12	1	2	4	8	16	32	64	128	256	512	1024	2048	258	468
129	-2.629	-67.495	5	17	1	12	1	2	4	8	16	32	64	128	256	512	1024	2048	102	405
130	50.528	78.183	3	18	1	12	1	2	4	8	16	32	64	128	256	512	1024	2048	155	495
131	37.707	98.965	23	20	1	12	1	2	4	8	16	32	64	128	256	512	1024	2048	116	386
132	-95.286	62.158	3	2	1	12	1	2	4	8	16	32	64	128	256	512	1024	2048	159	470
133	-59.416	-6.597	3	14	1	12	1	2	4	8	16	32	64	128	256	512	1024	2048	242	433
134	13.186	91.277	23	13	1	12	1	2	4	8	16	32	64	128	256	512	1024	2048	152	463
135	-18.092	-60.229	1	18	1	12	1	2	4	8	16	32	64	128	256	512	1024	2048	129	390
136	75.747	12.289	11	2	1	12	1	2	4	8	16	32	64	128	256	512	1024	2048	68	341
137	-84.96	-86.749	4	17	1	12	1	2	4	8	16	32	64	128	256	512	1024	2048	223	514
138	-40.311	-76.732	23	15	1	12	1	2	4	8	16	32	64	128	256	512	1024	2048	177	399
139	97.655	61.4	6	6	1	12	1	2	4	8	16	32	64	128	256	512	1024	2048	120	343
140	-58.494	-74.726	18	5	1	12	1	2	4	8	16	32	64	128	256	512	1024	2048	81	364
141	57.07	84.299	9	14	1	12	1	2	4	8	16	32	64	128	256	512	1024	2048	246	436
142	-76.258	-98.432	13	11	1	12	1	2	4	8	16	32	64	128	256	512	1024	2048	205	419
143	-19.787	-16.937	12	15	1	12	1	2	4	8	16	32	64	128	256	512	1024	2048	268	574
144	-56.943	-91.321	10	7	1	12	1	2	4	8	16	32	64	128	256	512	1024	2048	99	400
145	61.143	-50.147	21	16	1	12	1	2	4	8	16	32	64	128	256	512	1024	2048	211	423
146	41.27	-93.797	24	5	1	12	1	2	4	8	16	32	64	128	256	512	1024	2048	178	407
147	0.765	68.327	3	21	1	12	1	2	4	8	16	32	64	128	256	512	1024	2048	246	426
148	22.652	-12.459	12	9	1	12	1	2	4	8	16	32	64	128	256	512	1024	2048	270	561
149	-49.373	-11.169	11	22	1	12	1	2	4	8	16	32	64	128	256	512	1024	2048	286	475
150	82.417	-12.685	16	11	1	12	1	2	4	8	16	32	64	128	256	512	1024	2048	286	573
151	-44.852	-24.038	8	23	1	12	1	2	4	8	16	32	64	128	256	512	1024	2048	123	401
152	-23.094	-82.944	13	14	1	12	1	2	4	8	16	32	64	128	256	512	1024	2048	163	348
153	-96.489	-68.407	1	22	1	12	1	2	4	8	16	32	64	128	256	512	1024	2048	205	393
154	-0.725	-52.985	1	24	1	12	1	2	4	8	16	32	64	128	256	512	1024	2048	248	456
155	77.578	22.849	20	6	1	12	1	2	4	8	16	32	64	128	256	512	1024	2048	208	557
156	-65.714	0.841	24	10	1	12	1	2	4	8	16	32	64	128	256	512	1024	2048	184	368
157	-53.707	-43.512	18	13	1	12	1	2	4	8	16	32	64	128	256	512	1024	2048	63	363
158	-15.875	-57.184	22	5	1	12	1	2	4	8	16	32	64	128	256	512	1024	2048	140	388
159	-51.839	-70.497	2	18	1	12	1	2	4	8	16	32	64	128	256	512	1024	2048	160	506
160	-98.22	42.876	9	23	1	12	1	2	4	8	16	32	64	128	256	512	1024	2048	173	364
161	-89.776	-62.296	18	23	1	12	1	2	4	8	16	32	64	128	256	512	1024	2048	230	551
162	-81.043	-26.338	4	4	1	12	1	2	4	8	16	32	64	128	256	512	1024	2048	270	482
163	-49.509	-87.155	19	18	1	12	1	2	4	8	16	32	64	128	256	512	1024	2048	190	547
164	-12.5	42.259	16	6	1	12	1	2	4	8	16	32	64	128	256	512	1024	2048	156	373
165	85.553	10.064	10	14	1	12	1	2	4	8	16	32	64	128	256	512	1024	2048	108	413
166	-16.781	-37.596	9	14	1	12	1	2	4	8	16	32	64	128	256	512	1024	2048	297	531
167	-39.146	93.141	1	16	1	12	1	2	4	8	16	32	64	128	256	512	1024	2048	178	363
168	-67.551	-35.844	4	3	1	12	1	2	4	8	16	32	64	128	256	512	1024	2048	166	409
169	28.793	83.633	12	4	1	12	1	2	4	8	16	32	64	128	256	512	1024	2048	203	389
170	-51.802	43.962	19	8	1	12	1	2	4	8	16	32	64	128	256	512	1024	2048	127	461
171	19.754	63.128	16	1	1	12	1	2	4	8	16	32	64	128	256	512	1024	2048	61	253
172	5.154	32.394	20	7	1	12	1	2	4	8	16	32	64	128	256	512	1024	2048	142	495
173	-67.541	90.141	6	6	1	12	1	2	4	8	16	32	64	128	256	512	1024	2048	127	312
174	-76.329	-17.343	25	13	1	12	1	2	4	8	16	32	64	128	256	512	1024	2048	253	507
175	88.549	28.026	7	22	1	12	1	2	4	8	16	32	64	128	256	512	1024	2048	147	473
176	11.451	-67.094	21	18	1	12	1	2	4	8	16	32	64	128	256	512	1024	2048	98	435
177	67.156	-39.168	18	9	1	12	1	2	4	8	16	32	64	128	256	512	1024	2048	148	507
178	74.817	-17.028	24	2	1	12	1	2	4	8	16	32	64	128	256	512	1024	2048	134	444
179	-94.906	-31.706	15	8	1	12	1	2	4	8	16	32	64	128	256	512	1024	2048	286	588
180	69.783	45.476	7	5	1	12	1	2	4	8	16	32	64	128	256	512	1024	2048	268	477
181	-99.324	90.437	23	10	1	12	1	2	4	8	16	32	64	128	256	512	1024	2048	248	604
182	2.646	-18.594	17	25	1	12	1	2	4	8	16	32	64	128	256	512	1024	2048	232	438
183	-98.794	97.084	5	2	1	12	1	2	4	8	16	32	64	128	256	512	1024	2048	172	485
184	-8.744	35.989	10	12	1	12	1	2	4	8	16	32	64	128	256	512	1024	2048	196	462
185	-70.657	-56.623	6	25	1	12	1	2	4	8	16	32	64	128	256	512	1024	2048	164	432
186	-8.899	-70.758	22	23	1	12	1	2	4	8	16	32	64	128	256	512	1024	2048	143	489
187	90.593	91.792	24	20	1	12	1	2	4	8	16	32	64	128	256	512	1024	2048	137	490
188	-69.661	40.475	17	19	1	12	1	2	4	8	16	32	64	128	256	512	1024	2048	163	463
189	35.422	-75.577	23	15	1	12	1	2	4	8	16	32	64	128	256	512	1024	2048	279	613
190	-13.872	52.023	9	21	1	12	1	2	4	8	16	32	64	128	256	512	1024	2048	231	491
191	-80.864	-18.014	6	16	1	12	1	2	4	8	16	32	64	128	256	512	1024	2048	222	574
192	-49.906	62.928	23	11	1	12	1	2	4	8	16	32	64	128	256	512	1024	2048	210	539
193	44.92	-84.784	25	21	1	12	1	2	4	8	16	32	64	128	256	512	1024	2048	264	539
194	-79.066	-41.935	14	16	1	12	1	2	4	8	16	32	64	128	256	512	1024	2048	296	627
195	44.448	-72.234	24	17	1	12	1	2	4	8	16	32	64	128	256	512	1024	2048	207	552
196	-67.918	-43.582	4	3	1	12	1	2	4	8	16	32	64	128	256	512	1024	2048	203	535
197	87.472	70.413	4	11	1	12	1	2	4	8	16	32	64	128	256	512	1024	2048	268	501
198	35.435	-5.409	16	24	1	12	1	2	4	8	16	32	64	128	256	512	1024	2048	135	415
199	78.102	-87.657	9	24	1	12	1	2	4	8	16	32	64	128	256	512	1024	2048	129	486
200	-69.842	-91.787	14	4	1	12	1	2	4	8	16	32	64	128	256	512	1024	2048	99	297
201	86.062	-87.463	2	13	1	12	1	2	4	8	16	32	64	128	256	512	1024	2048	290	520
202	-12.736	-80.323	5	21	1	12	1	2	4	8	16	32	64	128	256	512	1024	2048	199	417
203	-49.366	10.733	15	14	1	12	1	2	4	8	16	32	64	128	256	512	1024	2048	234	441
204	4.337	97.717	13	1	1	12	1	2	4	8	16	32	64	128	256	512	1024	2048	117	455
205	62.209	74.82	20	10	1	12	1	2	4	8	16	32	64	128	256	512	1024	2048	178	534
206	-37.401	95.287	19	21	1	12	1	2	4	8	16	32	64	128	256	512	1024	2048	220	551
207	-31.234	84.347	17	3	1	12	1	2	4	8	16	32	64	128	256	512	1024	2048	147	364
208	75.098	56.919	23	17	1	12	1	2	4	8	16	32	64	128	256	512	1024	2048	250	455
209	-40.335	18.837	18	6	1	12	1	2	4	8	16	32	64	128	256	512	1024	2048	189	477
210	77.002	18.75	4	1	1	12	1	2	4	8	16	32	64	128	256	512	1024	2048	211	460
211	-10.169	59.236	23	25	1	12	1	2	4	8	16	32	64	128	256	512	1024	2048	126	426
212	98.485	-65.939	20	21	1	12	1	2	4	8	16	32	64	128	256	512	1024	2048	197	422
213	-52.459	-11.012	11	8	1	12	1	2	4	8	16	32	64	128	256	512	1024	2048	226	486
214	-21.474	-95.484	23	23	1	12	1	2	4	8	16	32	64	128	256	512	1024	2048	161	420
215	15.295	86.941	5	17	1	12	1	2	4	8	16	32	64	128	256	512	1024	2048	224	583
216	19.363	-72.907	16	22	1	12	1	2	4	8	16	32	64	128	256	512	1024	2048	240	441
217	-30.405	63.795	25	12	1	12	1	2	4	8	16	32	64	128	256	512	1024	2048	131	426
218	58.593	-82.985	19	18	1	12	1	2	4	8	16	32	64	128	256	512	1024	2048	190	454
219	-67.986	16.297	4	15	1	12	1	2	4	8	16	32	64	128	256	512	1024	2048	88	291
220	-31.951	-79.813	12	5	1	12	1	2	4	8	16	32	64	128	256	512	1024	2048	112	351
221	-86.817	97.642	23	3	1	12	1	2	4	8	16	32	64	128	256	512	1024	2048	192	396
222	16.247	-10.061	23	21	1	12	1	2	4	8	16	32	64	128	256	512	1024	2048	188	533
223	-57.99	81.81	4	15	1	12	1	2	4	8	16	32	64	128	256	512	1024	2048	95	326
224	-78.809	40.467	11	18	1	12	1	2	4	8	16	32	64	128	256	512	1024	2048	270	574
225	-86.391	-68.107	18	13	1	12	1	2	4	8	16	32	64	128	256	512	1024	2048	166	448
226	13.192	16.269	11	21	1	12	1	2	4	8	16	32	64	128	256	512	1024	2048	263	556
227	-91.165	48.88	25	4	1	12	1	2	4	8	16	32	64	128	256	512	1024	2048	127	403
228	-15.488	-64.646	17	18	1	12	1	2	4	8	16	32	64	128	256	512	1024	2048	92	375
229	-18.252	65.455	20	4	1	12	1	2	4	8	16	32	64	128	256	512	1024	2048	150	452
230	-67.752	1.392	22	23	1	12	1	2	4	8	16	32	64	128	256	512	1024	2048	141	374
231	-85.39	64.069	2	13	1	12	1	2	4	8	16	32	64	128	256	512	1024	2048	230	432
232	-68.14	79.243	17	1	1	12	1	2	4	8	16	32	64	128	256	512	1024	2048	118	423
233	43.244	75.441	17	22	1	12	1	2	4	8	16	32	64	128	256	512	1024	2048	68	294
234	-53.04	73.969	4	11	1	12	1	2	4	8	16	32	64	128	256	512	1024	2048	87	401
235	34.769	-35.124	6	17	1	12	1	2	4	8	16	32	64	128	256	512	1024	2048	285	465
236	80.289	59.159	4	8	1	12	1	2	4	8	16	32	64	128	256	512	1024	2048	162	464
237	-63.871	63.521	7	8	1	12	1	2	4	8	16	32	64	128	256	512	1024	2048	77	348
238	89.372	87.509	18	22	1	12	1	2	4	8	16	32	64	128	256	512	1024	2048	173	427
239	-0.248	96.123	4	7	1	12	1	2	4	8	16	32	64	128	256	512	1024	2048	265	483
240	55.39	-97.293	20	3	1	12	1	2	4	8	16	32	64	128	256	512	1024	2048	271	599
241	-44.258	-60.83	14	12	1	12	1	2	4	8	16	32	64	128	256	512	1024	2048	282	512
242	41.174	-80.199	6	23	1	12	1	2	4	8	16	32	64	128	256	512	1024	2048	168	525
243	-81.241	25.64	18	9	1	12	1	2	4	8	16	32	64	128	256	512	1024	2048	214	452
244	-89.674	7.85	1	11	1	12	1	2	4	8	16	32	64	128	256	512	1024	2048	288	549
245	-91.676	46.272	3	2	1	12	1	2	4	8	16	32	64	128	256	512	1024	2048	231	563
246	-73.38	-65.62	17	12	1	12	1	2	4	8	16	32	64	128	256	512	1024	2048	68	376
247	-25.887	-60.834	23	7	1	12	1	2	4	8	16	32	64	128	256	512	1024	2048	286	636
248	-76.044	-90.242	4	1	1	12	1	2	4	8	16	32	64	128	256	512	1024	2048	241	581
249	65.403	96.59	9	8	1	12	1	2	4	8	16	32	64	128	256	512	1024	2048	99	349
250	-14.491	79.658	4	12	1	12	1	2	4	8	16	32	64	128	256	512	1024	2048	159	400
251	30.821	-11.012	11	22	1	12	1	2	4	8	16	32	64	128	256	512	1024	2048	127	344
252	79.954	-65.261	8	8	1	12	1	2	4	8	16	32	64	128	256	512	1024	2048	224	414
253	-80.909	99.697	17	12	1	12	1	2	4	8	16	32	64	128	256	512	1024	2048	71	416
254	-61.495	56.748	8	8	1	12	1	2	4	8	16	32	64	128	256	512	1024	2048	65	395
255	91.835	32.607	6	5	1	12	1	2	4	8	16	32	64	128	256	512	1024	2048	211	480
256	-52.159	-46.33	6	6	1	12	1	2	4	8	16	32	64	128	256	512	1024	2048	62	294
257	13.637	-77.285	3	7	1	12	1	2	4	8	16	32	64	128	256	512	1024	2048	215	444
258	33.86	-56.973	23	25	1	12	1	2	4	8	16	32	64	128	256	512	1024	2048	219	498
259	-91.274	15.887	12	23	1	12	1	2	4	8	16	32	64	128	256	512	1024	2048	139	426
260	3.389	46.365	25	8	1	12	1	2	4	8	16	32	64	128	256	512	1024	2048	295	552
261	-56.96	87.374	3	10	1	12	1	2	4	8	16	32	64	128	256	512	1024	2048	246	433
262	69.748	5.51	4	17	1	12	1	2	4	8	16	32	64	128	256	512	1024	2048	186	479
263	80.282	-29.594	13	13	1	12	1	2	4	8	16	32	64	128	256	512	1024	2048	109	366
264	22.879	-8.667	10	6	1	12	1	2	4	8	16	32	64	128	256	512	1024	2048	133	433
265	-98.36	-5.213	3	24	1	12	1	2	4	8	16	32	64	128	256	512	1024	2048	263	606
266	-92.319	17.497	16	23	1	12	1	2	4	8	16	32	64	128	256	512	1024	2048	236	533
267	-64.001	-25.659	11	13	1	12	1	2	4	8	16	32	64	128	256	512	1024	2048	184	532
268	5.152	53.556	23	4	1	12	1	2	4	8	16	32	64	128	256	512	1024	2048	178	423
269	24.457	-81.058	20	13	1	12	1	2	4	8	16	32	64	128	256	512	1024	2048	108	290
270	87.985	35.007	14	8	1	12	1	2	4	8	16	32	64	128	256	512	1024	2048	160	421
271	75.092	-28.896	14	17	1	12	1	2	4	8	16	32	64	128	256	512	1024	2048	259	469
272	-49.666	-43.556	4	25	1	12	1	2	4	8	16	32	64	128	256	512	1024	2048	137	323
273	-31.422	84.764	18	20	1	12	1	2	4	8	16	32	64	128	256	512	1024	2048	231	446
274	20.193	-14.287	20	4	1	12	1	2	4	8	16	32	64	128	256	512	1024	2048	268	597
275	-89.661	85.251	22	21	1	12	1	2	4	8	16	32	64	128	256	512	1024	2048	68	343
276	93.359	17.904	24	3	1	12	1	2	4	8	16	32	64	128	256	512	1024	2048	84	337
277	57.392	39.208	16	17	1	12	1	2	4	8	16	32	64	128	256	512	1024	2048	215	476
278	-71.557	-36.715	10	24	1	12	1	2	4	8	16	32	64	128	256	512	1024	2048	116	447
279	-14.524	89.167	20	15	1	12	1	2	4	8	16	32	64	128	256	512	1024	2048	66	250
280	8.039	53.054	1	25	1	12	1	2	4	8	16	32	64	128	256	512	1024	2048	201	473
281	-98.054	-62.054	25	5	1	12	1	2	4	8	16	32	64	128	256	512	1024	2048	222	474
282	-18.945	-64.643	15	16	1	12	1	2	4	8	16	32	64	128	256	512	1024	2048	143	471
283	-54.479	-87.044	9	17	1	12	1	2	4	8	16	32	64	128	256	512	1024	2048	134	425
284	-26.151	-94.12	8	16	1	12	1	2	4	8	16	32	64	128	256	512	1024	2048	284	543
285	41.159	-70.376	15	25	1	12	1	2	4	8	16	32	64	128	256	512	1024	2048	164	458
286	-8.113	45.164	18	7	1	12	1	2	4	8	16	32	64	128	256	512	1024	2048	181	483
287	5.719	-69.297	1	14	1	12	1	2	4	8	16	32	64	128	256	512	1024	2048	214	434
288	16.737	13.999	18	4	1	12	1	2	4	8	16	32	64	128	256	512	1024	2048	134	400
289	-68.07	-37.383	14	22	1	12	1	2	4	8	16	32	64	128	256	512	1024	2048	249	475
290	90.854	-12.755	17	14	1	12	1	2	4	8	16	32	64	128	256	512	1024	2048	189	424
291	82.599	56.945	8	24	1	12	1	2	4	8	16	32	64	128	256	512	1024	2048	204	437
292	-73.608	53.311	2	8	1	12	1	2	4	8	16	32	64	128	256	512	1024	2048	178	482
293	86.904	51.033	12	2	1	12	1	2	4	8	16	32	64	128	256	512	1024	2048	202	431
294	-38.314	-2.919	4	20	1	12	1	2	4	8	16	32	64	128	256	512	1024	2048	272	464
295	-31.951	90.2	18	6	1	12	1	2	4	8	16	32	64	128	256	512	1024	2048	182	511
296	-66.08	92.757	19	5	1	12	1	2	4	8	16	32	64	128	256	512	1024	2048	161	361
297	-61	-76.207	7	6	1	12	1	2	4	8	16	32	64	128	256	512	1024	2048	236	453
298	-70.4	51.207	21	15	1	12	1	2	4	8	16	32	64	128	256	512	1024	2048	153	391
299	-45.384	-37.226	13	24	1	12	1	2	4	8	16	32	64	128	256	512	1024	2048	162	405
300	0.891	14.371	9	4	1	12	1	2	4	8	16	32	64	128	256	512	1024	2048	189	520
301	-50.982	-0.558	12	25	1	12	1	2	4	8	16	32	64	128	256	512	1024	2048	68	287
302	-86.846	-40.739	12	7	1	12	1	2	4	8	16	32	64	128	256	512	1024	2048	152	408
303	-56.905	-90.4	4	4	1	12	1	2	4	8	16	32	64	128	256	512	1024	2048	84	295
304	-98.436	60.291	6	13	1	12	1	2	4	8	16	32	64	128	256	512	1024	2048	95	317
305	16.876	-25.749	2	3	1	12	1	2	4	8	16	32	64	128	256	512	1024	2048	215	460
306	-76.032	-6.08	2	5	1	12	1	2	4	8	16	32	64	128	256	512	1024	2048	105	429
307	58.256	70.29	24	10	1	12	1	2	4	8	16	32	64	128	256	512	1024	2048	269	536
308	-43.192	94.758	15	25	1	12	1	2	4	8	16	32	64	128	256	512	1024	2048	106	371
309	-80.935	-67.892	14	13	1	12	1	2	4	8	16	32	64	128	256	512	1024	2048	174	463
310	48.066	-82.159	20	19	1	12	1	2	4	8	16	32	64	128	256	512	1024	2048	96	326
311	23.805	22.964	9	25	1	12	1	2	4	8	16	32	64	128	256	512	1024	2048	96	446
312	-25.54	84.101	13	22	1	12	1	2	4	8	16	32	64	128	256	512	1024	2048	121	378
313	90.076	23.883	17	17	1	12	1	2	4	8	16	32	64	128	256	512	1024	2048	142	487
314	-49.712	76.162	12	24	1	12	1	2	4	8	16	32	64	128	256	512	1024	2048	82	369
315	-74.976	16.511	18	12	1	12	1	2	4	8	16	32	64	128	256	512	1024	2048	269	586
316	9.806	-64.46	19	7	1	12	1	2	4	8	16	32	64	128	256	512	1024	2048	70	415
317	-39.537	17.082	12	9	1	12	1	2	4	8	16	32	64	128	256	512	1024	2048	217	458
318	-0.326	21.885	1	22	1	12	1	2	4	8	16	32	64	128	256	512	1024	2048	164	405
319	55.316	-50.975	18	13	1	12	1	2	4	8	16	32	64	128	256	512	1024	2048	196	446
320	54.429	-37.561	21	17	1	12	1	2	4	8	16	32	64	128	256	512	1024	2048	231	555
321	-73.911	29.639	6	24	1	12	1	2	4	8	16	32	64	128	256	512	1024	2048	224	548
322	35.748	-82.187	21	15	1	12	1	2	4	8	16	32	64	128	256	512	1024	2048	139	366
323	58.624	36.732	20	13	1	12	1	2	4	8	16	32	64	128	256	512	1024	2048	273	507
324	-97.904	-67.77	22	14	1	12	1	2	4	8	16	32	64	128	256	512	1024	2048	66	255
325	82.049	11.889	11	1	1	12	1	2	4	8	16	32	64	128	256	512	1024	2048	205	438
326	27.552	-71.304	9	22	1	12	1	2	4	8	16	32	64	128	256	512	1024	2048	69	423
327	-68.397	26.445	15	14	1	12	1	2	4	8	16	32	64	128	256	512	1024	2048	174	526
328	-1.506	26.509	12	6	1	12	1	2	4	8	16	32	64	128	256	512	1024	2048	90	279
329	18.466	-52.826	9	23	1	12	1	2	4	8	16	32	64	128	256	512	1024	2048	244	540
330	-17.836	83.8	2	6	1	12	1	2	4	8	16	32	64	128	256	512	1024	2048	178	436
331	78.547	30.537	11	14	1	12	1	2	4	8	16	32	64	128	256	512	1024	2048	84	334
332	-81.505	79.09	10	13	1	12	1	2	4	8	16	32	64	128	256	512	1024	2048	158	466
333	-81.554	74.666	25	25	1	12	1	2	4	8	16	32	64	128	256	512	1024	2048	149	490
334	-47.398	-83.47	23	25	1	12	1	2	4	8	16	32	64	128	256	512	1024	2048	296	476
335	-2.507	-72.084	13	13	1	12	1	2	4	8	16	32	64	128	256	512	1024	2048	262	495
336	-16.36	99.113	10	9	1	12	1	2	4	8	16	32	64	128	256	512	1024	2048	248	600
337	-49.633	-42.145	22	22	1	12	1	2	4	8	16	32	64	128	256	512	1024	2048	181	444
338	77.193	-90.581	7	24	1	12	1	2	4	8	16	32	64	128	256	512	1024	2048	178	516
339	-37.834	-84.422	6	24	1	12	1	2	4	8	16	32	64	128	256	512	1024	2048	106	380
340	74.247	-48.119	22	1	1	12	1	2	4	8	16	32	64	128	256	512	1024	2048	202	504
341	16.36	-18.325	12	25	1	12	1	2	4	8	16	32	64	128	256	512	1024	2048	220	505
342	73.656	-39.008	18	6	1	12	1	2	4	8	16	32	64	128	256	512	1024	2048	162	375
343	-21.892	84.581	8	16	1	12	1	2	4	8	16	32	64	128	256	512	1024	2048	132	392
344	-11.789	-18.976	17	10	1	12	1	2	4	8	16	32	64	128	256	512	1024	2048	175	383
345	-16.962	43.168	4	19	1	12	1	2	4	8	16	32	64	128	256	512	1024	2048	74	265
346	-83.289	-56.239	16	17	1	12	1	2	4	8	16	32	64	128	256	512	1024	2048	278	557
347	67.037	4.975	20	3	1	12	1	2	4	8	16	32	64	128	256	512	1024	2048	271	499
348	-29.358	-85.877	2	13	1	12	1	2	4	8	16	32	64	128	256	512	1024	2048	151	416
349	-57.893	-88.917	22	7	1	12	1	2	4	8	16	32	64	128	256	512	1024	2048	300	493
350	-88.691	4.523	4	21	1	12	1	2	4	8	16	32	64	128	256	512	1024	2048	237	448
351	49.394	1.532	20	2	1	12	1	2	4	8	16	32	64	128	256	512	1024	2048	262	556
352	1.442	-23.599	14	22	1	12	1	2	4	8	16	32	64	128	256	512	1024	2048	103	365
353	19.846	-31.792	5	9	1	12	1	2	4	8	16	32	64	128	256	512	1024	2048	214	484
354	-81.837	67.918	7	2	1	12	1	2	4	8	16	32	64	128	256	512	1024	2048	127	462
355	57.841	10.655	22	14	1	12	1	2	4	8	16	32	64	128	256	512	1024	2048	289	553
356	-61.91	6.282	11	14	1	12	1	2	4	8	16	32	64	128	256	512	1024	2048	212	498
357	0.556	-36.577	22	23	1	12	1	2	4	8	16	32	64	128	256	512	1024	2048	110	449
358	-61.624	38.528	19	3	1	12	1	2	4	8	16	32	64	128	256	512	1024	2048	195	422
359	-38.309	-90.507	8	8	1	12	1	2	4	8	16	32	64	128	256	512	1024	2048	296	564
360	-98.35	-91.793	2	20	1	12	1	2	4	8	16	32	64	128	256	512	1024	2048	169	349
361	17.601	-11.336	5	15	1	12	1	2	4	8	16	32	64	128	256	512	1024	2048	142	332
362	87.995	8.526	15	8	1	12	1	2	4	8	16	32	64	128	256	512	1024	2048	245	436
363	-82.823	-57.76	24	5	1	12	1	2	4	8	16	32	64	128	256	512	1024	2048	276	512
364	43.5	-44.233	12	21	1	12	1	2	4	8	16	32	64	128	256	512	1024	2048	180	432
365	-85.31	-22.107	19	25	1	12	1	2	4	8	16	32	64	128	256	512	1024	2048	238	554
366	-99.301	-33.313	4	7	1	12	1	2	4	8	16	32	64	128	256	512	1024	2048	145	346
367	-3.536	52.261	22	7	1	12	1	2	4	8	16	32	64	128	256	512	1024	2048	81	292
368	-31.742	61.593	13	12	1	12	1	2	4	8	16	32	64	128	256	512	1024	2048	256	580
369	-69.25	84.881	20	19	1	12	1	2	4	8	16	32	64	128	256	512	1024	2048	267	572
370	2.1	-20.161	19	20	1	12	1	2	4	8	16	32	64	128	256	512	1024	2048	105	297
371	97.266	14.248	18	7	1	12	1	2	4	8	16	32	64	128	256	512	1024	2048	205	536
372	-13.831	-90.172	5	13	1	12	1	2	4	8	16	32	64	128	256	512	1024	2048	230	541
373	60.366	-70.903	16	17	1	12	1	2	4	8	16	32	64	128	256	512	1024	2048	287	559
374	51.401	-9.408	21	9	1	12	1	2	4	8	16	32	64	128	256	512	1024	2048	183	528
375	83.059	63.785	25	25	1	12	1	2	4	8	16	32	64	128	256	512	1024	2048	64	284
376	50.318	-50.419	1	9	1	12	1	2	4	8	16	32	64	128	256	512	1024	2048	249	467
377	67.298	73.711	25	17	1	12	1	2	4	8	16	32	64	128	256	512	1024	2048	235	455
378	29.476	-18.334	25	1	1	12	1	2	4	8	16	32	64	128	256	512	1024	2048	205	509
379	-56.177	48.002	11	5	1	12	1	2	4	8	16	32	64	128	256	512	1024	2048	155	425
380	-73.613	-23.673	9	3	1	12	1	2	4	8	16	32	64	128	256	512	1024	2048	67	338
381	49.143	-59.275	11	8	1	12	1	2	4	8	16	32	64	128	256	512	1024	2048	281	575
382	37.508	99.189	20	11	1	12	1	2	4	8	16	32	64	128	256	512	1024	2048	196	385
383	55.565	89.13	24	17	1	12	1	2	4	8	16	32	64	128	256	512	1024	2048	189	467
384	-37.53	52.127	10	12	1	12	1	2	4	8	16	32	64	128	256	512	1024	2048	105	287
385	-41.782	80.566	15	24	1	12	1	2	4	8	16	32	64	128	256	512	1024	2048	249	601
386	-67.887	-47.081	6	4	1	12	1	2	4	8	16	32	64	128	256	512	1024	2048	292	559
387	-71.875	64.92	2	6	1	12	1	2	4	8	16	32	64	128	256	512	1024	2048	232	502
388	30.537	16.541	13	7	1	12	1	2	4	8	16	32	64	128	256	512	1024	2048	250	455
389	5.429	-36.924	4	13	1	12	1	2	4	8	16	32	64	128	256	512	1024	2048	128	313
390	-19.466	-94.773	9	24	1	12	1	2	4	8	16	32	64	128	256	512	1024	2048	265	452
391	94.995	37.283	9	2	1	12	1	2	4	8	16	32	64	128	256	512	1024	2048	239	544
392	-59.284	-51.669	24	9	1	12	1	2	4	8	16	32	64	128	256	512	1024	2048	259	481
393	83.677	-37.87	15	4	1	12	1	2	4	8	16	32	64	128	256	512	1024	2048	135	324
394	-31.282	76.958	10	20	1	12	1	2	4	8	16	32	64	128	256	512	1024	2048	269	483
395	-21.775	-62.707	3	24	1	12	1	2	4	8	16	32	64	128	256	512	1024	2048	208	528
396	-38.303	79.185	12	13	1	12	1	2	4	8	16	32	64	128	256	512	1024	2048	92	439
397	-65.405	-2.976	6	10	1	12	1	2	4	8	16	32	64	128	256	512	1024	2048	191	385
398	-42.148	-93.52	2	12	1	12	1	2	4	8	16	32	64	128	256	512	1024	2048	229	459
399	-45.922	64.594	20	19	1	12	1	2	4	8	16	32	64	128	256	512	1024	2048	82	431
400	39.221	-92.221	12	19	1	12	1	2	4	8	16	32	64	128	256	512	1024	2048	254	501
401	-16.407	-25.092	13	18	1	12	1	2	4	8	16	32	64	128	256	512	1024	2048	86	331
402	-88.039	99.59	3	13	1	12	1	2	4	8	16	32	64	128	256	512	1024	2048	160	372
403	44.941	-83.928	18	14	1	12	1	2	4	8	16	32	64	128	256	512	1024	2048	132	356
404	11.889	29.626	6	18	1	12	1	2	4	8	16	32	64	128	256	512	1024	2048	111	383
405	-87.778	-31.8	6	19	1	12	1	2	4	8	16	32	64	128	256	512	1024	2048	286	642
406	-23.326	-49.252	7	12	1	12	1	2	4	8	16	32	64	128	256	512	1024	2048	103	288
407	44.533	15.419	16	8	1	12	1	2	4	8	16	32	64	128	256	512	1024	2048	79	275
408	77.683	56.199	23	19	1	12	1	2	4	8	16	32	64	128	256	512	1024	2048	297	644
409	-99.186	69.319	11	21	1	12	1	2	4	8	16	32	64	128	256	512	1024	2048	181	447
410	70.024	-10.589	22	9	1	12	1	2	4	8	16	32	64	128	256	512	1024	2048	97	374
411	-10.537	-8.642	6	2	1	12	1	2	4	8	16	32	64	128	256	512	1024	2048	206	410
412	5.848	4.905	25	4	1	12	1	2	4	8	16	32	64	128	256	512	1024	2048	108	434
413	-82.654	41.072	24	12	1	12	1	2	4	8	16	32	64	128	256	512	1024	2048	259	439
414	-27.619	-79.653	5	6	1	12	1	2	4	8	16	32	64	128	256	512	1024	2048	266	494
415	70.688	27.688	16	9	1	12	1	2	4	8	16	32	64	128	256	512	1024	2048	234	453
416	-37.749	-28.9	5	9	1	12	1	2	4	8	16	32	64	128	256	512	1024	2048	203	545
417	68.157	66.833	3	15	1	12	1	2	4	8	16	32	64	128	256	512	1024	2048	77	317
418	-77.422	71.717	3	7	1	12	1	2	4	8	16	32	64	128	256	512	1024	2048	273	520
419	71.045	71.232	19	18	1	12	1	2	4	8	16	32	64	128	256	512	1024	2048	259	456
420	-19.769	39.49	5	23	1	12	1	2	4	8	16	32	64	128	256	512	1024	2048	146	490
421	-92.568	-64.347	1	24	1	12	1	2	4	8	16	32	64	128	256	512	1024	2048	84	358
422	22.94	-97.178	11	25	1	12	1	2	4	8	16	32	64	128	256	512	1024	2048	123	392
423	-96.173	8.074	16	16	1	12	1	2	4	8	16	32	64	128	256	512	1024	2048	219	532
424	17.682	-69.748	16	9	1	12	1	2	4	8	16	32	64	128	256	512	1024	2048	196	551
425	-57.768	39.715	5	3	1	12	1	2	4	8	16	32	64	128	256	512	1024	2048	165	503
426	-43.472	-70.011	17	10	1	12	1	2	4	8	16	32	64	128	256	512	1024	2048	106	353
427	76.019	-94.839	5	21	1	12	1	2	4	8	16	32	64	128	256	512	1024	2048	91	450
428	-63.408	-32.63	5	2	1	12	1	2	4	8	16	32	64	128	256	512	1024	2048	275	497
429	-27.557	30.459	11	3	1	12	1	2	4	8	16	32	64	128	256	512	1024	2048	297	560
430	-99.622	-10.417	7	9	1	12	1	2	4	8	16	32	64	128	256	512	1024	2048	161	505
431	-96.408	-90.976	4	8	1	12	1	2	4	8	16	32	64	128	256	512	1024	2048	164	514
432	75.591	33.895	10	14	1	12	1	2	4	8	16	32	64	128	256	512	1024	2048	125	417
433	-97.661	-68.98	14	6	1	12	1	2	4	8	16	32	64	128	256	512	1024	2048	210	503
434	78.338	95.216	22	2	1	12	1	2	4	8	16	32	64	128	256	512	1024	2048	233	565
435	64.916	75.631	1	16	1	12	1	2	4	8	16	32	64	128	256	512	1024	2048	154	425
436	-97.571	40.149	2	16	1	12	1	2	4	8	16	32	64	128	256	512	1024	2048	253	483
437	-41.943	75.364	5	19	1	12	1	2	4	8	16	32	64	128	256	512	1024	2048	225	484
438	-93.925	11.645	15	17	1	12	1	2	4	8	16	32	64	128	256	512	1024	2048	297	640
439	56.102	-95.681	15	21	1	12	1	2	4	8	16	32	64	128	256	512	1024	2048	192	544
440	16.477	-25.814	7	25	1	12	1	2	4	8	16	32	64	128	256	512	1024	2048	162	435
441	-42.382	76.447	12	7	1	12	1	2	4	8	16	32	64	128	256	512	1024	2048	145	480
442	-44.745	78.318	4	12	1	12	1	2	4	8	16	32	64	128	256	512	1024	2048	241	504
443	-70.17	-50.321	7	20	1	12	1	2	4	8	16	32	64	128	256	512	1024	2048	88	320
444	43.628	6.119	1	14	1	12	1	2	4	8	16	32	64	128	256	512	1024	2048	100	310
445	55.957	-58.153	5	19	1	12	1	2	4	8	16	32	64	128	256	512	1024	2048	195	410
446	20.394	34.159	13	23	1	12	1	2	4	8	16	32	64	128	256	512	1024	2048	240	455
447	-80.586	-94.243	12	6	1	12	1	2	4	8	16	32	64	128	256	512	1024	2048	226	445
448	-72.56	99.292	13	9	1	12	1	2	4	8	16	32	64	128	256	512	1024	2048	138	334
449	88.007	15.369	1	13	1	12	1	2	4	8	16	32	64	128	256	512	1024	2048	113	384
450	-48.437	-54.38	23	15	1	12	1	2	4	8	16	32	64	128	256	512	1024	2048	257	593
451	-99.368	18.267	13	8	1	12	1	2	4	8	16	32	64	128	256	512	1024	2048	202	425
452	28.532	-88.483	2	25	1	12	1	2	4	8	16	32	64	128	256	512	1024	2048	237	476
453	98.434	-83.286	18	18	1	12	1	2	4	8	16	32	64	128	256	512	1024	2048	119	305
454	-92.193	-55.04	21	2	1	12	1	2	4	8	16	32	64	128	256	512	1024	2048	257	588
455	-1.879	36.763	6	14	1	12	1	2	4	8	16	32	64	128	256	512	1024	2048	241	525
456	68.398	33.017	15	5	1	12	1	2	4	8	16	32	64	128	256	512	1024	2048	270	507
457	-59.529	76.935	18	22	1	12	1	2	4	8	16	32	64	128	256	512	1024	2048	82	366
458	-76.104	59.656	23	7	1	12	1	2	4	8	16	32	64	128	256	512	1024	2048	63	359
459	-80.412	18.087	18	17	1	12	1	2	4	8	16	32	64	128	256	512	1024	2048	158	407
460	30.871	-61.571	10	5	1	12	1	2	4	8	16	32	64	128	256	512	1024	2048	71	271
461	88.587	96.736	9	10	1	12	1	2	4	8	16	32	64	128	256	512	1024	2048	288	566
462	7.128	81.991	2	16	1	12	1	2	4	8	16	32	64	128	256	512	1024	2048	111	373
463	-90.995	-67.043	24	20	1	12	1	2	4	8	16	32	64	128	256	512	1024	2048	154	357
464	-4.581	57.715	3	18	1	12	1	2	4	8	16	32	64	128	256	512	1024	2048	74	304
465	-89.568	97.849	8	2	1	12	1	2	4	8	16	32	64	128	256	512	1024	2048	91	446
466	23.934	8.48	5	24	1	12	1	2	4	8	16	32	64	128	256	512	1024	2048	275	497
467	90.895	44.75	11	17	1	12	1	2	4	8	16	32	64	128	256	512	1024	2048	73	314
468	53.032	-15.794	14	5	1	12	1	2	4	8	16	32	64	128	256	512	1024	2048	158	394
469	-94.632	-37.316	7	18	1	12	1	2	4	8	16	32	64	128	256	512	1024	2048	191	445
470	83.173	0.908	22	5	1	12	1	2	4	8	16	32	64	128	256	512	1024	2048	234	535
471	-69.111	28.013	14	13	1	12	1	2	4	8	16	32	64	128	256	512	1024	2048	238	533
472	-25.602	-82.965	16	24	1	12	1	2	4	8	16	32	64	128	256	512	1024	2048	218	470
473	81.065	92.421	25	20	1	12	1	2	4	8	16	32	64	128	256	512	1024	2048	280	517
474	-60.961	57.279	1	24	1	12	1	2	4	8	16	32	64	128	256	512	1024	2048	116	296
475	-7.482	97.751	6	6	1	12	1	2	4	8	16	32	64	128	256	512	1024	2048	184	496
476	-13.912	-57.282	17	4	1	12	1	2	4	8	16	32	64	128	256	512	1024	2048	104	351
477	-34.426	-48.883	17	10	1	12	1	2	4	8	16	32	64	128	256	512	1024	2048	92	372
478	52.381	47.645	14	17	1	12	1	2	4	8	16	32	64	128	256	512	1024	2048	230	434
479	-38.001	3.211	3	14	1	12	1	2	4	8	16	32	64	128	256	512	1024	2048	269	534
480	-83.29	-97.839	22	3	1	12	1	2	4	8	16	32	64	128	256	512	1024	2048	188	410
481	76.956	-87.147	11	24	1	12	1	2	4	8	16	32	64	128	256	512	1024	2048	288	582
482	71.79	-23.471	11	12	1	12	1	2	4	8	16	32	64	128	256	512	1024	2048	90	288
483	-18.26	67.64	5	25	1	12	1	2	4	8	16	32	64	128	256	512	1024	2048	90	327
484	-45.884	82.377	22	24	1	12	1	2	4	8	16	32	64	128	256	512	1024	2048	118	379
485	45.182	-13.815	21	15	1	12	1	2	4	8	16	32	64	128	256	512	1024	2048	91	405
486	-16.579	-91.529	1	15	1	12	1	2	4	8	16	32	64	128	256	512	1024	2048	166	508
487	79.309	-48.181	19	23	1	12	1	2	4	8	16	32	64	128	256	512	1024	2048	242	570
488	-22.648	-80.734	11	18	1	12	1	2	4	8	16	32	64	128	256	512	1024	2048	233	576
489	48.55	-77.742	8	2	1	12	1	2	4	8	16	32	64	128	256	512	1024	2048	259	526
490	66.838	44.888	20	13	1	12	1	2	4	8	16	32	64	128	256	512	1024	2048	126	382
491	-84.768	-79.497	4	23	1	12	1	2	4	8	16	32	64	128	256	512	1024	2048	144	503
492	-52.882	42.124	14	9	1	12	1	2	4	8	16	32	64	128	256	512	1024	2048	291	495
493	91.457	8.581	14	16	1	12	1	2	4	8	16	32	64	128	256	512	1024	2048	252	457
494	-70.771	44.683	21	16	1	12	1	2	4	8	16	32	64	128	256	512	1024	2048	210	493
495	-38.296	70.884	2	2	1	12	1	2	4	8	16	32	64	128	256	512	1024	2048	75	278
496	78.806	77.5	7	16	1	12	1	2	4	8	16	32	64	128	256	512	1024	2048	239	523
497	-17.485	-94.26	17	15	1	12	1	2	4	8	16	32	64	128	256	512	1024	2048	65	271
498	3.023	31.798	2	16	1	12	1	2	4	8	16	32	64	128	256	512	1024	2048	217	524
499	16.812	-55.327	3	15	1	12	1	2	4	8	16	32	64	128	256	512	1024	2048	230	417
500	25.24	-84.17	1	18	1	12	1	2	4	8	16	32	64	128	256	512	1024	2048	232	457
501	-82.696	-57.59	8	12	1	12	1	2	4	8	16	32	64	128	256	512	1024	2048	67	343
502	-27.46	61.856	14	5	1	12	1	2	4	8	16	32	64	128	256	512	1024	2048	109	444
503	-86.587	80.24	14	21	1	12	1	2	4	8	16	32	64	128	256	512	1024	2048	100	293
504	-34.357	20.982	8	16	1	12	1	2	4	8	16	32	64	128	256	512	1024	2048	79	349
505	95.827	-61.133	22	24	1	12	1	2	4	8	16	32	64	128	256	512	1024	2048	179	524
506	-85.297	79.473	13	22	1	12	1	2	4	8	16	32	64	128	256	512	1024	2048	109	352
507	13.355	-27.539	7	14	1	12	1	2	4	8	16	32	64	128	256	512	1024	2048	114	355
508	-96.872	35.735	3	14	1	12	1	2	4	8	16	32	64	128	256	512	1024	2048	237	423
509	-62.539	45.069	4	15	1	12	1	2	4	8	16	32	64	128	256	512	1024	2048	266	451
510	92.63	-37.475	8	21	1	12	1	2	4	8	16	32	64	128	256	512	1024	2048	141	481
511	-69.398	32.868	2	12	1	12	1	2	4	8	16	32	64	128	256	512	1024	2048	224	556
512	43.035	78.401	21	22	1	12	1	2	4	8	16	32	64	128	256	512	1024	2048	183	428
513	-78.774	-97.845	10	12	1	12	1	2	4	8	16	32	64	128	256	512	1024	2048	64	294
514	63.122	-28.211	8	4	1	12	1	2	4	8	16	32	64	128	256	512	1024	2048	171	361
515	-50.127	-7.132	25	6	1	12	1	2	4	8	16	32	64	128	256	512	1024	2048	252	569
516	67.502	-4.767	4	19	1	12	1	2	4	8	16	32	64	128	256	512	1024	2048	112	381
517	87.95	68.081	24	2	1	12	1	2	4	8	16	32	64	128	256	512	1024	2048	111	360
518	77.513	37.872	10	8	1	12	1	2	4	8	16	32	64	128	256	512	1024	2048	114	463
519	-30.657	-37.889	12	20	1	12	1	2	4	8	16	32	64	128	256	512	1024	2048	93	335
520	-32.922	-57.05	5	16	1	12	1	2	4	8	16	32	64	128	256	512	1024	2048	85	287
521	-88.654	67.289	10	17	1	12	1	2	4	8	16	32	64	128	256	512	1024	2048	110	336
522	-70.256	81.637	21	5	1	12	1	2	4	8	16	32	64	128	256	512	1024	2048	134	464
523	78.346	73.703	5	25	1	12	1	2	4	8	16	32	64	128	256	512	1024	2048	193	528
524	-84.333	-80.772	12	22	1	12	1	2	4	8	16	32	64	128	256	512	1024	2048	268	511
525	-36.57	-23.585	8	22	1	12	1	2	4	8	16	32	64	128	256	512	1024	2048	74	401
526	-3.343	96.136	10	14	1	12	1	2	4	8	16	32	64	128	256	512	1024	2048	126	464
527	-27.868	27.847	19	17	1	12	1	2	4	8	16	32	64	128	256	512	1024	2048	126	456
528	22.987	11.002	13	9	1	12	1	2	4	8	16	32	64	128	256	512	1024	2048	169	482
529	-40.126	83.374	2	3	1	12	1	2	4	8	16	32	64	128	256	512	1024	2048	134	468
530	93.385	-75.927	7	17	1	12	1	2	4	8	16	32	64	128	256	512	1024	2048	202	558
531	-70.184	-69.884	17	8	1	12	1	2	4	8	16	32	64	128	256	512	1024	2048	144	471
532	-76.195	78.467	20	9	1	12	1	2	4	8	16	32	64	128	256	512	1024	2048	95	361
533	-70.312	-96.751	11	23	1	12	1	2	4	8	16	32	64	128	256	512	1024	2048	284	503
534	-17.638	95.431	15	7	1	12	1	2	4	8	16	32	64	128	256	512	1024	2048	266	465
535	-89.402	6.426	19	16	1	12	1	2	4	8	16	32	64	128	256	512	1024	2048	205	555
536	92.973	27.36	4	1	1	12	1	2	4	8	16	32	64	128	256	512	1024	2048	127	344
537	53.399	-12.485	6	5	1	12	1	2	4	8	16	32	64	128	256	512	1024	2048	141	444
538	-97.435	-41.61	18	16	1	12	1	2	4	8	16	32	64	128	256	512	1024	2048	98	413
539	-49.654	-55.233	10	4	1	12	1	2	4	8	16	32	64	128	256	512	1024	2048	88	273
540	-11.199	-83.05	22	11	1	12	1	2	4	8	16	32	64	128	256	512	1024	2048	214	437
541	-82.244	-83.4	4	5	1	12	1	2	4	8	16	32	64	128	256	512	1024	2048	224	509
542	-26.095	57.655	22	18	1	12	1	2	4	8	16	32	64	128	256	512	1024	2048	104	373
543	-49.244	93.869	14	12	1	12	1	2	4	8	16	32	64	128	256	512	1024	2048	115	356
544	-54.417	55.83	16	2	1	12	1	2	4	8	16	32	64	128	256	512	1024	2048	256	611
545	53.013	-63.241	18	14	1	12	1	2	4	8	16	32	64	128	256	512	1024	2048	218	569
546	51.548	90.756	20	15	1	12	1	2	4	8	16	32	64	128	256	512	1024	2048	172	390
547	-83.565	84.086	13	3	1	12	1	2	4	8	16	32	64	128	256	512	1024	2048	129	439
548	-80.13	3.963	11	20	1	12	1	2	4	8	16	32	64	128	256	512	1024	2048	244	561
549	-91.688	14.637	25	14	1	12	1	2	4	8	16	32	64	128	256	512	1024	2048	278	550
550	-55.77	18.579	24	7	1	12	1	2	4	8	16	32	64	128	256	512	1024	2048	189	437
551	73.503	91.074	13	22	1	12	1	2	4	8	16	32	64	128	256	512	1024	2048	240	514
552	72.24	56.12	10	16	1	12	1	2	4	8	16	32	64	128	256	512	1024	2048	226	443
553	-45.032	42.513	20	7	1	12	1	2	4	8	16	32	64	128	256	512	1024	2048	272	528
554	30.536	-85.699	6	3	1	12	1	2	4	8	16	32	64	128	256	512	1024	2048	141	342
555	65.113	87.452	15	15	1	12	1	2	4	8	16	32	64	128	256	512	1024	2048	208	423
556	26.49	-78.842	24	10	1	12	1	2	4	8	16	32	64	128	256	512	1024	2048	191	495
557	-22.337	42.121	14	4	1	12	1	2	4	8	16	32	64	128	256	512	1024	2048	270	498
558	84.538	-60.209	9	18	1	12	1	2	4	8	16	32	64	128	256	512	1024	2048	76	406
559	50.983	93.897	23	8	1	12	1	2	4	8	16	32	64	128	256	512	1024	2048	198	497
560	67.771	-41.162	20	24	1	12	1	2	4	8	16	32	64	128	256	512	1024	2048	83	398
561	-10.946	-81.136	23	9	1	12	1	2	4	8	16	32	64	128	256	512	1024	2048	116	369
562	88.799	4.174	5	6	1	12	1	2	4	8	16	32	64	128	256	512	1024	2048	66	276
563	95.111	84.526	21	16	1	12	1	2	4	8	16	32	64	128	256	512	1024	2048	227	428
564	-15.398	70.27	6	16	1	12	1	2	4	8	16	32	64	128	256	512	1024	2048	265	521
565	-72.079	-63.477	9	6	1	12	1	2	4	8	16	32	64	128	256	512	1024	2048	205	445
566	-7.708	63.376	1	23	1	12	1	2	4	8	16	32	64	128	256	512	1024	2048	285	487
567	38.759	-76.813	25	19	1	12	1	2	4	8	16	32	64	128	256	512	1024	2048	171	497
568	-7.31	-17.889	22	8	1	12	1	2	4	8	16	32	64	128	256	512	1024	2048	140	482
569	46.213	58.74	23	16	1	12	1	2	4	8	16	32	64	128	256	512	1024	2048	278	592
570	15.571	-24.527	19	15	1	12	1	2	4	8	16	32	64	128	256	512	1024	2048	263	487
571	89.007	15.6	7	10	1	12	1	2	4	8	16	32	64	128	256	512	1024	2048	220	548
572	8.629	6.921	6	20	1	12	1	2	4	8	16	32	64	128	256	512	1024	2048	96	433
573	-87.182	89.72	3	4	1	12	1	2	4	8	16	32	64	128	256	512	1024	2048	173	416
574	-60.518	48.371	13	17	1	12	1	2	4	8	16	32	64	128	256	512	1024	2048	179	405
575	-87.307	95.3	13	21	1	12	1	2	4	8	16	32	64	128	256	512	1024	2048	139	494
576	44.515	-15.86	12	16	1	12	1	2	4	8	16	32	64	128	256	512	1024	2048	192	528
577	47.418	60.176	2	3	1	12	1	2	4	8	16	32	64	128	256	512	1024	2048	134	329
578	40.465	-28.865	10	7	1	12	1	2	4	8	16	32	64	128	256	512	1024	2048	117	331
579	-25.052	57.65	20	8	1	12	1	2	4	8	16	32	64	128	256	512	1024	2048	129	334
580	-19.842	-88.066	16	5	1	12	1	2	4	8	16	32	64	128	256	512	1024	2048	107	287
581	8.498	21.597	25	18	1	12	1	2	4	8	16	32	64	128	256	512	1024	2048	214	518
582	-4.075	-57.002	4	5	1	12	1	2	4	8	16	32	64	128	256	512	1024	2048	99	325
583	-98.297	-26.045	20	14	1	12	1	2	4	8	16	32	64	128	256	512	1024	2048	220	573
584	-27.286	12.747	25	22	1	12	1	2	4	8	16	32	64	128	256	512	1024	2048	119	478
585	-30.609	-58.8	18	12	1	12	1	2	4	8	16	32	64	128	256	512	1024	2048	163	368
586	8.692	-91.843	10	18	1	12	1	2	4	8	16	32	64	128	256	512	1024	2048	141	369
587	65.178	-5.969	25	16	1	12	1	2	4	8	16	32	64	128	256	512	1024	2048	289	498
588	54.953	-96.962	15	16	1	12	1	2	4	8	16	32	64	128	256	512	1024	2048	246	596
589	-97.103	58.234	4	22	1	12	1	2	4	8	16	32	64	128	256	512	1024	2048	98	368
590	97.477	81.35	17	2	1	12	1	2	4	8	16	32	64	128	256	512	1024	2048	76	426
591	99.274	-85.273	9	13	1	12	1	2	4	8	16	32	64	128	256	512	1024	2048	78	316
592	-92.125	-39.229	4	4	1	12	1	2	4	8	16	32	64	128	256	512	1024	2048	188	447
593	-80.296	99.275	15	11	1	12	1	2	4	8	16	32	64	128	256	512	1024	2048	181	541
594	-4.521	89.601	23	22	1	12	1	2	4	8	16	32	64	128	256	512	1024	2048	266	616
595	96.536	-32.462	20	16	1	12	1	2	4	8	16	32	64	128	256	512	1024	2048	83	285
596	89.958	60.167	6	20	1	12	1	2	4	8	16	32	64	128	256	512	1024	2048	144	433
597	-21.204	34.464	11	17	1	12	1	2	4	8	16	32	64	128	256	512	1024	2048	113	431
598	-92.189	42.041	25	2	1	12	1	2	4	8	16	32	64	128	256	512	1024	2048	239	487
599	26.647	-63.615	10	2	1	12	1	2	4	8	16	32	64	128	256	512	1024	2048	95	379
600	40.766	99.974	12	11	1	12	1	2	4	8	16	32	64	128	256	512	1024	2048	73	336
601	4.379	-64.345	14	23	1	12	1	2	4	8	16	32	64	128	256	512	1024	2048	146	500
602	63.061	-96.523	11	13	1	12	1	2	4	8	16	32	64	128	256	512	1024	2048	152	432
603	98.325	25.41	17	1	1	12	1	2	4	8	16	32	64	128	256	512	1024	2048	258	534
604	-56.628	29.761	3	18	1	12	1	2	4	8	16	32	64	128	256	512	1024	2048	81	396
605	56.193	57.227	2	7	1	12	1	2	4	8	16	32	64	128	256	512	1024	2048	296	593
606	45.472	-99.471	4	10	1	12	1	2	4	8	16	32	64	128	256	512	1024	2048	184	373
607	-60.104	-51.658	5	5	1	12	1	2	4	8	16	32	64	128	256	512	1024	2048	206	548
608	-80.829	-63.209	6	8	1	12	1	2	4	8	16	32	64	128	256	512	1024	2048	254	610
609	-98.795	-32.312	20	9	1	12	1	2	4	8	16	32	64	128	256	512	1024	2048	247	518
610	7.254	68.995	24	25	1	12	1	2	4	8	16	32	64	128	256	512	1024	2048	297	491
611	18.751	60.037	16	15	1	12	1	2	4	8	16	32	64	128	256	512	1024	2048	202	397
612	-86.017	49.064	22	13	1	12	1	2	4	8	16	32	64	128	256	512	1024	2048	285	487
613	23.47	90.202	16	14	1	12	1	2	4	8	16	32	64	128	256	512	1024	2048	224	567
614	4.737	-5.327	19	14	1	12	1	2	4	8	16	32	64	128	256	512	1024	2048	168	395
615	-61.012	-46.769	7	6	1	12	1	2	4	8	16	32	64	128	256	512	1024	2048	293	481
616	-94.753	93.277	21	6	1	12	1	2	4	8	16	32	64	128	256	512	1024	2048	265	447
617	-83.249	49.102	12	10	1	12	1	2	4	8	16	32	64	128	256	512	1024	2048	109	416
618	-17.236	75.374	5	17	1	12	1	2	4	8	16	32	64	128	256	512	1024	2048	108	322
619	-36.693	7.705	6	1	1	12	1	2	4	8	16	32	64	128	256	512	1024	2048	284	527
620	-46.207	15.097	6	22	1	12	1	2	4	8	16	32	64	128	256	512	1024	2048	223	433
621	-6.468	-91.945	16	24	1	12	1	2	4	8	16	32	64	128	256	512	1024	2048	197	510
622	-51.296	-15.225	14	5	1	12	1	2	4	8	16	32	64	128	256	512	1024	2048	225	422
623	-6.889	-49.82	3	3	1	12	1	2	4	8	16	32	64	128	256	512	1024	2048	156	403
624	-89.393	-96.668	18	7	1	12	1	2	4	8	16	32	64	128	256	512	1024	2048	193	493
625	19.356	-7.406	13	17	1	12	1	2	4	8	16	32	64	128	256	512	1024	2048	272	526
626	-2.372	24.513	1	3	1	12	1	2	4	8	16	32	64	128	256	512	1024	2048	243	553
627	-11.309	-9.908	24	3	1	12	1	2	4	8	16	32	64	128	256	512	1024	2048	146	334
628	-74.272	1.343	7	20	1	12	1	2	4	8	16	32	64	128	256	512	1024	2048	137	480
629	-21.771	-28.745	20	19	1	12	1	2	4	8	16	32	64	128	256	512	1024	2048	261	493
630	-73.34	94.352	20	17	1	12	1	2	4	8	16	32	64	128	256	512	1024	2048	114	322
631	95.052	0.394	23	9	1	12	1	2	4	8	16	32	64	128	256	512	1024	2048	113	437
632	62.608	-60.888	9	6	1	12	1	2	4	8	16	32	64	128	256	512	1024	2048	88	351
633	-51.504	99.99	24	15	1	12	1	2	4	8	16	32	64	128	256	512	1024	2048	299	598
634	-44.223	93.128	21	6	1	12	1	2	4	8	16	32	64	128	256	512	1024	2048	298	602
635	47.821	-11.473	12	13	1	12	1	2	4	8	16	32	64	128	256	512	1024	2048	286	548
636	-64.714	29.571	25	24	1	12	1	2	4	8	16	32	64	128	256	512	1024	2048	147	350
637	-23.929	3.157	18	13	1	12	1	2	4	8	16	32	64	128	256	512	1024	2048	85	311
638	-62.563	-45.039	25	5	1	12	1	2	4	8	16	32	64	128	256	512	1024	2048	260	563
639	46.004	-66.752	11	17	1	12	1	2	4	8	16	32	64	128	256	512	1024	2048	274	511
640	84.428	38.377	17	13	1	12	1	2	4	8	16	32	64	128	256	512	1024	2048	162	468
641	12.02	62.104	2	22	1	12	1	2	4	8	16	32	64	128	256	512	1024	2048	102	398
642	-50.426	-50.313	24	17	1	12	1	2	4	8	16	32	64	128	256	512	1024	2048	163	437
643	-28.652	-75.214	4	7	1	12	1	2	4	8	16	32	64	128	256	512	1024	2048	110	365
644	-72.342	-83.697	21	12	1	12	1	2	4	8	16	32	64	128	256	512	1024	2048	161	485
645	-83.853	61.193	18	20	1	12	1	2	4	8	16	32	64	128	256	512	1024	2048	168	379
646	-11.443	77.977	7	1	1	12	1	2	4	8	16	32	64	128	256	512	1024	2048	282	467
647	-92.898	37.233	8	19	1	12	1	2	4	8	16	32	64	128	256	512	1024	2048	285	517
648	-36.878	-96.437	18	18	1	12	1	2	4	8	16	32	64	128	256	512	1024	2048	184	469
649	-15.449	88.184	23	19	1	12	1	2	4	8	16	32	64	128	256	512	1024	2048	289	551
650	-48.313	75.371	6	14	1	12	1	2	4	8	16	32	64	128	256	512	1024	2048	61	374
651	0.269	-25.621	9	25	1	12	1	2	4	8	16	32	64	128	256	512	1024	2048	78	307
652	-25.088	71.701	15	15	1	12	1	2	4	8	16	32	64	128	256	512	1024	2048	200	463
653	11.896	-83.981	23	10	1	12	1	2	4	8	16	32	64	128	256	512	1024	2048	80	277
654	25.915	64.022	6	2	1	12	1	2	4	8	16	32	64	128	256	512	1024	2048	67	370
655	-33.555	-28.986	18	10	1	12	1	2	4	8	16	32	64	128	256	512	1024	2048	155	430
656	33.041	83.359	10	25	1	12	1	2	4	8	16	32	64	128	256	512	1024	2048	245	517
657	-59.485	-88.316	4	14	1	12	1	2	4	8	16	32	64	128	256	512	1024	2048	103	416
658	90.285	-92.028	13	25	1	12	1	2	4	8	16	32	64	128	256	512	1024	2048	244	490
659	43.353	81.992	25	10	1	12	1	2	4	8	16	32	64	128	256	512	1024	2048	226	454
660	52.495	-92.793	11	14	1	12	1	2	4	8	16	32	64	128	256	512	1024	2048	75	375
661	19.004	57.367	11	8	1	12	1	2	4	8	16	32	64	128	256	512	1024	2048	168	440
662	-53.581	69.173	3	16	1	12	1	2	4	8	16	32	64	128	256	512	1024	2048	194	538
663	-88.217	-96.166	18	17	1	12	1	2	4	8	16	32	64	128	256	512	1024	2048	224	412
664	45.421	86.728	18	1	1	12	1	2	4	8	16	32	64	128	256	512	1024	2048	252	470
665	87.768	37.918	14	15	1	12	1	2	4	8	16	32	64	128	256	512	1024	2048	60	295
666	-23.6	-90.025	6	23	1	12	1	2	4	8	16	32	64	128	256	512	1024	2048	222	538
667	-72.567	52.39	3	2	1	12	1	2	4	8	16	32	64	128	256	512	1024	2048	136	368
668	-27.904	88.116	8	8	1	12	1	2	4	8	16	32	64	128	256	512	1024	2048	88	411
669	93.39	-99.869	4	16	1	12	1	2	4	8	16	32	64	128	256	512	1024	2048	191	509
670	-49.306	-8.166	6	20	1	12	1	2	4	8	16	32	64	128	256	512	1024	2048	200	419
671	-47.948	58.213	2	17	1	12	1	2	4	8	16	32	64	128	256	512	1024	2048	218	518
672	-99.678	86.905	8	12	1	12	1	2	4	8	16	32	64	128	256	512	1024	2048	183	396
673	81.572	-36.695	20	1	1	12	1	2	4	8	16	32	64	128	256	512	1024	2048	221	505
674	54.545	23.866	1	18	1	12	1	2	4	8	16	32	64	128	256	512	1024	2048	159	489
675	-94.315	89.361	4	4	1	12	1	2	4	8	16	32	64	128	256	512	1024	2048	73	402
676	94.715	1.41	15	6	1	12	1	2	4	8	16	32	64	128	256	512	1024	2048	140	322
677	-67.271	-38.55	18	10	1	12	1	2	4	8	16	32	64	128	256	512	1024	2048	295	638
678	88.41	-76.07	6	8	1	12	1	2	4	8	16	32	64	128	256	512	1024	2048	124	400
679	62.192	-73.395	18	3	1	12	1	2	4	8	16	32	64	128	256	512	1024	2048	169	524
680	-36.396	62.007	7	14	1	12	1	2	4	8	16	32	64	128	256	512	1024	2048	90	286
681	20.274	-61.074	6	1	1	12	1	2	4	8	16	32	64	128	256	512	1024	2048	283	490
682	95.206	-26.909	22	3	1	12	1	2	4	8	16	32	64	128	256	512	1024	2048	206	513
683	12.644	70.267	17	25	1	12	1	2	4	8	16	32	64	128	256	512	1024	2048	117	445
684	-18.888	72.497	17	9	1	12	1	2	4	8	16	32	64	128	256	512	1024	2048	265	460
685	-84.995	-79.233	10	11	1	12	1	2	4	8	16	32	64	128	256	512	1024	2048	125	373
686	-48.966	-88.937	20	9	1	12	1	2	4	8	16	32	64	128	256	512	1024	2048	89	288
687	-16.023	66.94	22	2	1	12	1	2	4	8	16	32	64	128	256	512	1024	2048	282	608
688	-24.162	47.72	9	4	1	12	1	2	4	8	16	32	64	128	256	512	1024	2048	284	622
689	-91.917	76.165	6	18	1	12	1	2	4	8	16	32	64	128	256	512	1024	2048	81	271
690	-27.548	-65.902	15	15	1	12	1	2	4	8	16	32	64	128	256	512	1024	2048	265	606
691	53.39	-62.335	17	14	1	12	1	2	4	8	16	32	64	128	256	512	1024	2048	86	331
692	34.508	76.878	13	3	1	12	1	2	4	8	16	32	64	128	256	512	1024	2048	267	611
693	-38.221	-80.407	15	20	1	12	1	2	4	8	16	32	64	128	256	512	1024	2048	78	357
694	95.983	18.751	3	22	1	12	1	2	4	8	16	32	64	128	256	512	1024	2048	82	410
695	-35.507	-51.476	19	23	1	12	1	2	4	8	16	32	64	128	256	512	1024	2048	185	406
696	-48.819	35.477	20	3	1	12	1	2	4	8	16	32	64	128	256	512	1024	2048	295	530
697	-60.245	-68.289	19	10	1	12	1	2	4	8	16	32	64	128	256	512	1024	2048	295	598
698	-36.753	-70.981	17	16	1	12	1	2	4	8	16	32	64	128	256	512	1024	2048	293	627
699	-85.12	-89.277	15	13	1	12	1	2	4	8	16	32	64	128	256	512	1024	2048	251	492
700	-76.728	-3.117	4	18	1	12	1	2	4	8	16	32	64	128	256	512	1024	2048	244	424
701	27.865	-30.569	6	14	1	12	1	2	4	8	16	32	64	128	256	512	1024	2048	260	535
702	-28.618	-31.981	3	14	1	12	1	2	4	8	16	32	64	128	256	512	1024	2048	135	442
703	81.219	18.097	15	11	1	12	1	2	4	8	16	32	64	128	256	512	1024	2048	245	440
704	-13.241	-85.219	13	17	1	12	1	2	4	8	16	32	64	128	256	512	1024	2048	169	355
705	-41.644	-96.769	5	22	1	12	1	2	4	8	16	32	64	128	256	512	1024	2048	109	382
706	51.088	-29.67	10	7	1	12	1	2	4	8	16	32	64	128	256	512	1024	2048	243	522
707	-33.43	-93.188	8	15	1	12	1	2	4	8	16	32	64	128	256	512	1024	2048	140	356
708	9.018	90.888	17	10	1	12	1	2	4	8	16	32	64	128	256	512	1024	2048	196	489
709	-71.808	56.635	22	25	1	12	1	2	4	8	16	32	64	128	256	512	1024	2048	235	523
710	84.16	-31.976	7	1	1	12	1	2	4	8	16	32	64	128	256	512	1024	2048	139	337
711	-44.312	-9.621	1	15	1	12	1	2	4	8	16	32	64	128	256	512	1024	2048	133	347
712	-2.506	-75.704	14	17	1	12	1	2	4	8	16	32	64	128	256	512	1024	2048	288	564
713	40.647	-93.25	19	19	1	12	1	2	4	8	16	32	64	128	256	512	1024	2048	294	510
714	-89.538	61.172	10	18	1	12	1	2	4	8	16	32	64	128	256	512	1024	2048	65	385
715	-86.77	47.273	17	15	1	12	1	2	4	8	16	32	64	128	256	512	1024	2048	137	447
716	-10.815	-39.277	10	16	1	12	1	2	4	8	16	32	64	128	256	512	1024	2048	64	265
717	-41.306	78.926	9	18	1	12	1	2	4	8	16	32	64	128	256	512	1024	2048	260	568
718	43.246	-60.635	17	13	1	12	1	2	4	8	16	32	64	128	256	512	1024	2048	129	485
719	39.661	-54.372	11	23	1	12	1	2	4	8	16	32	64	128	256	512	1024	2048	200	437
720	21.123	-79.729	25	14	1	12	1	2	4	8	16	32	64	128	256	512	1024	2048	211	409
721	-33.062	-37.964	2	2	1	12	1	2	4	8	16	32	64	128	256	512	1024	2048	246	540
722	85.331	-23.661	15	14	1	12	1	2	4	8	16	32	64	128	256	512	1024	2048	186	535
723	-8.265	89.701	15	23	1	12	1	2	4	8	16	32	64	128	256	512	1024	2048	71	337
724	-32.68	-53.706	20	23	1	12	1	2	4	8	16	32	64	128	256	512	1024	2048	281	534
725	-8.922	90.571	23	21	1	12	1	2	4	8	16	32	64	128	256	512	1024	2048	297	592
726	7.112	72.266	14	16	1	12	1	2	4	8	16	32	64	128	256	512	1024	2048	193	375
727	37.634	-82.97	25	5	1	12	1	2	4	8	16	32	64	128	256	512	1024	2048	91	326
728	55.796	-25.062	11	22	1	12	1	2	4	8	16	32	64	128	256	512	1024	2048	249	559
729	-84.637	18.508	24	9	1	12	1	2	4	8	16	32	64	128	256	512	1024	2048	178	499
730	-81.025	-77.542	4	22	1	12	1	2	4	8	16	32	64	128	256	512	1024	2048	260	580
731	48.153	60.186	15	4	1	12	1	2	4	8	16	32	64	128	256	512	1024	2048	229	582
732	-56.71	-65.612	3	23	1	12	1	2	4	8	16	32	64	128	256	512	1024	2048	215	462
733	-46.037	67.393	23	14	1	12	1	2	4	8	16	32	64	128	256	512	1024	2048	169	406
734	-72.361	-70.591	12	13	1	12	1	2	4	8	16	32	64	128	256	512	1024	2048	171	414
735	-90.585	-7.05	18	13	1	12	1	2	4	8	16	32	64	128	256	512	1024	2048	89	299
736	-73.162	79.959	22	8	1	12	1	2	4	8	16	32	64	128	256	512	1024	2048	298	538
737	67.217	85.366	18	14	1	12	1	2	4	8	16	32	64	128	256	512	1024	2048	152	477
738	-68.613	-68.349	10	1	1	12	1	2	4	8	16	32	64	128	256	512	1024	2048	290	593
739	-99.252	-66.352	6	19	1	12	1	2	4	8	16	32	64	128	256	512	1024	2048	290	512
740	-84.413	-62.967	4	22	1	12	1	2	4	8	16	32	64	128	256	512	1024	2048	114	445
741	-54.542	-82.485	15	21	1	12	1	2	4	8	16	32	64	128	256	512	1024	2048	285	557
742	-68.312	97.969	6	4	1	12	1	2	4	8	16	32	64	128	256	512	1024	2048	192	480
743	27.56	-32.342	20	18	1	12	1	2	4	8	16	32	64	128	256	512	1024	2048	281	623
744	-63.012	-96.59	20	7	1	12	1	2	4	8	16	32	64	128	256	512	1024	2048	256	549
745	98.758	-42.422	25	13	1	12	1	2	4	8	16	32	64	128	256	512	1024	2048	228	506
746	-14.48	-38.43	13	1	1	12	1	2	4	8	16	32	64	128	256	512	1024	2048	132	394
747	-87.251	68.357	9	4	1	12	1	2	4	8	16	32	64	128	256	512	1024	2048	300	637
748	-27.155	-39.51	20	20	1	12	1	2	4	8	16	32	64	128	256	512	1024	2048	66	257
749	93.292	-59.465	25	13	1	12	1	2	4	8	16	32	64	128	256	512	1024	2048	140	468
750	62.407	-3.828	17	17	1	12	1	2	4	8	16	32	64	128	256	512	1024	2048	200	400
751	-33.323	67.417	13	5	1	12	1	2	4	8	16	32	64	128	256	512	1024	2048	67	280
752	77.743	34.381	7	4	1	12	1	2	4	8	16	32	64	128	256	512	1024	2048	151	462
753	-1.776	82.245	6	24	1	12	1	2	4	8	16	32	64	128	256	512	1024	2048	245	490
754	-24.851	68.574	12	20	1	12	1	2	4	8	16	32	64	128	256	512	1024	2048	131	311
755	92.78	-59.985	25	2	1	12	1	2	4	8	16	32	64	128	256	512	1024	2048	289	602
756	80.947	-44.933	22	21	1	12	1	2	4	8	16	32	64	128	256	512	1024	2048	66	414
757	-35.353	38.549	14	21	1	12	1	2	4	8	16	32	64	128	256	512	1024	2048	88	314
758	68.909	24.96	21	6	1	12	1	2	4	8	16	32	64	128	256	512	1024	2048	253	549
759	86.867	-93.257	10	23	1	12	1	2	4	8	16	32	64	128	256	512	1024	2048	129	326
760	-12.914	-78.012	13	5	1	12	1	2	4	8	16	32	64	128	256	512	1024	2048	154	409
761	-77.963	-60.184	9	3	1	12	1	2	4	8	16	32	64	128	256	512	1024	2048	150	466
762	-77.772	47.538	20	23	1	12	1	2	4	8	16	32	64	128	256	512	1024	2048	214	444
763	-70.394	-55.15	6	19	1	12	1	2	4	8	16	32	64	128	256	512	1024	2048	151	484
764	-98.062	-45.386	11	22	1	12	1	2	4	8	16	32	64	128	256	512	1024	2048	300	594
765	48.307	-91.44	16	6	1	12	1	2	4	8	16	32	64	128	256	512	1024	2048	84	281
766	-40.905	87.054	12	20	1	12	1	2	4	8	16	32	64	128	256	512	1024	2048	163	417
767	84.78	-53.103	21	6	1	12	1	2	4	8	16	32	64	128	256	512	1024	2048	251	487
768	86.924	-73.159	14	2	1	12	1	2	4	8	16	32	64	128	256	512	1024	2048	113	377
769	-90.067	50.4	1	2	1	12	1	2	4	8	16	32	64	128	256	512	1024	2048	199	517
770	-87.469	-34.504	6	11	1	12	1	2	4	8	16	32	64	128	256	512	1024	2048	100	426
771	-81.117	-97.785	6	17	1	12	1	2	4	8	16	32	64	128	256	512	1024	2048	260	588
772	27.857	-34.072	24	14	1	12	1	2	4	8	16	32	64	128	256	512	1024	2048	269	474
773	86.382	54.933	8	13	1	12	1	2	4	8	16	32	64	128	256	512	1024	2048	80	322
774	-71.276	-6.169	13	21	1	12	1	2	4	8	16	32	64	128	256	512	1024	2048	126	472
775	-50.602	51.637	16	21	1	12	1	2	4	8	16	32	64	128	256	512	1024	2048	163	360
776	-98.207	-86.931	9	10	1	12	1	2	4	8	16	32	64	128	256	512	1024	2048	266	484
777	-37.713	8.607	18	5	1	12	1	2	4	8	16	32	64	128	256	512	1024	2048	180	371
778	76.394	82.615	6	21	1	12	1	2	4	8	16	32	64	128	256	512	1024	2048	134	371
779	89.911	-67.787	5	21	1	12	1	2	4	8	16	32	64	128	256	512	1024	2048	127	417
780	12.792	-77.573	24	2	1	12	1	2	4	8	16	32	64	128	256	512	1024	2048	212	470
781	32.602	79.379	14	24	1	12	1	2	4	8	16	32	64	128	256	512	1024	2048	99	334
782	-85.552	-74.545	2	22	1	12	1	2	4	8	16	32	64	128	256	512	1024	2048	237	544
783	-2.067	30.598	11	11	1	12	1	2	4	8	16	32	64	128	256	512	1024	2048	97	367
784	-17.588	-19.484	19	1	1	12	1	2	4	8	16	32	64	128	256	512	1024	2048	82	304
785	3.51	98.068	18	18	1	12	1	2	4	8	16	32	64	128	256	512	1024	2048	202	470
786	-87.516	11.264	1	10	1	12	1	2	4	8	16	32	64	128	256	512	1024	2048	153	350
787	45.812	-75.902	21	12	1	12	1	2	4	8	16	32	64	128	256	512	1024	2048	214	447
788	71.882	5.124	23	10	1	12	1	2	4	8	16	32	64	128	256	512	1024	2048	131	347
789	-31.067	58.318	21	8	1	12	1	2	4	8	16	32	64	128	256	512	1024	2048	248	578
790	65.082	99.021	7	24	1	12	1	2	4	8	16	32	64	128	256	512	1024	2048	77	347
791	-56.052	-13.811	15	6	1	12	1	2	4	8	16	32	64	128	256	512	1024	2048	272	632
792	-1.656	92.442	8	3	1	12	1	2	4	8	16	32	64	128	256	512	1024	2048	201	476
793	-29.762	-42.068	1	4	1	12	1	2	4	8	16	32	64	128	256	512	1024	2048	272	546
794	0.509	36.966	7	25	1	12	1	2	4	8	16	32	64	128	256	512	1024	2048	207	566
795	80.412	-60.601	21	9	1	12	1	2	4	8	16	32	64	128	256	512	1024	2048	265	591
796	-55.784	26.373	11	22	1	12	1	2	4	8	16	32	64	128	256	512	1024	2048	219	572
797	72.691	-52.233	1	22	1	12	1	2	4	8	16	32	64	128	256	512	1024	2048	273	553
798	-42.554	78.215	16	21	1	12	1	2	4	8	16	32	64	128	256	512	1024	2048	164	412
799	38.88	-18.445	4	17	1	12	1	2	4	8	16	32	64	128	256	512	1024	2048	237	464
800	85.134	19.835	4	6	1	12	1	2	4	8	16	32	64	128	256	512	1024	2048	66	325
801	2.279	22.286	15	17	1	12	1	2	4	8	16	32	64	128	256	512	1024	2048	218	442
802	-64.263	-8.569	2	9	1	12	1	2	4	8	16	32	64	128	256	512	1024	2048	299	515
803	21.8	4.208	9	13	1	12	1	2	4	8	16	32	64	128	256	512	1024	2048	162	464
804	-13.305	64.133	11	1	1	12	1	2	4	8	16	32	64	128	256	512	1024	2048	252	522
805	-37.673	-73.17	23	8	1	12	1	2	4	8	16	32	64	128	256	512	1024	2048	185	512
806	-31.692	-93.618	15	3	1	12	1	2	4	8	16	32	64	128	256	512	1024	2048	129	434
807	-97.364	-65.298	22	2	1	12	1	2	4	8	16	32	64	128	256	512	1024	2048	101	345
808	85.03	52.421	25	25	1	12	1	2	4	8	16	32	64	128	256	512	1024	2048	188	515
809	87.496	-55.842	1	18	1	12	1	2	4	8	16	32	64	128	256	512	1024	2048	288	614
810	7.713	-83.339	20	17	1	12	1	2	4	8	16	32	64	128	256	512	1024	2048	275	542
811	-81.234	81.319	25	10	1	12	1	2	4	8	16	32	64	128	256	512	1024	2048	167	407
812	63.911	-64.18	3	4	1	12	1	2	4	8	16	32	64	128	256	512	1024	2048	62	328
813	67.778	-33.851	14	19	1	12	1	2	4	8	16	32	64	128	256	512	1024	2048	266	532
814	81.622	96.369	20	3	1	12	1	2	4	8	16	32	64	128	256	512	1024	2048	244	589
815	-52.002	36.857	10	4	1	12	1	2	4	8	16	32	64	128	256	512	1024	2048	117	448
816	87.598	-44.824	23	24	1	12	1	2	4	8	16	32	64	128	256	512	1024	2048	117	364
817	62.311	-81.2	13	18	1	12	1	2	4	8	16	32	64	128	256	512	1024	2048	91	440
818	90.643	-71.205	4	16	1	12	1	2	4	8	16	32	64	128	256	512	1024	2048	179	390
819	74.558	-63.818	2	9	1	12	1	2	4	8	16	32	64	128	256	512	1024	2048	76	345
820	-73.424	29.408	10	9	1	12	1	2	4	8	16	32	64	128	256	512	1024	2048	100	406
821	-72.927	-66.44	25	9	1	12	1	2	4	8	16	32	64	128	256	512	1024	2048	119	354
822	-56.744	-12.566	8	23	1	12	1	2	4	8	16	32	64	128	256	512	1024	2048	189	448
823	-75.255	-62.789	7	19	1	12	1	2	4	8	16	32	64	128	256	512	1024	2048	147	504
824	53.461	-10.909	20	25	1	12	1	2	4	8	16	32	64	128	256	512	1024	2048	128	351
825	-33.693	-34.059	1	16	1	12	1	2	4	8	16	32	64	128	256	512	1024	2048	105	368
826	-15.166	-74.484	7	22	1	12	1	2	4	8	16	32	64	128	256	512	1024	2048	297	615
827	-21.55	60.799	20	7	1	12	1	2	4	8	16	32	64	128	256	512	1024	2048	160	447
828	86.108	-10.761	19	15	1	12	1	2	4	8	16	32	64	128	256	512	1024	2048	166	455
829	42.287	69.491	6	20	1	12	1	2	4	8	16	32	64	128	256	512	1024	2048	217	400
830	73.894	-5.03	18	24	1	12	1	2	4	8	16	32	64	128	256	512	1024	2048	284	642
831	-29.064	57.177	10	17	1	12	1	2	4	8	16	32	64	128	256	512	1024	2048	274	547
832	-69.662	-46.074	18	12	1	12	1	2	4	8	16	32	64	128	256	512	1024	2048	297	633
833	-57.908	-71.319	5	10	1	12	1	2	4	8	16	32	64	128	256	512	1024	2048	138	492
834	-88.15	-61.45	23	5	1	12	1	2	4	8	16	32	64	128	256	512	1024	2048	61	287
835	38.336	70.675	11	24	1	12	1	2	4	8	16	32	64	128	256	512	1024	2048	228	499
836	75.066	92.851	16	20	1	12	1	2	4	8	16	32	64	128	256	512	1024	2048	126	312
837	21.153	-29.633	4	5	1	12	1	2	4	8	16	32	64	128	256	512	1024	2048	186	471
838	-85.024	97.27	12	5	1	12	1	2	4	8	16	32	64	128	256	512	1024	2048	232	582
839	94.121	8.383	21	8	1	12	1	2	4	8	16	32	64	128	256	512	1024	2048	110	374
840	33.819	55.511	11	23	1	12	1	2	4	8	16	32	64	128	256	512	1024	2048	287	539
841	51.595	-31.665	22	13	1	12	1	2	4	8	16	32	64	128	256	512	1024	2048	262	471
842	80.815	-60.041	1	10	1	12	1	2	4	8	16	32	64	128	256	512	1024	2048	161	436
843	-23.098	75.113	10	4	1	12	1	2	4	8	16	32	64	128	256	512	1024	2048	259	605
844	11.211	99.571	17	8	1	12	1	2	4	8	16	32	64	128	256	512	1024	2048	180	467
845	-26.969	-31.036	3	6	1	12	1	2	4	8	16	32	64	128	256	512	1024	2048	214	551
846	-3.579	-85.478	6	7	1	12	1	2	4	8	16	32	64	128	256	512	1024	2048	297	551
847	-43.507	-19.078	23	21	1	12	1	2	4	8	16	32	64	128	256	512	1024	2048	256	602
848	55.988	-94.634	20	21	1	12	1	2	4	8	16	32	64	128	256	512	1024	2048	190	523
849	-48.279	-63.355	21	20	1	12	1	2	4	8	16	32	64	128	256	512	1024	2048	120	439
850	96.818	-7.358	21	1	1	12	1	2	4	8	16	32	64	128	256	512	1024	2048	190	424
851	49.487	-72.534	23	1	1	12	1	2	4	8	16	32	64	128	256	512	1024	2048	183	471
852	-7.135	85.259	20	3	1	12	1	2	4	8	16	32	64	128	256	512	1024	2048	143	493
853	-26.029	-99.228	3	2	1	12	1	2	4	8	16	32	64	128	256	512	1024	2048	121	341
854	86.448	-52.303	23	17	1	12	1	2	4	8	16	32	64	128	256	512	1024	2048	151	504
855	-51.352	3.885	20	2	1	12	1	2	4	8	16	32	64	128	256	512	1024	2048	60	319
856	82.034	-56.098	8	19	1	12	1	2	4	8	16	32	64	128	256	512	1024	2048	215	451
857	1.944	43.674	15	6	1	12	1	2	4	8	16	32	64	128	256	512	1024	2048	232	576
858	28.441	-95.622	4	22	1	12	1	2	4	8	16	32	64	128	256	512	1024	2048	119	364
859	72.136	-69.959	14	9	1	12	1	2	4	8	16	32	64	128	256	512	1024	2048	273	487
860	-31.831	-32.83	7	22	1	12	1	2	4	8	16	32	64	128	256	512	1024	2048	69	345
861	-6.037	-65.246	21	16	1	12	1	2	4	8	16	32	64	128	256	512	1024	2048	148	366
862	77.803	-60.946	14	6	1	12	1	2	4	8	16	32	64	128	256	512	1024	2048	105	286
863	98.121	-37.275	20	11	1	12	1	2	4	8	16	32	64	128	256	512	1024	2048	250	500
864	-87.847	-21.452	9	2	1	12	1	2	4	8	16	32	64	128	256	512	1024	2048	298	607
865	72.626	-79.248	18	14	1	12	1	2	4	8	16	32	64	128	256	512	1024	2048	268	562
866	-65.636	-45.814	20	14	1	12	1	2	4	8	16	32	64	128	256	512	1024	2048	275	455
867	82.311	-44.945	9	9	1	12	1	2	4	8	16	32	64	128	256	512	1024	2048	191	374
868	78.313	-44.396	7	1	1	12	1	2	4	8	16	32	64	128	256	512	1024	2048	280	617
869	82.769	-19.197	14	8	1	12	1	2	4	8	16	32	64	128	256	512	1024	2048	177	457
870	97.7	87.055	3	13	1	12	1	2	4	8	16	32	64	128	256	512	1024	2048	88	435
871	-97.863	58.727	8	2	1	12	1	2	4	8	16	32	64	128	256	512	1024	2048	236	430
872	57.231	53.848	9	5	1	12	1	2	4	8	16	32	64	128	256	512	1024	2048	230	469
873	-31.21	56.176	5	5	1	12	1	2	4	8	16	32	64	128	256	512	1024	2048	102	396
874	68.82	38.553	12	13	1	12	1	2	4	8	16	32	64	128	256	512	1024	2048	154	504
875	82.393	83.708	16	12	1	12	1	2	4	8	16	32	64	128	256	512	1024	2048	77	403
876	-62.522	18.833	22	16	1	12	1	2	4	8	16	32	64	128	256	512	1024	2048	97	286
877	80.575	-72.258	17	6	1	12	1	2	4	8	16	32	64	128	256	512	1024	2048	245	523
878	72.266	-23.318	15	15	1	12	1	2	4	8	16	32	64	128	256	512	1024	2048	164	475
879	-97.663	-0.351	22	12	1	12	1	2	4	8	16	32	64	128	256	512	1024	2048	270	514
880	88.798	-31.563	1	22	1	12	1	2	4	8	16	32	64	128	256	512	1024	2048	148	448
881	-96.661	-64.995	4	5	1	12	1	2	4	8	16	32	64	128	256	512	1024	2048	190	456
882	-77.636	76.591	3	12	1	12	1	2	4	8	16	32	64	128	256	512	1024	2048	274	520
883	0.731	-91.67	13	25	1	12	1	2	4	8	16	32	64	128	256	512	1024	2048	158	494
884	-49.309	-76.281	23	1	1	12	1	2	4	8	16	32	64	128	256	512	1024	2048	235	525
885	44.518	20.486	3	19	1	12	1	2	4	8	16	32	64	128	256	512	1024	2048	194	525
886	-41.869	-43.521	14	3	1	12	1	2	4	8	16	32	64	128	256	512	1024	2048	110	374
887	41.719	-85.799	14	18	1	12	1	2	4	8	16	32	64	128	256	512	1024	2048	134	487
888	-13.884	40.651	19	21	1	12	1	2	4	8	16	32	64	128	256	512	1024	2048	265	558
889	98.288	83.237	21	18	1	12	1	2	4	8	16	32	64	128	256	512	1024	2048	144	467
890	84.087	39.72	17	23	1	12	1	2	4	8	16	32	64	128	256	512	1024	2048	113	406
891	61.351	19.216	5	17	1	12	1	2	4	8	16	32	64	128	256	512	1024	2048	230	434
892	-85.173	41.155	5	3	1	12	1	2	4	8	16	32	64	128	256	512	1024	2048	128	348
893	-50.43	-74.077	23	4	1	12	1	2	4	8	16	32	64	128	256	512	1024	2048	252	446
894	-84.887	66.24	18	17	1	12	1	2	4	8	16	32	64	128	256	512	1024	2048	217	429
895	-54.275	-24.024	13	2	1	12	1	2	4	8	16	32	64	128	256	512	1024	2048	276	607
896	30.542	58.878	20	8	1	12	1	2	4	8	16	32	64	128	256	512	1024	2048	97	429
897	-75.788	53.154	20	12	1	12	1	2	4	8	16	32	64	128	256	512	1024	2048	146	444
898	-48.484	-48.387	16	20	1	12	1	2	4	8	16	32	64	128	256	512	1024	2048	181	472
899	-26.779	98.093	17	1	1	12	1	2	4	8	16	32	64	128	256	512	1024	2048	160	379
900	-35.357	66.007	16	16	1	12	1	2	4	8	16	32	64	128	256	512	1024	2048	192	542
901	-45.131	85.052	12	8	1	12	1	2	4	8	16	32	64	128	256	512	1024	2048	84	278
902	-4.317	44.19	7	16	1	12	1	2	4	8	16	32	64	128	256	512	1024	2048	251	578
903	86.487	29.153	4	2	1	12	1	2	4	8	16	32	64	128	256	512	1024	2048	93	319
904	-69.551	-36.122	3	13	1	12	1	2	4	8	16	32	64	128	256	512	1024	2048	100	454
905	-7.98	-84.024	4	9	1	12	1	2	4	8	16	32	64	128	256	512	1024	2048	123	439
906	-50.529	52.667	10	21	1	12	1	2	4	8	16	32	64	128	256	512	1024	2048	119	474
907	60.99	-86.828	24	21	1	12	1	2	4	8	16	32	64	128	256	512	1024	2048	221	449
908	-93.131	-31.614	18	10	1	12	1	2	4	8	16	32	64	128	256	512	1024	2048	275	512
909	22.123	-53.958	16	8	1	12	1	2	4	8	16	32	64	128	256	512	1024	2048	199	552
910	-0.388	39.671	24	20	1	12	1	2	4	8	16	32	64	128	256	512	1024	2048	203	537
911	-47.725	-45.791	21	17	1	12	1	2	4	8	16	32	64	128	256	512	1024	2048	234	517
912	49.93	-14.23	21	5	1	12	1	2	4	8	16	32	64	128	256	512	1024	2048	67	288
913	72.505	85.257	17	17	1	12	1	2	4	8	16	32	64	128	256	512	1024	2048	86	285
914	49.591	81.528	20	2	1	12	1	2	4	8	16	32	64	128	256	512	1024	2048	292	609
915	64.827	-64.104	17	2	1	12	1	2	4	8	16	32	64	128	256	512	1024	2048	169	368
916	89.909	-56.039	14	6	1	12	1	2	4	8	16	32	64	128	256	512	1024	2048	274	497
917	32.676	40.31	19	9	1	12	1	2	4	8	16	32	64	128	256	512	1024	2048	202	483
918	-60.52	-44.373	7	16	1	12	1	2	4	8	16	32	64	128	256	512	1024	2048	139	490
919	-33.656	-69.415	17	21	1	12	1	2	4	8	16	32	64	128	256	512	1024	2048	180	536
920	41.159	-7.667	21	14	1	12	1	2	4	8	16	32	64	128	256	512	1024	2048	140	433
921	58.797	-75.65	24	10	1	12	1	2	4	8	16	32	64	128	256	512	1024	2048	215	522
922	93.202	-1.173	24	12	1	12	1	2	4	8	16	32	64	128	256	512	1024	2048	145	500
923	50.051	-86.158	16	21	1	12	1	2	4	8	16	32	64	128	256	512	1024	2048	85	308
924	83.878	38.733	6	12	1	12	1	2	4	8	16	32	64	128	256	512	1024	2048	159	515
925	-41.583	-16.848	1	20	1	12	1	2	4	8	16	32	64	128	256	512	1024	2048	175	504
926	-47.441	90.979	1	16	1	12	1	2	4	8	16	32	64	128	256	512	1024	2048	244	448
927	85.905	-23.227	2	22	1	12	1	2	4	8	16	32	64	128	256	512	1024	2048	231	508
928	-2.708	-79.042	19	23	1	12	1	2	4	8	16	32	64	128	256	512	1024	2048	137	330
929	9.248	65.849	10	4	1	12	1	2	4	8	16	32	64	128	256	512	1024	2048	95	392
930	57.981	72.247	4	11	1	12	1	2	4	8	16	32	64	128	256	512	1024	2048	179	484
931	-42.117	-59.073	13	1	1	12	1	2	4	8	16	32	64	128	256	512	1024	2048	227	417
932	-26.294	65.731	5	5	1	12	1	2	4	8	16	32	64	128	256	512	1024	2048	154	433
933	54.026	-83.962	23	19	1	12	1	2	4	8	16	32	64	128	256	512	1024	2048	194	458
934	-24.809	96.627	18	10	1	12	1	2	4	8	16	32	64	128	256	512	1024	2048	131	450
935	26.372	-95.002	14	19	1	12	1	2	4	8	16	32	64	128	256	512	1024	2048	225	437
936	-93.393	35.366	4	15	1	12	1	2	4	8	16	32	64	128	256	512	1024	2048	198	494
937	-54.393	96.067	17	21	1	12	1	2	4	8	16	32	64	128	256	512	1024	2048	188	533
938	96.901	-20.804	11	24	1	12	1	2	4	8	16	32	64	128	256	512	1024	2048	179	528
939	-51.036	-16.036	6	19	1	12	1	2	4	8	16	32	64	128	256	512	1024	2048	71	260
940	-76.031	34.128	11	19	1	12	1	2	4	8	16	32	64	128	256	512	1024	2048	240	557
941	79.717	-58.109	1	6	1	12	1	2	4	8	16	32	64	128	256	512	1024	2048	255	613
942	42.034	-22.569	15	19	1	12	1	2	4	8	16	32	64	128	256	512	1024	2048	176	358
943	77.054	55.934	4	25	1	12	1	2	4	8	16	32	64	128	256	512	1024	2048	294	620
944	-52.777	-24.119	23	4	1	12	1	2	4	8	16	32	64	128	256	512	1024	2048	236	560
945	-35.36	50.715	16	7	1	12	1	2	4	8	16	32	64	128	256	512	1024	2048	159	421
946	98.285	87.072	6	22	1	12	1	2	4	8	16	32	64	128	256	512	1024	2048	168	350
947	59.37	74.806	8	5	1	12	1	2	4	8	16	32	64	128	256	512	1024	2048	273	512
948	-64.331	23.472	6	21	1	12	1	2	4	8	16	32	64	128	256	512	1024	2048	144	425
949	73.276	-12.477	16	13	1	12	1	2	4	8	16	32	64	128	256	512	1024	2048	220	499
950	2.274	-96.067	2	19	1	12	1	2	4	8	16	32	64	128	256	512	1024	2048	262	600
951	6.738	-95.435	8	24	1	12	1	2	4	8	16	32	64	128	256	512	1024	2048	148	477
952	5.123	97.962	12	18	1	12	1	2	4	8	16	32	64	128	256	512	1024	2048	241	499
953	86.534	57.866	6	4	1	12	1	2	4	8	16	32	64	128	256	512	1024	2048	238	425
954	-49.122	-54.459	1	10	1	12	1	2	4	8	16	32	64	128	256	512	1024	2048	189	412
955	60.321	88.368	1	1	1	12	1	2	4	8	16	32	64	128	256	512	1024	2048	293	596
956	69.229	47.683	1	19	1	12	1	2	4	8	16	32	64	128	256	512	1024	2048	137	321
957	35.554	-23.515	17	12	1	12	1	2	4	8	16	32	64	128	256	512	1024	2048	66	381
958	-42.409	54.714	5	20	1	12	1	2	4	8	16	32	64	128	256	512	1024	2048	179	434
959	73.351	-34.81	12	3	1	12	1	2	4	8	16	32	64	128	256	512	1024	2048	62	392
960	-31.881	75.675	25	5	1	12	1	2	4	8	16	32	64	128	256	512	1024	2048	281	497
961	44.306	-25.952	0	0	0	0	0	1000
962	-32.403	14.042	0	0	0	0	0	1000
963	37.663	13.769	0	0	0	0	0	1000
964	-15.104	12.111	0	0	0	0	0	1000
965	32.413	24.218	0	0	0	0	0	1000
966	10.846	-42.185	0	0	0	0	0	1000
967	37.199	1.346	0	0	0	0	0	1000
968	-33.128	-14.172	0	0	0	0	0	1000
969	-8.716	-4.86	0	0	0	0	0	1000
970	-25.037	19.618	0	0	0	0	0	1000
971	23.605	39.795	0	0	0	0	0	1000
972	41.196	45.258	0	0	0	0	0	1000
