6 10 960 12
400 170
400 170
400 170
400 170
400 170
400 170
400 170
400 170
400 170
400 170
400 170
400 170
1	61.698	-53.092	13	13	1	12	1	2	4	8	16	32	64	128	256	512	1024	2048	283	418
2	-63.955	-22.283	20	23	1	12	1	2	4	8	16	32	64	128	256	512	1024	2048	197	299
3	75.778	-69.433	12	11	1	12	1	2	4	8	16	32	64	128	256	512	1024	2048	386	515
4	22.586	-83.907	17	1	1	12	1	2	4	8	16	32	64	128	256	512	1024	2048	84	194
5	-86.788	-27.145	25	6	1	12	1	2	4	8	16	32	64	128	256	512	1024	2048	229	339
6	-81.831	-39.166	5	16	1	12	1	2	4	8	16	32	64	128	256	512	1024	2048	169	281
7	19.863	24.925	23	25	1	12	1	2	4	8	16	32	64	128	256	512	1024	2048	129	289
8	-63.5	16.599	6	5	1	12	1	2	4	8	16	32	64	128	256	512	1024	2048	244	387
9	96.287	-67.422	20	15	1	12	1	2	4	8	16	32	64	128	256	512	1024	2048	100	193
10	46.465	82.227	23	8	1	12	1	2	4	8	16	32	64	128	256	512	1024	2048	226	328
11	94.992	-93.873	1	4	1	12	1	2	4	8	16	32	64	128	256	512	1024	2048	233	400
12	70.484	83.028	12	23	1	12	1	2	4	8	16	32	64	128	256	512	1024	2048	474	588
13	8.301	-97.197	21	24	1	12	1	2	4	8	16	32	64	128	256	512	1024	2048	91	235
14	84.535	83.563	7	19	1	12	1	2	4	8	16	32	64	128	256	512	1024	2048	264	424
15	-31.382	-53.353	14	18	1	12	1	2	4	8	16	32	64	128	256	512	1024	2048	309	402
16	-76.44	-30.377	14	3	1	12	1	2	4	8	16	32	64	128	256	512	1024	2048	229	364
17	98.978	24.314	3	10	1	12	1	2	4	8	16	32	64	128	256	512	1024	2048	140	289
18	72.157	-61.097	5	5	1	12	1	2	4	8	16	32	64	128	256	512	1024	2048	363	458
19	-52.145	-54.455	2	19	1	12	1	2	4	8	16	32	64	128	256	512	1024	2048	99	246
20	-82.192	-24.92	17	21	1	12	1	2	4	8	16	32	64	128	256	512	1024	2048	317	475
21	-34.223	-7.639	11	24	1	12	1	2	4	8	16	32	64	128	256	512	1024	2048	248	389
22	12.413	49.052	22	4	1	12	1	2	4	8	16	32	64	128	256	512	1024	2048	223	315
23	65.409	32.804	11	5	1	12	1	2	4	8	16	32	64	128	256	512	1024	2048	378	499
24	-49.305	-60.586	3	7	1	12	1	2	4	8	16	32	64	128	256	512	1024	2048	201	347
25	-89.514	-7.337	8	6	1	12	1	2	4	8	16	32	64	128	256	512	1024	2048	227	361
26	79.734	34.981	3	21	1	12	1	2	4	8	16	32	64	128	256	512	1024	2048	320	427
27	-92.319	13.061	23	24	1	12	1	2	4	8	16	32	64	128	256	512	1024	2048	375	489
28	-22	55.634	9	4	1	12	1	2	4	8	16	32	64	128	256	512	1024	2048	195	343
29	57.728	78.306	17	21	1	12	1	2	4	8	16	32	64	128	256	512	1024	2048	223	322
30	-91.824	-57.099	20	25	1	12	1	2	4	8	16	32	64	128	256	512	1024	2048	476	593
31	-17.173	-57.77	3	20	1	12	1	2	4	8	16	32	64	128	256	512	1024	2048	206	355
32	98.536	74.341	21	7	1	12	1	2	4	8	16	32	64	128	256	512	1024	2048	362	487
33	80.134	-34.37	3	4	1	12	1	2	4	8	16	32	64	128	256	512	1024	2048	176	296
34	-81.105	63.758	2	2	1	12	1	2	4	8	16	32	64	128	256	512	1024	2048	357	467
35	72.739	-98.718	11	25	1	12	1	2	4	8	16	32	64	128	256	512	1024	2048	273	440
36	-96.412	72.897	9	2	1	12	1	2	4	8	16	32	64	128	256	512	1024	2048	252	371
37	19.351	83.622	8	11	1	12	1	2	4	8	16	32	64	128	256	512	1024	2048	214	373
38	-95.833	32.825	23	12	1	12	1	2	4	8	16	32	64	128	256	512	1024	2048	134	229
39	32.024	-65.238	23	14	1	12	1	2	4	8	16	32	64	128	256	512	1024	2048	197	329
40	-59.011	49.719	2	20	1	12	1	2	4	8	16	32	64	128	256	512	1024	2048	270	430
41	-21.061	-62.843	7	1	1	12	1	2	4	8	16	32	64	128	256	512	1024	2048	319	425
42	-51.674	-88.581	19	9	1	12	1	2	4	8	16	32	64	128	256	512	1024	2048	259	416
43	24.641	-77.076	10	22	1	12	1	2	4	8	16	32	64	128	256	512	1024	2048	356	523
44	-83.013	88.023	14	21	1	12	1	2	4	8	16	32	64	128	256	512	1024	2048	84	236
45	50.435	-81.865	9	5	1	12	1	2	4	8	16	32	64	128	256	512	1024	2048	401	568
46	-49.351	11.697	23	5	1	12	1	2	4	8	16	32	64	128	256	512	1024	2048	423	518
47	-64.821	-42.687	6	24	1	12	1	2	4	8	16	32	64	128	256	512	1024	2048	232	337
48	78.986	5.467	17	2	1	12	1	2	4	8	16	32	64	128	256	512	1024	2048	70	234
49	49.127	95.298	11	21	1	12	1	2	4	8	16	32	64	128	256	512	1024	2048	83	203
50	12.855	-5.226	10	20	1	12	1	2	4	8	16	32	64	128	256	512	1024	2048	386	562
51	-18.273	68.258	8	7	1	12	1	2	4	8	16	32	64	128	256	512	1024	2048	207	359
52	0.272	-24.782	1	17	1	12	1	2	4	8	16	32	64	128	256	512	1024	2048	168	299
53	92.088	-82.543	12	25	1	12	1	2	4	8	16	32	64	128	256	512	1024	2048	184	305
54	92.321	-12.63	25	24	1	12	1	2	4	8	16	32	64	128	256	512	1024	2048	211	325
55	87.652	-81.329	6	2	1	12	1	2	4	8	16	32	64	128	256	512	1024	2048	202	380
56	94.671	-55.65	6	17	1	12	1	2	4	8	16	32	64	128	256	512	1024	2048	166	321
57	-73.793	62.268	18	11	1	12	1	2	4	8	16	32	64	128	256	512	1024	2048	171	313
58	77.979	-47.487	16	11	1	12	1	2	4	8	16	32	64	128	256	512	1024	2048	102	239
59	-50.435	-72.255	7	6	1	12	1	2	4	8	16	32	64	128	256	512	1024	2048	399	570
60	-88.727	11.618	3	8	1	12	1	2	4	8	16	32	64	128	256	512	1024	2048	78	212
61	-98.309	-98.872	15	17	1	12	1	2	4	8	16	32	64	128	256	512	1024	2048	389	489
62	-80.669	14.506	9	18	1	12	1	2	4	8	16	32	64	128	256	512	1024	2048	370	539
63	-40.123	-34.209	18	21	1	12	1	2	4	8	16	32	64	128	256	512	1024	2048	205	312
64	18.178	45.924	18	3	1	12	1	2	4	8	16	32	64	128	256	512	1024	2048	305	430
65	-33.767	-26.121	23	23	1	12	1	2	4	8	16	32	64	128	256	512	1024	2048	422	559
66	-0.83	24.55	13	5	1	12	1	2	4	8	16	32	64	128	256	512	1024	2048	476	572
67	71.51	-76.041	9	13	1	12	1	2	4	8	16	32	64	128	256	512	1024	2048	268	411
68	-93.487	-8.037	4	25	1	12	1	2	4	8	16	32	64	128	256	512	1024	2048	346	459
69	-62.462	36.497	22	14	1	12	1	2	4	8	16	32	64	128	256	512	1024	2048	230	364
70	33.705	-24.84	7	16	1	12	1	2	4	8	16	32	64	128	256	512	1024	2048	366	458
71	-97.518	-51.281	22	11	1	12	1	2	4	8	16	32	64	128	256	512	1024	2048	243	379
72	-77.523	-69.189	5	16	1	12	1	2	4	8	16	32	64	128	256	512	1024	2048	435	596
73	-66.109	-92.951	13	24	1	12	1	2	4	8	16	32	64	128	256	512	1024	2048	220	315
74	29.145	75.018	4	25	1	12	1	2	4	8	16	32	64	128	256	512	1024	2048	268	366
75	-43.613	98.877	8	2	1	12	1	2	4	8	16	32	64	128	256	512	1024	2048	246	410
76	-13.693	-77.74	25	6	1	12	1	2	4	8	16	32	64	128	256	512	1024	2048	149	240
77	-29.092	-73.952	12	2	1	12	1	2	4	8	16	32	64	128	256	512	1024	2048	257	412
78	-59.931	79.215	20	3	1	12	1	2	4	8	16	32	64	128	256	512	1024	2048	72	220
79	63.509	81.027	19	20	1	12	1	2	4	8	16	32	64	128	256	512	1024	2048	406	553
80	89.689	-76.777	3	21	1	12	1	2	4	8	16	32	64	128	256	512	1024	2048	198	311
81	25.765	-63.018	20	17	1	12	1	2	4	8	16	32	64	128	256	512	1024	2048	323	484
82	87.684	72.051	2	6	1	12	1	2	4	8	16	32	64	128	256	512	1024	2048	469	573
83	60.187	-44.204	13	16	1	12	1	2	4	8	16	32	64	128	256	512	1024	2048	420	546
84	-23.442	91.116	4	16	1	12	1	2	4	8	16	32	64	128	256	512	1024	2048	73	185
85	40.372	89.616	5	7	1	12	1	2	4	8	16	32	64	128	256	512	1024	2048	360	485
86	-75.122	-17.393	7	6	1	12	1	2	4	8	16	32	64	128	256	512	1024	2048	152	264
87	73.83	75.837	13	5	1	12	1	2	4	8	16	32	64	128	256	512	1024	2048	348	475
88	-74.374	86.281	19	23	1	12	1	2	4	8	16	32	64	128	256	512	1024	2048	308	407
89	-37.843	-84.149	24	15	1	12	1	2	4	8	16	32	64	128	256	512	1024	2048	380	522
90	19.354	-7.134	5	15	1	12	1	2	4	8	16	32	64	128	256	512	1024	2048	479	569
91	50.717	81.312	19	11	1	12	1	2	4	8	16	32	64	128	256	512	1024	2048	173	303
92	-73.54	-59.72	14	15	1	12	1	2	4	8	16	32	64	128	256	512	1024	2048	79	211
93	-28.217	-93.019	10	1	1	12	1	2	4	8	16	32	64	128	256	512	1024	2048	228	329
94	-19.089	57.813	23	22	1	12	1	2	4	8	16	32	64	128	256	512	1024	2048	306	415
95	19.923	-91.844	23	11	1	12	1	2	4	8	16	32	64	128	256	512	1024	2048	288	381
96	47.511	-84.832	14	18	1	12	1	2	4	8	16	32	64	128	256	512	1024	2048	207	385
97	-16.981	69.551	2	4	1	12	1	2	4	8	16	32	64	128	256	512	1024	2048	409	566
98	-18.664	33.174	5	16	1	12	1	2	4	8	16	32	64	128	256	512	1024	2048	393	551
99	-67.235	91.064	10	10	1	12	1	2	4	8	16	32	64	128	256	512	1024	2048	177	284
100	28.908	73.689	19	13	1	12	1	2	4	8	16	32	64	128	256	512	1024	2048	276	444
101	44.676	-84.053	3	21	1	12	1	2	4	8	16	32	64	128	256	512	1024	2048	276	419
102	8.477	-9.628	20	14	1	12	1	2	4	8	16	32	64	128	256	512	1024	2048	191	306
103	-60.378	-13.467	12	6	1	12	1	2	4	8	16	32	64	128	256	512	1024	2048	149	313
104	-23.535	-46.021	18	1	1	12	1	2	4	8	16	32	64	128	256	512	1024	2048	249	384
105	16.938	-65.821	18	12	1	12	1	2	4	8	16	32	64	128	256	512	1024	2048	386	494
106	83.435	-63.765	12	13	1	12	1	2	4	8	16	32	64	128	256	512	1024	2048	82	211
107	-60.326	-81.289	19	7	1	12	1	2	4	8	16	32	64	128	256	512	1024	2048	414	511
108	-51.889	-69.908	10	3	1	12	1	2	4	8	16	32	64	128	256	512	1024	2048	242	418
109	-15.767	-87.689	20	6	1	12	1	2	4	8	16	32	64	128	256	512	1024	2048	394	530
110	97.014	54.023	19	1	1	12	1	2	4	8	16	32	64	128	256	512	1024	2048	437	606
111	65.406	-79.043	12	1	1	12	1	2	4	8	16	32	64	128	256	512	1024	2048	306	406
112	-43.499	74.997	16	19	1	12	1	2	4	8	16	32	64	128	256	512	1024	2048	170	340
113	60.211	86.287	19	20	1	12	1	2	4	8	16	32	64	128	256	512	1024	2048	230	392
114	-0.885	-96.702	9	20	1	12	1	2	4	8	16	32	64	128	256	512	1024	2048	328	444
115	37.168	75.667	22	10	1	12	1	2	4	8	16	32	64	128	256	512	1024	2048	339	516
116	-15.723	-86.624	25	25	1	12	1	2	4	8	16	32	64	128	256	512	1024	2048	165	334
117	-11.834	23.295	17	5	1	12	1	2	4	8	16	32	64	128	256	512	1024	2048	305	466
118	-55.227	-43.313	10	9	1	12	1	2	4	8	16	32	64	128	256	512	1024	2048	420	557
119	-47.345	32.97	7	4	1	12	1	2	4	8	16	32	64	128	256	512	1024	2048	422	565
120	-69.543	2.916	24	4	1	12	1	2	4	8	16	32	64	128	256	512	1024	2048	467	573
121	-29.019	40.365	19	22	1	12	1	2	4	8	16	32	64	128	256	512	1024	2048	229	378
122	-2.71	93.995	22	17	1	12	1	2	4	8	16	32	64	128	256	512	1024	2048	341	455
123	-43.454	90.189	5	20	1	12	1	2	4	8	16	32	64	128	256	512	1024	2048	247	403
124	88.091	11.886	15	20	1	12	1	2	4	8	16	32	64	128	256	512	1024	2048	110	220
125	7.563	-98.034	15	5	1	12	1	2	4	8	16	32	64	128	256	512	1024	2048	291	410
126	-54.865	-79.097	23	11	1	12	1	2	4	8	16	32	64	128	256	512	1024	2048	84	192
127	-77.274	-43.105	2	23	1	12	1	2	4	8	16	32	64	128	256	512	1024	2048	298	424
128	-84.757	81.79	22	18	1	12	1	2	4	8	16	32	64	128	256	512	1024	2048	450	624
129	-2.629	-67.495	5	17	1	12	1	2	4	8	16	32	64	128	256	512	1024	2048	62	225
130	50.528	78.183	3	18	1	12	1	2	4	8	16	32	64	128	256	512	1024	2048	107	254
131	37.707	98.965	23	20	1	12	1	2	4	8	16	32	64	128	256	512	1024	2048	306	463
132	-95.286	62.158	3	2	1	12	1	2	4	8	16	32	64	128	256	512	1024	2048	141	308
133	-59.416	-6.597	3	14	1	12	1	2	4	8	16	32	64	128	256	512	1024	2048	161	339
134	13.186	91.277	23	13	1	12	1	2	4	8	16	32	64	128	256	512	1024	2048	350	511
135	-18.092	-60.229	1	18	1	12	1	2	4	8	16	32	64	128	256	512	1024	2048	125	244
136	75.747	12.289	11	2	1	12	1	2	4	8	16	32	64	128	256	512	1024	2048	350	454
137	-84.96	-86.749	4	17	1	12	1	2	4	8	16	32	64	128	256	512	1024	2048	312	449
138	-40.311	-76.732	23	15	1	12	1	2	4	8	16	32	64	128	256	512	1024	2048	390	505
139	97.655	61.4	6	6	1	12	1	2	4	8	16	32	64	128	256	512	1024	2048	313	425
140	-58.494	-74.726	18	5	1	12	1	2	4	8	16	32	64	128	256	512	1024	2048	223	331
141	57.07	84.299	9	14	1	12	1	2	4	8	16	32	64	128	256	512	1024	2048	94	247
142	-76.258	-98.432	13	11	1	12	1	2	4	8	16	32	64	128	256	512	1024	2048	234	400
143	-19.787	-16.937	12	15	1	12	1	2	4	8	16	32	64	128	256	512	1024	2048	350	472
144	-56.943	-91.321	10	7	1	12	1	2	4	8	16	32	64	128	256	512	1024	2048	450	550
145	61.143	-50.147	21	16	1	12	1	2	4	8	16	32	64	128	256	512	1024	2048	89	201
146	41.27	-93.797	24	5	1	12	1	2	4	8	16	32	64	128	256	512	1024	2048	137	309
147	0.765	68.327	3	21	1	12	1	2	4	8	16	32	64	128	256	512	1024	2048	377	498
148	22.652	-12.459	12	9	1	12	1	2	4	8	16	32	64	128	256	512	1024	2048	126	256
149	-49.373	-11.169	11	22	1	12	1	2	4	8	16	32	64	128	256	512	1024	2048	390	494
150	82.417	-12.685	16	11	1	12	1	2	4	8	16	32	64	128	256	512	1024	2048	351	504
151	-44.852	-24.038	8	23	1	12	1	2	4	8	16	32	64	128	256	512	1024	2048	83	208
152	-23.094	-82.944	13	14	1	12	1	2	4	8	16	32	64	128	256	512	1024	2048	374	481
153	-96.489	-68.407	1	22	1	12	1	2	4	8	16	32	64	128	256	512	1024	2048	93	223
154	-0.725	-52.985	1	24	1	12	1	2	4	8	16	32	64	128	256	512	1024	2048	463	610
155	77.578	22.849	20	6	1	12	1	2	4	8	16	32	64	128	256	512	1024	2048	180	346
156	-65.714	0.841	24	10	1	12	1	2	4	8	16	32	64	128	256	512	1024	2048	381	535
157	-53.707	-43.512	18	13	1	12	1	2	4	8	16	32	64	128	256	512	1024	2048	441	549
158	-15.875	-57.184	22	5	1	12	1	2	4	8	16	32	64	128	256	512	1024	2048	60	206
159	-51.839	-70.497	2	18	1	12	1	2	4	8	16	32	64	128	256	512	1024	2048	389	525
160	-98.22	42.876	9	23	1	12	1	2	4	8	16	32	64	128	256	512	1024	2048	343	452
161	-89.776	-62.296	18	23	1	12	1	2	4	8	16	32	64	128	256	512	1024	2048	60	172
162	-81.043	-26.338	4	4	1	12	1	2	4	8	16	32	64	128	256	512	1024	2048	336	503
163	-49.509	-87.155	19	18	1	12	1	2	4	8	16	32	64	128	256	512	1024	2048	141	312
164	-12.5	42.259	16	6	1	12	1	2	4	8	16	32	64	128	256	512	1024	2048	151	251
165	85.553	10.064	10	14	1	12	1	2	4	8	16	32	64	128	256	512	1024	2048	165	316
166	-16.781	-37.596	9	14	1	12	1	2	4	8	16	32	64	128	256	512	1024	2048	222	346
167	-39.146	93.141	1	16	1	12	1	2	4	8	16	32	64	128	256	512	1024	2048	282	444
168	-67.551	-35.844	4	3	1	12	1	2	4	8	16	32	64	128	256	512	1024	2048	366	536
169	28.793	83.633	12	4	1	12	1	2	4	8	16	32	64	128	256	512	1024	2048	146	280
170	-51.802	43.962	19	8	1	12	1	2	4	8	16	32	64	128	256	512	1024	2048	318	484
171	19.754	63.128	16	1	1	12	1	2	4	8	16	32	64	128	256	512	1024	2048	332	448
172	5.154	32.394	20	7	1	12	1	2	4	8	16	32	64	128	256	512	1024	2048	183	324
173	-67.541	90.141	6	6	1	12	1	2	4	8	16	32	64	128	256	512	1024	2048	82	179
174	-76.329	-17.343	25	13	1	12	1	2	4	8	16	32	64	128	256	512	1024	2048	74	225
175	88.549	28.026	7	22	1	12	1	2	4	8	16	32	64	128	256	512	1024	2048	417	544
176	11.451	-67.094	21	18	1	12	1	2	4	8	16	32	64	128	256	512	1024	2048	279	430
177	67.156	-39.168	18	9	1	12	1	2	4	8	16	32	64	128	256	512	1024	2048	249	370
178	74.817	-17.028	24	2	1	12	1	2	4	8	16	32	64	128	256	512	1024	2048	69	179
179	-94.906	-31.706	15	8	1	12	1	2	4	8	16	32	64	128	256	512	1024	2048	331	429
180	69.783	45.476	7	5	1	12	1	2	4	8	16	32	64	128	256	512	1024	2048	118	293
181	-99.324	90.437	23	10	1	12	1	2	4	8	16	32	64	128	256	512	1024	2048	270	393
182	2.646	-18.594	17	25	1	12	1	2	4	8	16	32	64	128	256	512	1024	2048	189	316
183	-98.794	97.084	5	2	1	12	1	2	4	8	16	32	64	128	256	512	1024	2048	399	546
184	-8.744	35.989	10	12	1	12	1	2	4	8	16	32	64	128	256	512	1024	2048	346	450
185	-70.657	-56.623	6	25	1	12	1	2	4	8	16	32	64	128	256	512	1024	2048	346	509
186	-8.899	-70.758	22	23	1	12	1	2	4	8	16	32	64	128	256	512	1024	2048	455	619
187	90.593	91.792	24	20	1	12	1	2	4	8	16	32	64	128	256	512	1024	2048	149	306
188	-69.661	40.475	17	19	1	12	1	2	4	8	16	32	64	128	256	512	1024	2048	382	476
189	35.422	-75.577	23	15	1	12	1	2	4	8	16	32	64	128	256	512	1024	2048	285	440
190	-13.872	52.023	9	21	1	12	1	2	4	8	16	32	64	128	256	512	1024	2048	63	175
191	-80.864	-18.014	6	16	1	12	1	2	4	8	16	32	64	128	256	512	1024	2048	439	531
192	-49.906	62.928	23	11	1	12	1	2	4	8	16	32	64	128	256	512	1024	2048	147	288
193	44.92	-84.784	25	21	1	12	1	2	4	8	16	32	64	128	256	512	1024	2048	338	455
194	-79.066	-41.935	14	16	1	12	1	2	4	8	16	32	64	128	256	512	1024	2048	129	290
195	44.448	-72.234	24	17	1	12	1	2	4	8	16	32	64	128	256	512	1024	2048	107	258
196	-67.918	-43.582	4	3	1	12	1	2	4	8	16	32	64	128	256	512	1024	2048	254	399
197	87.472	70.413	4	11	1	12	1	2	4	8	16	32	64	128	256	512	1024	2048	191	298
198	35.435	-5.409	16	24	1	12	1	2	4	8	16	32	64	128	256	512	1024	2048	106	246
199	78.102	-87.657	9	24	1	12	1	2	4	8	16	32	64	128	256	512	1024	2048	76	185
200	-69.842	-91.787	14	4	1	12	1	2	4	8	16	32	64	128	256	512	1024	2048	317	453
201	86.062	-87.463	2	13	1	12	1	2	4	8	16	32	64	128	256	512	1024	2048	210	339
202	-12.736	-80.323	5	21	1	12	1	2	4	8	16	32	64	128	256	512	1024	2048	191	344
203	-49.366	10.733	15	14	1	12	1	2	4	8	16	32	64	128	256	512	1024	2048	266	442
204	4.337	97.717	13	1	1	12	1	2	4	8	16	32	64	128	256	512	1024	2048	276	410
205	62.209	74.82	20	10	1	12	1	2	4	8	16	32	64	128	256	512	1024	2048	311	484
206	-37.401	95.287	19	21	1	12	1	2	4	8	16	32	64	128	256	512	1024	2048	360	474
207	-31.234	84.347	17	3	1	12	1	2	4	8	16	32	64	128	256	512	1024	2048	216	363
208	75.098	56.919	23	17	1	12	1	2	4	8	16	32	64	128	256	512	1024	2048	310	407
209	-40.335	18.837	18	6	1	12	1	2	4	8	16	32	64	128	256	512	1024	2048	163	316
210	77.002	18.75	4	1	1	12	1	2	4	8	16	32	64	128	256	512	1024	2048	299	444
211	-10.169	59.236	23	25	1	12	1	2	4	8	16	32	64	128	256	512	1024	2048	148	328
212	98.485	-65.939	20	21	1	12	1	2	4	8	16	32	64	128	256	512	1024	2048	126	253
213	-52.459	-11.012	11	8	1	12	1	2	4	8	16	32	64	128	256	512	1024	2048	263	414
214	-21.474	-95.484	23	23	1	12	1	2	4	8	16	32	64	128	256	512	1024	2048	308	416
215	15.295	86.941	5	17	1	12	1	2	4	8	16	32	64	128	256	512	1024	2048	228	341
216	19.363	-72.907	16	22	1	12	1	2	4	8	16	32	64	128	256	512	1024	2048	256	402
217	-30.405	63.795	25	12	1	12	1	2	4	8	16	32	64	128	256	512	1024	2048	335	455
218	58.593	-82.985	19	18	1	12	1	2	4	8	16	32	64	128	256	512	1024	2048	381	493
219	-67.986	16.297	4	15	1	12	1	2	4	8	16	32	64	128	256	512	1024	2048	183	352
220	-31.951	-79.813	12	5	1	12	1	2	4	8	16	32	64	128	256	512	1024	2048	121	218
221	-86.817	97.642	23	3	1	12	1	2	4	8	16	32	64	128	256	512	1024	2048	95	243
222	16.247	-10.061	23	21	1	12	1	2	4	8	16	32	64	128	256	512	1024	2048	313	465
223	-57.99	81.81	4	15	1	12	1	2	4	8	16	32	64	128	256	512	1024	2048	143	267
224	-78.809	40.467	11	18	1	12	1	2	4	8	16	32	64	128	256	512	1024	2048	78	180
225	-86.391	-68.107	18	13	1	12	1	2	4	8	16	32	64	128	256	512	1024	2048	149	301
226	13.192	16.269	11	21	1	12	1	2	4	8	16	32	64	128	256	512	1024	2048	182	355
227	-91.165	48.88	25	4	1	12	1	2	4	8	16	32	64	128	256	512	1024	2048	303	425
228	-15.488	-64.646	17	18	1	12	1	2	4	8	16	32	64	128	256	512	1024	2048	72	195
229	-18.252	65.455	20	4	1	12	1	2	4	8	16	32	64	128	256	512	1024	2048	142	260
230	-67.752	1.392	22	23	1	12	1	2	4	8	16	32	64	128	256	512	1024	2048	250	401
231	-85.39	64.069	2	13	1	12	1	2	4	8	16	32	64	128	256	512	1024	2048	427	551
232	-68.14	79.243	17	1	1	12	1	2	4	8	16	32	64	128	256	512	1024	2048	290	448
233	43.244	75.441	17	22	1	12	1	2	4	8	16	32	64	128	256	512	1024	2048	72	232
234	-53.04	73.969	4	11	1	12	1	2	4	8	16	32	64	128	256	512	1024	2048	80	232
235	34.769	-35.124	6	17	1	12	1	2	4	8	16	32	64	128	256	512	1024	2048	381	534
236	80.289	59.159	4	8	1	12	1	2	4	8	16	32	64	128	256	512	1024	2048	211	337
237	-63.871	63.521	7	8	1	12	1	2	4	8	16	32	64	128	256	512	1024	2048	180	349
238	89.372	87.509	18	22	1	12	1	2	4	8	16	32	64	128	256	512	1024	2048	312	435
239	-0.248	96.123	4	7	1	12	1	2	4	8	16	32	64	128	256	512	1024	2048	478	612
240	55.39	-97.293	20	3	1	12	1	2	4	8	16	32	64	128	256	512	1024	2048	192	308
241	-44.258	-60.83	14	12	1	12	1	2	4	8	16	32	64	128	256	512	1024	2048	304	418
242	41.174	-80.199	6	23	1	12	1	2	4	8	16	32	64	128	256	512	1024	2048	64	222
243	-81.241	25.64	18	9	1	12	1	2	4	8	16	32	64	128	256	512	1024	2048	431	590
244	-89.674	7.85	1	11	1	12	1	2	4	8	16	32	64	128	256	512	1024	2048	315	441
245	-91.676	46.272	3	2	1	12	1	2	4	8	16	32	64	128	256	512	1024	2048	69	227
246	-73.38	-65.62	17	12	1	12	1	2	4	8	16	32	64	128	256	512	1024	2048	300	403
247	-25.887	-60.834	23	7	1	12	1	2	4	8	16	32	64	128	256	512	1024	2048	462	564
248	-76.044	-90.242	4	1	1	12	1	2	4	8	16	32	64	128	256	512	1024	2048	319	456
249	65.403	96.59	9	8	1	12	1	2	4	8	16	32	64	128	256	512	1024	2048	249	353
250	-14.491	79.658	4	12	1	12	1	2	4	8	16	32	64	128	256	512	1024	2048	401	517
251	30.821	-11.012	11	22	1	12	1	2	4	8	16	32	64	128	256	512	1024	2048	168	323
252	79.954	-65.261	8	8	1	12	1	2	4	8	16	32	64	128	256	512	1024	2048	122	236
253	-80.909	99.697	17	12	1	12	1	2	4	8	16	32	64	128	256	512	1024	2048	413	563
254	-61.495	56.748	8	8	1	12	1	2	4	8	16	32	64	128	256	512	1024	2048	459	624
255	91.835	32.607	6	5	1	12	1	2	4	8	16	32	64	128	256	512	1024	2048	450	591
256	-52.159	-46.33	6	6	1	12	1	2	4	8	16	32	64	128	256	512	1024	2048	270	367
257	13.637	-77.285	3	7	1	12	1	2	4	8	16	32	64	128	256	512	1024	2048	422	565
258	33.86	-56.973	23	25	1	12	1	2	4	8	16	32	64	128	256	512	1024	2048	133	263
259	-91.274	15.887	12	23	1	12	1	2	4	8	16	32	64	128	256	512	1024	2048	124	263
260	3.389	46.365	25	8	1	12	1	2	4	8	16	32	64	128	256	512	1024	2048	75	250
261	-56.96	87.374	3	10	1	12	1	2	4	8	16	32	64	128	256	512	1024	2048	241	358
262	69.748	5.51	4	17	1	12	1	2	4	8	16	32	64	128	256	512	1024	2048	228	375
263	80.282	-29.594	13	13	1	12	1	2	4	8	16	32	64	128	256	512	1024	2048	125	241
264	22.879	-8.667	10	6	1	12	1	2	4	8	16	32	64	128	256	512	1024	2048	480	576
265	-98.36	-5.213	3	24	1	12	1	2	4	8	16	32	64	128	256	512	1024	2048	313	461
266	-92.319	17.497	16	23	1	12	1	2	4	8	16	32	64	128	256	512	1024	2048	448	544
267	-64.001	-25.659	11	13	1	12	1	2	4	8	16	32	64	128	256	512	1024	2048	392	499
268	5.152	53.556	23	4	1	12	1	2	4	8	16	32	64	128	256	512	1024	2048	218	397
269	24.457	-81.058	20	13	1	12	1	2	4	8	16	32	64	128	256	512	1024	2048	410	549
270	87.985	35.007	14	8	1	12	1	2	4	8	16	32	64	128	256	512	1024	2048	396	517
271	75.092	-28.896	14	17	1	12	1	2	4	8	16	32	64	128	256	512	1024	2048	317	478
272	-49.666	-43.556	4	25	1	12	1	2	4	8	16	32	64	128	256	512	1024	2048	306	407
273	-31.422	84.764	18	20	1	12	1	2	4	8	16	32	64	128	256	512	1024	2048	93	186
274	20.193	-14.287	20	4	1	12	1	2	4	8	16	32	64	128	256	512	1024	2048	273	403
275	-89.661	85.251	22	21	1	12	1	2	4	8	16	32	64	128	256	512	1024	2048	156	332
276	93.359	17.904	24	3	1	12	1	2	4	8	16	32	64	128	256	512	1024	2048	194	358
277	57.392	39.208	16	17	1	12	1	2	4	8	16	32	64	128	256	512	1024	2048	179	343
278	-71.557	-36.715	10	24	1	12	1	2	4	8	16	32	64	128	256	512	1024	2048	289	421
279	-14.524	89.167	20	15	1	12	1	2	4	8	16	32	64	128	256	512	1024	2048	241	383
280	8.039	53.054	1	25	1	12	1	2	4	8	16	32	64	128	256	512	1024	2048	239	385
281	-98.054	-62.054	25	5	1	12	1	2	4	8	16	32	64	128	256	512	1024	2048	328	483
282	-18.945	-64.643	15	16	1	12	1	2	4	8	16	32	64	128	256	512	1024	2048	391	570
283	-54.479	-87.044	9	17	1	12	1	2	4	8	16	32	64	128	256	512	1024	2048	222	402
284	-26.151	-94.12	8	16	1	12	1	2	4	8	16	32	64	128	256	512	1024	2048	418	528
285	41.159	-70.376	15	25	1	12	1	2	4	8	16	32	64	128	256	512	1024	2048	470	622
286	-8.113	45.164	18	7	1	12	1	2	4	8	16	32	64	128	256	512	1024	2048	398	534
287	5.719	-69.297	1	14	1	12	1	2	4	8	16	32	64	128	256	512	1024	2048	437	548
288	16.737	13.999	18	4	1	12	1	2	4	8	16	32	64	128	256	512	1024	2048	127	268
289	-68.07	-37.383	14	22	1	12	1	2	4	8	16	32	64	128	256	512	1024	2048	423	515
290	90.854	-12.755	17	14	1	12	1	2	4	8	16	32	64	128	256	512	1024	2048	384	516
291	82.599	56.945	8	24	1	12	1	2	4	8	16	32	64	128	256	512	1024	2048	273	437
292	-73.608	53.311	2	8	1	12	1	2	4	8	16	32	64	128	256	512	1024	2048	387	517
293	86.904	51.033	12	2	1	12	1	2	4	8	16	32	64	128	256	512	1024	2048	153	246
294	-38.314	-2.919	4	20	1	12	1	2	4	8	16	32	64	128	256	512	1024	2048	445	624
295	-31.951	90.2	18	6	1	12	1	2	4	8	16	32	64	128	256	512	1024	2048	189	299
296	-66.08	92.757	19	5	1	12	1	2	4	8	16	32	64	128	256	512	1024	2048	375	514
297	-61	-76.207	7	6	1	12	1	2	4	8	16	32	64	128	256	512	1024	2048	192	364
298	-70.4	51.207	21	15	1	12	1	2	4	8	16	32	64	128	256	512	1024	2048	126	239
299	-45.384	-37.226	13	24	1	12	1	2	4	8	16	32	64	128	256	512	1024	2048	337	458
300	0.891	14.371	9	4	1	12	1	2	4	8	16	32	64	128	256	512	1024	2048	388	501
301	-50.982	-0.558	12	25	1	12	1	2	4	8	16	32	64	128	256	512	1024	2048	70	207
302	-86.846	-40.739	12	7	1	12	1	2	4	8	16	32	64	128	256	512	1024	2048	448	564
303	-56.905	-90.4	4	4	1	12	1	2	4	8	16	32	64	128	256	512	1024	2048	286	410
304	-98.436	60.291	6	13	1	12	1	2	4	8	16	32	64	128	256	512	1024	2048	324	463
305	16.876	-25.749	2	3	1	12	1	2	4	8	16	32	64	128	256	512	1024	2048	418	530
306	-76.032	-6.08	2	5	1	12	1	2	4	8	16	32	64	128	256	512	1024	2048	290	459
307	58.256	70.29	24	10	1	12	1	2	4	8	16	32	64	128	256	512	1024	2048	305	420
308	-43.192	94.758	15	25	1	12	1	2	4	8	16	32	64	128	256	512	1024	2048	324	434
309	-80.935	-67.892	14	13	1	12	1	2	4	8	16	32	64	128	256	512	1024	2048	118	285
310	48.066	-82.159	20	19	1	12	1	2	4	8	16	32	64	128	256	512	1024	2048	321	482
311	23.805	22.964	9	25	1	12	1	2	4	8	16	32	64	128	256	512	1024	2048	472	643
312	-25.54	84.101	13	22	1	12	1	2	4	8	16	32	64	128	256	512	1024	2048	89	252
313	90.076	23.883	17	17	1	12	1	2	4	8	16	32	64	128	256	512	1024	2048	328	453
314	-49.712	76.162	12	24	1	12	1	2	4	8	16	32	64	128	256	512	1024	2048	368	483
315	-74.976	16.511	18	12	1	12	1	2	4	8	16	32	64	128	256	512	1024	2048	163	300
316	9.806	-64.46	19	7	1	12	1	2	4	8	16	32	64	128	256	512	1024	2048	264	412
317	-39.537	17.082	12	9	1	12	1	2	4	8	16	32	64	128	256	512	1024	2048	85	186
318	-0.326	21.885	1	22	1	12	1	2	4	8	16	32	64	128	256	512	1024	2048	149	275
319	55.316	-50.975	18	13	1	12	1	2	4	8	16	32	64	128	256	512	1024	2048	356	467
320	54.429	-37.561	21	17	1	12	1	2	4	8	16	32	64	128	256	512	1024	2048	196	316
321	-73.911	29.639	6	24	1	12	1	2	4	8	16	32	64	128	256	512	1024	2048	363	539
322	35.748	-82.187	21	15	1	12	1	2	4	8	16	32	64	128	256	512	1024	2048	283	448
323	58.624	36.732	20	13	1	12	1	2	4	8	16	32	64	128	256	512	1024	2048	70	242
324	-97.904	-67.77	22	14	1	12	1	2	4	8	16	32	64	128	256	512	1024	2048	175	272
325	82.049	11.889	11	1	1	12	1	2	4	8	16	32	64	128	256	512	1024	2048	287	461
326	27.552	-71.304	9	22	1	12	1	2	4	8	16	32	64	128	256	512	1024	2048	377	470
327	-68.397	26.445	15	14	1	12	1	2	4	8	16	32	64	128	256	512	1024	2048	276	430
328	-1.506	26.509	12	6	1	12	1	2	4	8	16	32	64	128	256	512	1024	2048	360	532
329	18.466	-52.826	9	23	1	12	1	2	4	8	16	32	64	128	256	512	1024	2048	194	373
330	-17.836	83.8	2	6	1	12	1	2	4	8	16	32	64	128	256	512	1024	2048	93	251
331	78.547	30.537	11	14	1	12	1	2	4	8	16	32	64	128	256	512	1024	2048	80	260
332	-81.505	79.09	10	13	1	12	1	2	4	8	16	32	64	128	256	512	1024	2048	271	449
333	-81.554	74.666	25	25	1	12	1	2	4	8	16	32	64	128	256	512	1024	2048	368	547
334	-47.398	-83.47	23	25	1	12	1	2	4	8	16	32	64	128	256	512	1024	2048	170	260
335	-2.507	-72.084	13	13	1	12	1	2	4	8	16	32	64	128	256	512	1024	2048	279	446
336	-16.36	99.113	10	9	1	12	1	2	4	8	16	32	64	128	256	512	1024	2048	361	534
337	-49.633	-42.145	22	22	1	12	1	2	4	8	16	32	64	128	256	512	1024	2048	77	185
338	77.193	-90.581	7	24	1	12	1	2	4	8	16	32	64	128	256	512	1024	2048	284	438
339	-37.834	-84.422	6	24	1	12	1	2	4	8	16	32	64	128	256	512	1024	2048	86	223
340	74.247	-48.119	22	1	1	12	1	2	4	8	16	32	64	128	256	512	1024	2048	280	374
341	16.36	-18.325	12	25	1	12	1	2	4	8	16	32	64	128	256	512	1024	2048	291	410
342	73.656	-39.008	18	6	1	12	1	2	4	8	16	32	64	128	256	512	1024	2048	120	265
343	-21.892	84.581	8	16	1	12	1	2	4	8	16	32	64	128	256	512	1024	2048	71	210
344	-11.789	-18.976	17	10	1	12	1	2	4	8	16	32	64	128	256	512	1024	2048	374	554
345	-16.962	43.168	4	19	1	12	1	2	4	8	16	32	64	128	256	512	1024	2048	265	382
346	-83.289	-56.239	16	17	1	12	1	2	4	8	16	32	64	128	256	512	1024	2048	340	503
347	67.037	4.975	20	3	1	12	1	2	4	8	16	32	64	128	256	512	1024	2048	465	623
348	-29.358	-85.877	2	13	1	12	1	2	4	8	16	32	64	128	256	512	1024	2048	174	312
349	-57.893	-88.917	22	7	1	12	1	2	4	8	16	32	64	128	256	512	1024	2048	457	591
350	-88.691	4.523	4	21	1	12	1	2	4	8	16	32	64	128	256	512	1024	2048	117	291
351	49.394	1.532	20	2	1	12	1	2	4	8	16	32	64	128	256	512	1024	2048	460	577
352	1.442	-23.599	14	22	1	12	1	2	4	8	16	32	64	128	256	512	1024	2048	223	367
353	19.846	-31.792	5	9	1	12	1	2	4	8	16	32	64	128	256	512	1024	2048	72	188
354	-81.837	67.918	7	2	1	12	1	2	4	8	16	32	64	128	256	512	1024	2048	337	477
355	57.841	10.655	22	14	1	12	1	2	4	8	16	32	64	128	256	512	1024	2048	452	599
356	-61.91	6.282	11	14	1	12	1	2	4	8	16	32	64	128	256	512	1024	2048	150	327
357	0.556	-36.577	22	23	1	12	1	2	4	8	16	32	64	128	256	512	1024	2048	139	239
358	-61.624	38.528	19	3	1	12	1	2	4	8	16	32	64	128	256	512	1024	2048	150	258
359	-38.309	-90.507	8	8	1	12	1	2	4	8	16	32	64	128	256	512	1024	2048	110	212
360	-98.35	-91.793	2	20	1	12	1	2	4	8	16	32	64	128	256	512	1024	2048	355	448
361	17.601	-11.336	5	15	1	12	1	2	4	8	16	32	64	128	256	512	1024	2048	437	532
362	87.995	8.526	15	8	1	12	1	2	4	8	16	32	64	128	256	512	1024	2048	200	339
363	-82.823	-57.76	24	5	1	12	1	2	4	8	16	32	64	128	256	512	1024	2048	365	468
364	43.5	-44.233	12	21	1	12	1	2	4	8	16	32	64	128	256	512	1024	2048	229	352
365	-85.31	-22.107	19	25	1	12	1	2	4	8	16	32	64	128	256	512	1024	2048	230	377
366	-99.301	-33.313	4	7	1	12	1	2	4	8	16	32	64	128	256	512	1024	2048	296	425
367	-3.536	52.261	22	7	1	12	1	2	4	8	16	32	64	128	256	512	1024	2048	476	583
368	-31.742	61.593	13	12	1	12	1	2	4	8	16	32	64	128	256	512	1024	2048	475	605
369	-69.25	84.881	20	19	1	12	1	2	4	8	16	32	64	128	256	512	1024	2048	340	485
370	2.1	-20.161	19	20	1	12	1	2	4	8	16	32	64	128	256	512	1024	2048	343	506
371	97.266	14.248	18	7	1	12	1	2	4	8	16	32	64	128	256	512	1024	2048	158	315
372	-13.831	-90.172	5	13	1	12	1	2	4	8	16	32	64	128	256	512	1024	2048	392	566
373	60.366	-70.903	16	17	1	12	1	2	4	8	16	32	64	128	256	512	1024	2048	325	490
374	51.401	-9.408	21	9	1	12	1	2	4	8	16	32	64	128	256	512	1024	2048	153	278
375	83.059	63.785	25	25	1	12	1	2	4	8	16	32	64	128	256	512	1024	2048	228	350
376	50.318	-50.419	1	9	1	12	1	2	4	8	16	32	64	128	256	512	1024	2048	126	231
377	67.298	73.711	25	17	1	12	1	2	4	8	16	32	64	128	256	512	1024	2048	92	222
378	29.476	-18.334	25	1	1	12	1	2	4	8	16	32	64	128	256	512	1024	2048	332	509
379	-56.177	48.002	11	5	1	12	1	2	4	8	16	32	64	128	256	512	1024	2048	460	558
380	-73.613	-23.673	9	3	1	12	1	2	4	8	16	32	64	128	256	512	1024	2048	253	364
381	49.143	-59.275	11	8	1	12	1	2	4	8	16	32	64	128	256	512	1024	2048	253	353
382	37.508	99.189	20	11	1	12	1	2	4	8	16	32	64	128	256	512	1024	2048	108	258
383	55.565	89.13	24	17	1	12	1	2	4	8	16	32	64	128	256	512	1024	2048	87	208
384	-37.53	52.127	10	12	1	12	1	2	4	8	16	32	64	128	256	512	1024	2048	295	464
385	-41.782	80.566	15	24	1	12	1	2	4	8	16	32	64	128	256	512	1024	2048	80	215
386	-67.887	-47.081	6	4	1	12	1	2	4	8	16	32	64	128	256	512	1024	2048	261	384
387	-71.875	64.92	2	6	1	12	1	2	4	8	16	32	64	128	256	512	1024	2048	227	334
388	30.537	16.541	13	7	1	12	1	2	4	8	16	32	64	128	256	512	1024	2048	190	287
389	5.429	-36.924	4	13	1	12	1	2	4	8	16	32	64	128	256	512	1024	2048	433	570
390	-19.466	-94.773	9	24	1	12	1	2	4	8	16	32	64	128	256	512	1024	2048	70	228
391	94.995	37.283	9	2	1	12	1	2	4	8	16	32	64	128	256	512	1024	2048	325	443
392	-59.284	-51.669	24	9	1	12	1	2	4	8	16	32	64	128	256	512	1024	2048	221	367
393	83.677	-37.87	15	4	1	12	1	2	4	8	16	32	64	128	256	512	1024	2048	328	444
394	-31.282	76.958	10	20	1	12	1	2	4	8	16	32	64	128	256	512	1024	2048	137	306
395	-21.775	-62.707	3	24	1	12	1	2	4	8	16	32	64	128	256	512	1024	2048	395	495
396	-38.303	79.185	12	13	1	12	1	2	4	8	16	32	64	128	256	512	1024	2048	119	237
397	-65.405	-2.976	6	10	1	12	1	2	4	8	16	32	64	128	256	512	1024	2048	345	444
398	-42.148	-93.52	2	12	1	12	1	2	4	8	16	32	64	128	256	512	1024	2048	263	435
399	-45.922	64.594	20	19	1	12	1	2	4	8	16	32	64	128	256	512	1024	2048	227	324
400	39.221	-92.221	12	19	1	12	1	2	4	8	16	32	64	128	256	512	1024	2048	213	360
401	-16.407	-25.092	13	18	1	12	1	2	4	8	16	32	64	128	256	512	1024	2048	109	278
402	-88.039	99.59	3	13	1	12	1	2	4	8	16	32	64	128	256	512	1024	2048	158	253
403	44.941	-83.928	18	14	1	12	1	2	4	8	16	32	64	128	256	512	1024	2048	126	235
404	11.889	29.626	6	18	1	12	1	2	4	8	16	32	64	128	256	512	1024	2048	86	186
405	-87.778	-31.8	6	19	1	12	1	2	4	8	16	32	64	128	256	512	1024	2048	264	404
406	-23.326	-49.252	7	12	1	12	1	2	4	8	16	32	64	128	256	512	1024	2048	231	365
407	44.533	15.419	16	8	1	12	1	2	4	8	16	32	64	128	256	512	1024	2048	108	201
408	77.683	56.199	23	19	1	12	1	2	4	8	16	32	64	128	256	512	1024	2048	468	581
409	-99.186	69.319	11	21	1	12	1	2	4	8	16	32	64	128	256	512	1024	2048	456	559
410	70.024	-10.589	22	9	1	12	1	2	4	8	16	32	64	128	256	512	1024	2048	413	559
411	-10.537	-8.642	6	2	1	12	1	2	4	8	16	32	64	128	256	512	1024	2048	382	559
412	5.848	4.905	25	4	1	12	1	2	4	8	16	32	64	128	256	512	1024	2048	178	275
413	-82.654	41.072	24	12	1	12	1	2	4	8	16	32	64	128	256	512	1024	2048	238	400
414	-27.619	-79.653	5	6	1	12	1	2	4	8	16	32	64	128	256	512	1024	2048	480	618
415	70.688	27.688	16	9	1	12	1	2	4	8	16	32	64	128	256	512	1024	2048	270	423
416	-37.749	-28.9	5	9	1	12	1	2	4	8	16	32	64	128	256	512	1024	2048	156	284
417	68.157	66.833	3	15	1	12	1	2	4	8	16	32	64	128	256	512	1024	2048	228	318
418	-77.422	71.717	3	7	1	12	1	2	4	8	16	32	64	128	256	512	1024	2048	457	590
419	71.045	71.232	19	18	1	12	1	2	4	8	16	32	64	128	256	512	1024	2048	276	389
420	-19.769	39.49	5	23	1	12	1	2	4	8	16	32	64	128	256	512	1024	2048	408	547
421	-92.568	-64.347	1	24	1	12	1	2	4	8	16	32	64	128	256	512	1024	2048	141	309
422	22.94	-97.178	11	25	1	12	1	2	4	8	16	32	64	128	256	512	1024	2048	319	478
423	-96.173	8.074	16	16	1	12	1	2	4	8	16	32	64	128	256	512	1024	2048	296	442
424	17.682	-69.748	16	9	1	12	1	2	4	8	16	32	64	128	256	512	1024	2048	268	396
425	-57.768	39.715	5	3	1	12	1	2	4	8	16	32	64	128	256	512	1024	2048	348	473
426	-43.472	-70.011	17	10	1	12	1	2	4	8	16	32	64	128	256	512	1024	2048	294	388
427	76.019	-94.839	5	21	1	12	1	2	4	8	16	32	64	128	256	512	1024	2048	360	462
428	-63.408	-32.63	5	2	1	12	1	2	4	8	16	32	64	128	256	512	1024	2048	71	170
429	-27.557	30.459	11	3	1	12	1	2	4	8	16	32	64	128	256	512	1024	2048	332	502
430	-99.622	-10.417	7	9	1	12	1	2	4	8	16	32	64	128	256	512	1024	2048	418	519
431	-96.408	-90.976	4	8	1	12	1	2	4	8	16	32	64	128	256	512	1024	2048	470	574
432	75.591	33.895	10	14	1	12	1	2	4	8	16	32	64	128	256	512	1024	2048	73	237
433	-97.661	-68.98	14	6	1	12	1	2	4	8	16	32	64	128	256	512	1024	2048	230	331
434	78.338	95.216	22	2	1	12	1	2	4	8	16	32	64	128	256	512	1024	2048	251	361
435	64.916	75.631	1	16	1	12	1	2	4	8	16	32	64	128	256	512	1024	2048	282	447
436	-97.571	40.149	2	16	1	12	1	2	4	8	16	32	64	128	256	512	1024	2048	130	297
437	-41.943	75.364	5	19	1	12	1	2	4	8	16	32	64	128	256	512	1024	2048	473	596
438	-93.925	11.645	15	17	1	12	1	2	4	8	16	32	64	128	256	512	1024	2048	115	219
439	56.102	-95.681	15	21	1	12	1	2	4	8	16	32	64	128	256	512	1024	2048	98	257
440	16.477	-25.814	7	25	1	12	1	2	4	8	16	32	64	128	256	512	1024	2048	363	534
441	-42.382	76.447	12	7	1	12	1	2	4	8	16	32	64	128	256	512	1024	2048	392	556
442	-44.745	78.318	4	12	1	12	1	2	4	8	16	32	64	128	256	512	1024	2048	391	486
443	-70.17	-50.321	7	20	1	12	1	2	4	8	16	32	64	128	256	512	1024	2048	93	246
444	43.628	6.119	1	14	1	12	1	2	4	8	16	32	64	128	256	512	1024	2048	202	327
445	55.957	-58.153	5	19	1	12	1	2	4	8	16	32	64	128	256	512	1024	2048	348	512
446	20.394	34.159	13	23	1	12	1	2	4	8	16	32	64	128	256	512	1024	2048	373	466
447	-80.586	-94.243	12	6	1	12	1	2	4	8	16	32	64	128	256	512	1024	2048	107	274
448	-72.56	99.292	13	9	1	12	1	2	4	8	16	32	64	128	256	512	1024	2048	441	621
449	88.007	15.369	1	13	1	12	1	2	4	8	16	32	64	128	256	512	1024	2048	251	428
450	-48.437	-54.38	23	15	1	12	1	2	4	8	16	32	64	128	256	512	1024	2048	462	641
451	-99.368	18.267	13	8	1	12	1	2	4	8	16	32	64	128	256	512	1024	2048	262	355
452	28.532	-88.483	2	25	1	12	1	2	4	8	16	32	64	128	256	512	1024	2048	332	474
453	98.434	-83.286	18	18	1	12	1	2	4	8	16	32	64	128	256	512	1024	2048	201	319
454	-92.193	-55.04	21	2	1	12	1	2	4	8	16	32	64	128	256	512	1024	2048	364	469
455	-1.879	36.763	6	14	1	12	1	2	4	8	16	32	64	128	256	512	1024	2048	143	302
456	68.398	33.017	15	5	1	12	1	2	4	8	16	32	64	128	256	512	1024	2048	453	613
457	-59.529	76.935	18	22	1	12	1	2	4	8	16	32	64	128	256	512	1024	2048	357	475
458	-76.104	59.656	23	7	1	12	1	2	4	8	16	32	64	128	256	512	1024	2048	191	354
459	-80.412	18.087	18	17	1	12	1	2	4	8	16	32	64	128	256	512	1024	2048	104	281
460	30.871	-61.571	10	5	1	12	1	2	4	8	16	32	64	128	256	512	1024	2048	316	448
461	88.587	96.736	9	10	1	12	1	2	4	8	16	32	64	128	256	512	1024	2048	167	276
462	7.128	81.991	2	16	1	12	1	2	4	8	16	32	64	128	256	512	1024	2048	384	501
463	-90.995	-67.043	24	20	1	12	1	2	4	8	16	32	64	128	256	512	1024	2048	111	247
464	-4.581	57.715	3	18	1	12	1	2	4	8	16	32	64	128	256	512	1024	2048	76	199
465	-89.568	97.849	8	2	1	12	1	2	4	8	16	32	64	128	256	512	1024	2048	175	301
466	23.934	8.48	5	24	1	12	1	2	4	8	16	32	64	128	256	512	1024	2048	264	432
467	90.895	44.75	11	17	1	12	1	2	4	8	16	32	64	128	256	512	1024	2048	301	452
468	53.032	-15.794	14	5	1	12	1	2	4	8	16	32	64	128	256	512	1024	2048	311	473
469	-94.632	-37.316	7	18	1	12	1	2	4	8	16	32	64	128	256	512	1024	2048	436	564
470	83.173	0.908	22	5	1	12	1	2	4	8	16	32	64	128	256	512	1024	2048	329	508
471	-69.111	28.013	14	13	1	12	1	2	4	8	16	32	64	128	256	512	1024	2048	451	611
472	-25.602	-82.965	16	24	1	12	1	2	4	8	16	32	64	128	256	512	1024	2048	204	380
473	81.065	92.421	25	20	1	12	1	2	4	8	16	32	64	128	256	512	1024	2048	438	579
474	-60.961	57.279	1	24	1	12	1	2	4	8	16	32	64	128	256	512	1024	2048	135	279
475	-7.482	97.751	6	6	1	12	1	2	4	8	16	32	64	128	256	512	1024	2048	382	482
476	-13.912	-57.282	17	4	1	12	1	2	4	8	16	32	64	128	256	512	1024	2048	169	266
477	-34.426	-48.883	17	10	1	12	1	2	4	8	16	32	64	128	256	512	1024	2048	83	226
478	52.381	47.645	14	17	1	12	1	2	4	8	16	32	64	128	256	512	1024	2048	277	411
479	-38.001	3.211	3	14	1	12	1	2	4	8	16	32	64	128	256	512	1024	2048	461	571
480	-83.29	-97.839	22	3	1	12	1	2	4	8	16	32	64	128	256	512	1024	2048	88	197
481	76.956	-87.147	11	24	1	12	1	2	4	8	16	32	64	128	256	512	1024	2048	276	366
482	71.79	-23.471	11	12	1	12	1	2	4	8	16	32	64	128	256	512	1024	2048	256	423
483	-18.26	67.64	5	25	1	12	1	2	4	8	16	32	64	128	256	512	1024	2048	377	536
484	-45.884	82.377	22	24	1	12	1	2	4	8	16	32	64	128	256	512	1024	2048	237	352
485	45.182	-13.815	21	15	1	12	1	2	4	8	16	32	64	128	256	512	1024	2048	210	358
486	-16.579	-91.529	1	15	1	12	1	2	4	8	16	32	64	128	256	512	1024	2048	409	561
487	79.309	-48.181	19	23	1	12	1	2	4	8	16	32	64	128	256	512	1024	2048	394	522
488	-22.648	-80.734	11	18	1	12	1	2	4	8	16	32	64	128	256	512	1024	2048	211	307
489	48.55	-77.742	8	2	1	12	1	2	4	8	16	32	64	128	256	512	1024	2048	284	378
490	66.838	44.888	20	13	1	12	1	2	4	8	16	32	64	128	256	512	1024	2048	123	273
491	-84.768	-79.497	4	23	1	12	1	2	4	8	16	32	64	128	256	512	1024	2048	115	281
492	-52.882	42.124	14	9	1	12	1	2	4	8	16	32	64	128	256	512	1024	2048	189	312
493	91.457	8.581	14	16	1	12	1	2	4	8	16	32	64	128	256	512	1024	2048	397	555
494	-70.771	44.683	21	16	1	12	1	2	4	8	16	32	64	128	256	512	1024	2048	220	358
495	-38.296	70.884	2	2	1	12	1	2	4	8	16	32	64	128	256	512	1024	2048	376	503
496	78.806	77.5	7	16	1	12	1	2	4	8	16	32	64	128	256	512	1024	2048	290	389
497	-17.485	-94.26	17	15	1	12	1	2	4	8	16	32	64	128	256	512	1024	2048	282	428
498	3.023	31.798	2	16	1	12	1	2	4	8	16	32	64	128	256	512	1024	2048	242	389
499	16.812	-55.327	3	15	1	12	1	2	4	8	16	32	64	128	256	512	1024	2048	207	376
500	25.24	-84.17	1	18	1	12	1	2	4	8	16	32	64	128	256	512	1024	2048	430	565
501	-82.696	-57.59	8	12	1	12	1	2	4	8	16	32	64	128	256	512	1024	2048	164	261
502	-27.46	61.856	14	5	1	12	1	2	4	8	16	32	64	128	256	512	1024	2048	189	316
503	-86.587	80.24	14	21	1	12	1	2	4	8	16	32	64	128	256	512	1024	2048	182	320
504	-34.357	20.982	8	16	1	12	1	2	4	8	16	32	64	128	256	512	1024	2048	337	495
505	95.827	-61.133	22	24	1	12	1	2	4	8	16	32	64	128	256	512	1024	2048	288	451
506	-85.297	79.473	13	22	1	12	1	2	4	8	16	32	64	128	256	512	1024	2048	298	470
507	13.355	-27.539	7	14	1	12	1	2	4	8	16	32	64	128	256	512	1024	2048	379	516
508	-96.872	35.735	3	14	1	12	1	2	4	8	16	32	64	128	256	512	1024	2048	226	398
509	-62.539	45.069	4	15	1	12	1	2	4	8	16	32	64	128	256	512	1024	2048	395	507
510	92.63	-37.475	8	21	1	12	1	2	4	8	16	32	64	128	256	512	1024	2048	244	374
511	-69.398	32.868	2	12	1	12	1	2	4	8	16	32	64	128	256	512	1024	2048	434	602
512	43.035	78.401	21	22	1	12	1	2	4	8	16	32	64	128	256	512	1024	2048	391	526
513	-78.774	-97.845	10	12	1	12	1	2	4	8	16	32	64	128	256	512	1024	2048	378	522
514	63.122	-28.211	8	4	1	12	1	2	4	8	16	32	64	128	256	512	1024	2048	296	442
515	-50.127	-7.132	25	6	1	12	1	2	4	8	16	32	64	128	256	512	1024	2048	262	381
516	67.502	-4.767	4	19	1	12	1	2	4	8	16	32	64	128	256	512	1024	2048	466	578
517	87.95	68.081	24	2	1	12	1	2	4	8	16	32	64	128	256	512	1024	2048	439	576
518	77.513	37.872	10	8	1	12	1	2	4	8	16	32	64	128	256	512	1024	2048	329	508
519	-30.657	-37.889	12	20	1	12	1	2	4	8	16	32	64	128	256	512	1024	2048	172	296
520	-32.922	-57.05	5	16	1	12	1	2	4	8	16	32	64	128	256	512	1024	2048	407	586
521	-88.654	67.289	10	17	1	12	1	2	4	8	16	32	64	128	256	512	1024	2048	149	281
522	-70.256	81.637	21	5	1	12	1	2	4	8	16	32	64	128	256	512	1024	2048	181	278
523	78.346	73.703	5	25	1	12	1	2	4	8	16	32	64	128	256	512	1024	2048	95	226
524	-84.333	-80.772	12	22	1	12	1	2	4	8	16	32	64	128	256	512	1024	2048	93	217
525	-36.57	-23.585	8	22	1	12	1	2	4	8	16	32	64	128	256	512	1024	2048	276	415
526	-3.343	96.136	10	14	1	12	1	2	4	8	16	32	64	128	256	512	1024	2048	476	622
527	-27.868	27.847	19	17	1	12	1	2	4	8	16	32	64	128	256	512	1024	2048	335	489
528	22.987	11.002	13	9	1	12	1	2	4	8	16	32	64	128	256	512	1024	2048	119	258
529	-40.126	83.374	2	3	1	12	1	2	4	8	16	32	64	128	256	512	1024	2048	302	469
530	93.385	-75.927	7	17	1	12	1	2	4	8	16	32	64	128	256	512	1024	2048	265	395
531	-70.184	-69.884	17	8	1	12	1	2	4	8	16	32	64	128	256	512	1024	2048	152	286
532	-76.195	78.467	20	9	1	12	1	2	4	8	16	32	64	128	256	512	1024	2048	211	314
533	-70.312	-96.751	11	23	1	12	1	2	4	8	16	32	64	128	256	512	1024	2048	84	242
534	-17.638	95.431	15	7	1	12	1	2	4	8	16	32	64	128	256	512	1024	2048	406	583
535	-89.402	6.426	19	16	1	12	1	2	4	8	16	32	64	128	256	512	1024	2048	243	349
536	92.973	27.36	4	1	1	12	1	2	4	8	16	32	64	128	256	512	1024	2048	203	321
537	53.399	-12.485	6	5	1	12	1	2	4	8	16	32	64	128	256	512	1024	2048	255	430
538	-97.435	-41.61	18	16	1	12	1	2	4	8	16	32	64	128	256	512	1024	2048	427	584
539	-49.654	-55.233	10	4	1	12	1	2	4	8	16	32	64	128	256	512	1024	2048	232	351
540	-11.199	-83.05	22	11	1	12	1	2	4	8	16	32	64	128	256	512	1024	2048	198	369
541	-82.244	-83.4	4	5	1	12	1	2	4	8	16	32	64	128	256	512	1024	2048	468	646
542	-26.095	57.655	22	18	1	12	1	2	4	8	16	32	64	128	256	512	1024	2048	229	328
543	-49.244	93.869	14	12	1	12	1	2	4	8	16	32	64	128	256	512	1024	2048	449	566
544	-54.417	55.83	16	2	1	12	1	2	4	8	16	32	64	128	256	512	1024	2048	72	207
545	53.013	-63.241	18	14	1	12	1	2	4	8	16	32	64	128	256	512	1024	2048	119	209
546	51.548	90.756	20	15	1	12	1	2	4	8	16	32	64	128	256	512	1024	2048	418	539
547	-83.565	84.086	13	3	1	12	1	2	4	8	16	32	64	128	256	512	1024	2048	133	244
548	-80.13	3.963	11	20	1	12	1	2	4	8	16	32	64	128	256	512	1024	2048	113	293
549	-91.688	14.637	25	14	1	12	1	2	4	8	16	32	64	128	256	512	1024	2048	144	278
550	-55.77	18.579	24	7	1	12	1	2	4	8	16	32	64	128	256	512	1024	2048	230	348
551	73.503	91.074	13	22	1	12	1	2	4	8	16	32	64	128	256	512	1024	2048	262	354
552	72.24	56.12	10	16	1	12	1	2	4	8	16	32	64	128	256	512	1024	2048	379	470
553	-45.032	42.513	20	7	1	12	1	2	4	8	16	32	64	128	256	512	1024	2048	249	358
554	30.536	-85.699	6	3	1	12	1	2	4	8	16	32	64	128	256	512	1024	2048	275	392
555	65.113	87.452	15	15	1	12	1	2	4	8	16	32	64	128	256	512	1024	2048	139	274
556	26.49	-78.842	24	10	1	12	1	2	4	8	16	32	64	128	256	512	1024	2048	345	459
557	-22.337	42.121	14	4	1	12	1	2	4	8	16	32	64	128	256	512	1024	2048	228	322
558	84.538	-60.209	9	18	1	12	1	2	4	8	16	32	64	128	256	512	1024	2048	187	292
559	50.983	93.897	23	8	1	12	1	2	4	8	16	32	64	128	256	512	1024	2048	461	612
560	67.771	-41.162	20	24	1	12	1	2	4	8	16	32	64	128	256	512	1024	2048	111	239
561	-10.946	-81.136	23	9	1	12	1	2	4	8	16	32	64	128	256	512	1024	2048	262	423
562	88.799	4.174	5	6	1	12	1	2	4	8	16	32	64	128	256	512	1024	2048	458	608
563	95.111	84.526	21	16	1	12	1	2	4	8	16	32	64	128	256	512	1024	2048	426	569
564	-15.398	70.27	6	16	1	12	1	2	4	8	16	32	64	128	256	512	1024	2048	152	268
565	-72.079	-63.477	9	6	1	12	1	2	4	8	16	32	64	128	256	512	1024	2048	265	420
566	-7.708	63.376	1	23	1	12	1	2	4	8	16	32	64	128	256	512	1024	2048	422	595
567	38.759	-76.813	25	19	1	12	1	2	4	8	16	32	64	128	256	512	1024	2048	444	538
568	-7.31	-17.889	22	8	1	12	1	2	4	8	16	32	64	128	256	512	1024	2048	154	245
569	46.213	58.74	23	16	1	12	1	2	4	8	16	32	64	128	256	512	1024	2048	188	293
570	15.571	-24.527	19	15	1	12	1	2	4	8	16	32	64	128	256	512	1024	2048	285	427
571	89.007	15.6	7	10	1	12	1	2	4	8	16	32	64	128	256	512	1024	2048	155	322
572	8.629	6.921	6	20	1	12	1	2	4	8	16	32	64	128	256	512	1024	2048	429	564
573	-87.182	89.72	3	4	1	12	1	2	4	8	16	32	64	128	256	512	1024	2048	338	428
574	-60.518	48.371	13	17	1	12	1	2	4	8	16	32	64	128	256	512	1024	2048	127	262
575	-87.307	95.3	13	21	1	12	1	2	4	8	16	32	64	128	256	512	1024	2048	122	278
576	44.515	-15.86	12	16	1	12	1	2	4	8	16	32	64	128	256	512	1024	2048	462	553
577	47.418	60.176	2	3	1	12	1	2	4	8	16	32	64	128	256	512	1024	2048	265	428
578	40.465	-28.865	10	7	1	12	1	2	4	8	16	32	64	128	256	512	1024	2048	261	399
579	-25.052	57.65	20	8	1	12	1	2	4	8	16	32	64	128	256	512	1024	2048	435	597
580	-19.842	-88.066	16	5	1	12	1	2	4	8	16	32	64	128	256	512	1024	2048	461	636
581	8.498	21.597	25	18	1	12	1	2	4	8	16	32	64	128	256	512	1024	2048	395	519
582	-4.075	-57.002	4	5	1	12	1	2	4	8	16	32	64	128	256	512	1024	2048	315	428
583	-98.297	-26.045	20	14	1	12	1	2	4	8	16	32	64	128	256	512	1024	2048	224	315
584	-27.286	12.747	25	22	1	12	1	2	4	8	16	32	64	128	256	512	1024	2048	69	213
585	-30.609	-58.8	18	12	1	12	1	2	4	8	16	32	64	128	256	512	1024	2048	391	569
586	8.692	-91.843	10	18	1	12	1	2	4	8	16	32	64	128	256	512	1024	2048	205	347
587	65.178	-5.969	25	16	1	12	1	2	4	8	16	32	64	128	256	512	1024	2048	457	574
588	54.953	-96.962	15	16	1	12	1	2	4	8	16	32	64	128	256	512	1024	2048	322	477
589	-97.103	58.234	4	22	1	12	1	2	4	8	16	32	64	128	256	512	1024	2048	373	529
590	97.477	81.35	17	2	1	12	1	2	4	8	16	32	64	128	256	512	1024	2048	163	271
591	99.274	-85.273	9	13	1	12	1	2	4	8	16	32	64	128	256	512	1024	2048	288	463
592	-92.125	-39.229	4	4	1	12	1	2	4	8	16	32	64	128	256	512	1024	2048	79	213
593	-80.296	99.275	15	11	1	12	1	2	4	8	16	32	64	128	256	512	1024	2048	306	457
594	-4.521	89.601	23	22	1	12	1	2	4	8	16	32	64	128	256	512	1024	2048	253	358
595	96.536	-32.462	20	16	1	12	1	2	4	8	16	32	64	128	256	512	1024	2048	283	417
596	89.958	60.167	6	20	1	12	1	2	4	8	16	32	64	128	256	512	1024	2048	268	430
597	-21.204	34.464	11	17	1	12	1	2	4	8	16	32	64	128	256	512	1024	2048	69	209
598	-92.189	42.041	25	2	1	12	1	2	4	8	16	32	64	128	256	512	1024	2048	304	408
599	26.647	-63.615	10	2	1	12	1	2	4	8	16	32	64	128	256	512	1024	2048	459	628
600	40.766	99.974	12	11	1	12	1	2	4	8	16	32	64	128	256	512	1024	2048	305	469
601	4.379	-64.345	14	23	1	12	1	2	4	8	16	32	64	128	256	512	1024	2048	98	205
602	63.061	-96.523	11	13	1	12	1	2	4	8	16	32	64	128	256	512	1024	2048	102	263
603	98.325	25.41	17	1	1	12	1	2	4	8	16	32	64	128	256	512	1024	2048	81	242
604	-56.628	29.761	3	18	1	12	1	2	4	8	16	32	64	128	256	512	1024	2048	435	576
605	56.193	57.227	2	7	1	12	1	2	4	8	16	32	64	128	256	512	1024	2048	161	290
606	45.472	-99.471	4	10	1	12	1	2	4	8	16	32	64	128	256	512	1024	2048	296	460
607	-60.104	-51.658	5	5	1	12	1	2	4	8	16	32	64	128	256	512	1024	2048	193	355
608	-80.829	-63.209	6	8	1	12	1	2	4	8	16	32	64	128	256	512	1024	2048	65	211
609	-98.795	-32.312	20	9	1	12	1	2	4	8	16	32	64	128	256	512	1024	2048	316	458
610	7.254	68.995	24	25	1	12	1	2	4	8	16	32	64	128	256	512	1024	2048	126	268
611	18.751	60.037	16	15	1	12	1	2	4	8	16	32	64	128	256	512	1024	2048	104	257
612	-86.017	49.064	22	13	1	12	1	2	4	8	16	32	64	128	256	512	1024	2048	206	365
613	23.47	90.202	16	14	1	12	1	2	4	8	16	32	64	128	256	512	1024	2048	73	241
614	4.737	-5.327	19	14	1	12	1	2	4	8	16	32	64	128	256	512	1024	2048	71	172
615	-61.012	-46.769	7	6	1	12	1	2	4	8	16	32	64	128	256	512	1024	2048	162	263
616	-94.753	93.277	21	6	1	12	1	2	4	8	16	32	64	128	256	512	1024	2048	264	419
617	-83.249	49.102	12	10	1	12	1	2	4	8	16	32	64	128	256	512	1024	2048	221	357
618	-17.236	75.374	5	17	1	12	1	2	4	8	16	32	64	128	256	512	1024	2048	323	456
619	-36.693	7.705	6	1	1	12	1	2	4	8	16	32	64	128	256	512	1024	2048	231	391
620	-46.207	15.097	6	22	1	12	1	2	4	8	16	32	64	128	256	512	1024	2048	345	448
621	-6.468	-91.945	16	24	1	12	1	2	4	8	16	32	64	128	256	512	1024	2048	238	356
622	-51.296	-15.225	14	5	1	12	1	2	4	8	16	32	64	128	256	512	1024	2048	249	360
623	-6.889	-49.82	3	3	1	12	1	2	4	8	16	32	64	128	256	512	1024	2048	264	436
624	-89.393	-96.668	18	7	1	12	1	2	4	8	16	32	64	128	256	512	1024	2048	130	294
625	19.356	-7.406	13	17	1	12	1	2	4	8	16	32	64	128	256	512	1024	2048	103	221
626	-2.372	24.513	1	3	1	12	1	2	4	8	16	32	64	128	256	512	1024	2048	193	340
627	-11.309	-9.908	24	3	1	12	1	2	4	8	16	32	64	128	256	512	1024	2048	443	561
628	-74.272	1.343	7	20	1	12	1	2	4	8	16	32	64	128	256	512	1024	2048	476	614
629	-21.771	-28.745	20	19	1	12	1	2	4	8	16	32	64	128	256	512	1024	2048	83	217
630	-73.34	94.352	20	17	1	12	1	2	4	8	16	32	64	128	256	512	1024	2048	403	530
631	95.052	0.394	23	9	1	12	1	2	4	8	16	32	64	128	256	512	1024	2048	179	302
632	62.608	-60.888	9	6	1	12	1	2	4	8	16	32	64	128	256	512	1024	2048	391	516
633	-51.504	99.99	24	15	1	12	1	2	4	8	16	32	64	128	256	512	1024	2048	87	218
634	-44.223	93.128	21	6	1	12	1	2	4	8	16	32	64	128	256	512	1024	2048	454	590
635	47.821	-11.473	12	13	1	12	1	2	4	8	16	32	64	128	256	512	1024	2048	335	479
636	-64.714	29.571	25	24	1	12	1	2	4	8	16	32	64	128	256	512	1024	2048	139	236
637	-23.929	3.157	18	13	1	12	1	2	4	8	16	32	64	128	256	512	1024	2048	157	263
638	-62.563	-45.039	25	5	1	12	1	2	4	8	16	32	64	128	256	512	1024	2048	133	232
639	46.004	-66.752	11	17	1	12	1	2	4	8	16	32	64	128	256	512	1024	2048	72	229
640	84.428	38.377	17	13	1	12	1	2	4	8	16	32	64	128	256	512	1024	2048	477	585
641	12.02	62.104	2	22	1	12	1	2	4	8	16	32	64	128	256	512	1024	2048	392	530
642	-50.426	-50.313	24	17	1	12	1	2	4	8	16	32	64	128	256	512	1024	2048	352	499
643	-28.652	-75.214	4	7	1	12	1	2	4	8	16	32	64	128	256	512	1024	2048	404	559
644	-72.342	-83.697	21	12	1	12	1	2	4	8	16	32	64	128	256	512	1024	2048	394	536
645	-83.853	61.193	18	20	1	12	1	2	4	8	16	32	64	128	256	512	1024	2048	257	382
646	-11.443	77.977	7	1	1	12	1	2	4	8	16	32	64	128	256	512	1024	2048	267	435
647	-92.898	37.233	8	19	1	12	1	2	4	8	16	32	64	128	256	512	1024	2048	355	498
648	-36.878	-96.437	18	18	1	12	1	2	4	8	16	32	64	128	256	512	1024	2048	210	373
649	-15.449	88.184	23	19	1	12	1	2	4	8	16	32	64	128	256	512	1024	2048	305	429
650	-48.313	75.371	6	14	1	12	1	2	4	8	16	32	64	128	256	512	1024	2048	430	529
651	0.269	-25.621	9	25	1	12	1	2	4	8	16	32	64	128	256	512	1024	2048	455	627
652	-25.088	71.701	15	15	1	12	1	2	4	8	16	32	64	128	256	512	1024	2048	424	561
653	11.896	-83.981	23	10	1	12	1	2	4	8	16	32	64	128	256	512	1024	2048	301	477
654	25.915	64.022	6	2	1	12	1	2	4	8	16	32	64	128	256	512	1024	2048	81	215
655	-33.555	-28.986	18	10	1	12	1	2	4	8	16	32	64	128	256	512	1024	2048	114	281
656	33.041	83.359	10	25	1	12	1	2	4	8	16	32	64	128	256	512	1024	2048	74	167
657	-59.485	-88.316	4	14	1	12	1	2	4	8	16	32	64	128	256	512	1024	2048	187	337
658	90.285	-92.028	13	25	1	12	1	2	4	8	16	32	64	128	256	512	1024	2048	107	236
659	43.353	81.992	25	10	1	12	1	2	4	8	16	32	64	128	256	512	1024	2048	431	583
660	52.495	-92.793	11	14	1	12	1	2	4	8	16	32	64	128	256	512	1024	2048	63	166
661	19.004	57.367	11	8	1	12	1	2	4	8	16	32	64	128	256	512	1024	2048	67	227
662	-53.581	69.173	3	16	1	12	1	2	4	8	16	32	64	128	256	512	1024	2048	143	274
663	-88.217	-96.166	18	17	1	12	1	2	4	8	16	32	64	128	256	512	1024	2048	245	423
664	45.421	86.728	18	1	1	12	1	2	4	8	16	32	64	128	256	512	1024	2048	284	449
665	87.768	37.918	14	15	1	12	1	2	4	8	16	32	64	128	256	512	1024	2048	104	235
666	-23.6	-90.025	6	23	1	12	1	2	4	8	16	32	64	128	256	512	1024	2048	316	472
667	-72.567	52.39	3	2	1	12	1	2	4	8	16	32	64	128	256	512	1024	2048	414	575
668	-27.904	88.116	8	8	1	12	1	2	4	8	16	32	64	128	256	512	1024	2048	203	336
669	93.39	-99.869	4	16	1	12	1	2	4	8	16	32	64	128	256	512	1024	2048	75	255
670	-49.306	-8.166	6	20	1	12	1	2	4	8	16	32	64	128	256	512	1024	2048	70	235
671	-47.948	58.213	2	17	1	12	1	2	4	8	16	32	64	128	256	512	1024	2048	201	320
672	-99.678	86.905	8	12	1	12	1	2	4	8	16	32	64	128	256	512	1024	2048	117	237
673	81.572	-36.695	20	1	1	12	1	2	4	8	16	32	64	128	256	512	1024	2048	466	598
674	54.545	23.866	1	18	1	12	1	2	4	8	16	32	64	128	256	512	1024	2048	257	368
675	-94.315	89.361	4	4	1	12	1	2	4	8	16	32	64	128	256	512	1024	2048	171	331
676	94.715	1.41	15	6	1	12	1	2	4	8	16	32	64	128	256	512	1024	2048	147	246
677	-67.271	-38.55	18	10	1	12	1	2	4	8	16	32	64	128	256	512	1024	2048	318	490
678	88.41	-76.07	6	8	1	12	1	2	4	8	16	32	64	128	256	512	1024	2048	431	547
679	62.192	-73.395	18	3	1	12	1	2	4	8	16	32	64	128	256	512	1024	2048	307	479
680	-36.396	62.007	7	14	1	12	1	2	4	8	16	32	64	128	256	512	1024	2048	453	624
681	20.274	-61.074	6	1	1	12	1	2	4	8	16	32	64	128	256	512	1024	2048	74	213
682	95.206	-26.909	22	3	1	12	1	2	4	8	16	32	64	128	256	512	1024	2048	215	359
683	12.644	70.267	17	25	1	12	1	2	4	8	16	32	64	128	256	512	1024	2048	373	534
684	-18.888	72.497	17	9	1	12	1	2	4	8	16	32	64	128	256	512	1024	2048	407	509
685	-84.995	-79.233	10	11	1	12	1	2	4	8	16	32	64	128	256	512	1024	2048	183	338
686	-48.966	-88.937	20	9	1	12	1	2	4	8	16	32	64	128	256	512	1024	2048	170	279
687	-16.023	66.94	22	2	1	12	1	2	4	8	16	32	64	128	256	512	1024	2048	303	474
688	-24.162	47.72	9	4	1	12	1	2	4	8	16	32	64	128	256	512	1024	2048	187	297
689	-91.917	76.165	6	18	1	12	1	2	4	8	16	32	64	128	256	512	1024	2048	109	277
690	-27.548	-65.902	15	15	1	12	1	2	4	8	16	32	64	128	256	512	1024	2048	436	563
691	53.39	-62.335	17	14	1	12	1	2	4	8	16	32	64	128	256	512	1024	2048	259	384
692	34.508	76.878	13	3	1	12	1	2	4	8	16	32	64	128	256	512	1024	2048	321	424
693	-38.221	-80.407	15	20	1	12	1	2	4	8	16	32	64	128	256	512	1024	2048	185	326
694	95.983	18.751	3	22	1	12	1	2	4	8	16	32	64	128	256	512	1024	2048	478	636
695	-35.507	-51.476	19	23	1	12	1	2	4	8	16	32	64	128	256	512	1024	2048	298	410
696	-48.819	35.477	20	3	1	12	1	2	4	8	16	32	64	128	256	512	1024	2048	162	322
697	-60.245	-68.289	19	10	1	12	1	2	4	8	16	32	64	128	256	512	1024	2048	476	640
698	-36.753	-70.981	17	16	1	12	1	2	4	8	16	32	64	128	256	512	1024	2048	441	541
699	-85.12	-89.277	15	13	1	12	1	2	4	8	16	32	64	128	256	512	1024	2048	190	281
700	-76.728	-3.117	4	18	1	12	1	2	4	8	16	32	64	128	256	512	1024	2048	250	408
701	27.865	-30.569	6	14	1	12	1	2	4	8	16	32	64	128	256	512	1024	2048	360	476
702	-28.618	-31.981	3	14	1	12	1	2	4	8	16	32	64	128	256	512	1024	2048	201	329
703	81.219	18.097	15	11	1	12	1	2	4	8	16	32	64	128	256	512	1024	2048	238	414
704	-13.241	-85.219	13	17	1	12	1	2	4	8	16	32	64	128	256	512	1024	2048	81	246
705	-41.644	-96.769	5	22	1	12	1	2	4	8	16	32	64	128	256	512	1024	2048	384	561
706	51.088	-29.67	10	7	1	12	1	2	4	8	16	32	64	128	256	512	1024	2048	371	474
707	-33.43	-93.188	8	15	1	12	1	2	4	8	16	32	64	128	256	512	1024	2048	300	465
708	9.018	90.888	17	10	1	12	1	2	4	8	16	32	64	128	256	512	1024	2048	202	338
709	-71.808	56.635	22	25	1	12	1	2	4	8	16	32	64	128	256	512	1024	2048	253	347
710	84.16	-31.976	7	1	1	12	1	2	4	8	16	32	64	128	256	512	1024	2048	110	219
711	-44.312	-9.621	1	15	1	12	1	2	4	8	16	32	64	128	256	512	1024	2048	446	614
712	-2.506	-75.704	14	17	1	12	1	2	4	8	16	32	64	128	256	512	1024	2048	341	450
713	40.647	-93.25	19	19	1	12	1	2	4	8	16	32	64	128	256	512	1024	2048	136	283
714	-89.538	61.172	10	18	1	12	1	2	4	8	16	32	64	128	256	512	1024	2048	480	603
715	-86.77	47.273	17	15	1	12	1	2	4	8	16	32	64	128	256	512	1024	2048	363	525
716	-10.815	-39.277	10	16	1	12	1	2	4	8	16	32	64	128	256	512	1024	2048	266	445
717	-41.306	78.926	9	18	1	12	1	2	4	8	16	32	64	128	256	512	1024	2048	349	481
718	43.246	-60.635	17	13	1	12	1	2	4	8	16	32	64	128	256	512	1024	2048	241	411
719	39.661	-54.372	11	23	1	12	1	2	4	8	16	32	64	128	256	512	1024	2048	81	256
720	21.123	-79.729	25	14	1	12	1	2	4	8	16	32	64	128	256	512	1024	2048	297	462
721	-33.062	-37.964	2	2	1	12	1	2	4	8	16	32	64	128	256	512	1024	2048	409	533
722	85.331	-23.661	15	14	1	12	1	2	4	8	16	32	64	128	256	512	1024	2048	359	489
723	-8.265	89.701	15	23	1	12	1	2	4	8	16	32	64	128	256	512	1024	2048	235	358
724	-32.68	-53.706	20	23	1	12	1	2	4	8	16	32	64	128	256	512	1024	2048	297	440
725	-8.922	90.571	23	21	1	12	1	2	4	8	16	32	64	128	256	512	1024	2048	97	264
726	7.112	72.266	14	16	1	12	1	2	4	8	16	32	64	128	256	512	1024	2048	93	214
727	37.634	-82.97	25	5	1	12	1	2	4	8	16	32	64	128	256	512	1024	2048	117	251
728	55.796	-25.062	11	22	1	12	1	2	4	8	16	32	64	128	256	512	1024	2048	238	352
729	-84.637	18.508	24	9	1	12	1	2	4	8	16	32	64	128	256	512	1024	2048	412	554
730	-81.025	-77.542	4	22	1	12	1	2	4	8	16	32	64	128	256	512	1024	2048	269	428
731	48.153	60.186	15	4	1	12	1	2	4	8	16	32	64	128	256	512	1024	2048	374	466
732	-56.71	-65.612	3	23	1	12	1	2	4	8	16	32	64	128	256	512	1024	2048	370	524
733	-46.037	67.393	23	14	1	12	1	2	4	8	16	32	64	128	256	512	1024	2048	113	267
734	-72.361	-70.591	12	13	1	12	1	2	4	8	16	32	64	128	256	512	1024	2048	435	597
735	-90.585	-7.05	18	13	1	12	1	2	4	8	16	32	64	128	256	512	1024	2048	466	588
736	-73.162	79.959	22	8	1	12	1	2	4	8	16	32	64	128	256	512	1024	2048	380	502
737	67.217	85.366	18	14	1	12	1	2	4	8	16	32	64	128	256	512	1024	2048	313	466
738	-68.613	-68.349	10	1	1	12	1	2	4	8	16	32	64	128	256	512	1024	2048	474	608
739	-99.252	-66.352	6	19	1	12	1	2	4	8	16	32	64	128	256	512	1024	2048	177	328
740	-84.413	-62.967	4	22	1	12	1	2	4	8	16	32	64	128	256	512	1024	2048	135	303
741	-54.542	-82.485	15	21	1	12	1	2	4	8	16	32	64	128	256	512	1024	2048	443	578
742	-68.312	97.969	6	4	1	12	1	2	4	8	16	32	64	128	256	512	1024	2048	333	423
743	27.56	-32.342	20	18	1	12	1	2	4	8	16	32	64	128	256	512	1024	2048	165	273
744	-63.012	-96.59	20	7	1	12	1	2	4	8	16	32	64	128	256	512	1024	2048	152	307
745	98.758	-42.422	25	13	1	12	1	2	4	8	16	32	64	128	256	512	1024	2048	131	260
746	-14.48	-38.43	13	1	1	12	1	2	4	8	16	32	64	128	256	512	1024	2048	281	447
747	-87.251	68.357	9	4	1	12	1	2	4	8	16	32	64	128	256	512	1024	2048	89	246
748	-27.155	-39.51	20	20	1	12	1	2	4	8	16	32	64	128	256	512	1024	2048	125	304
749	93.292	-59.465	25	13	1	12	1	2	4	8	16	32	64	128	256	512	1024	2048	469	639
750	62.407	-3.828	17	17	1	12	1	2	4	8	16	32	64	128	256	512	1024	2048	431	590
751	-33.323	67.417	13	5	1	12	1	2	4	8	16	32	64	128	256	512	1024	2048	278	440
752	77.743	34.381	7	4	1	12	1	2	4	8	16	32	64	128	256	512	1024	2048	329	470
753	-1.776	82.245	6	24	1	12	1	2	4	8	16	32	64	128	256	512	1024	2048	111	228
754	-24.851	68.574	12	20	1	12	1	2	4	8	16	32	64	128	256	512	1024	2048	181	339
755	92.78	-59.985	25	2	1	12	1	2	4	8	16	32	64	128	256	512	1024	2048	140	246
756	80.947	-44.933	22	21	1	12	1	2	4	8	16	32	64	128	256	512	1024	2048	412	516
757	-35.353	38.549	14	21	1	12	1	2	4	8	16	32	64	128	256	512	1024	2048	95	246
758	68.909	24.96	21	6	1	12	1	2	4	8	16	32	64	128	256	512	1024	2048	269	449
759	86.867	-93.257	10	23	1	12	1	2	4	8	16	32	64	128	256	512	1024	2048	216	320
760	-12.914	-78.012	13	5	1	12	1	2	4	8	16	32	64	128	256	512	1024	2048	250	430
761	-77.963	-60.184	9	3	1	12	1	2	4	8	16	32	64	128	256	512	1024	2048	143	305
762	-77.772	47.538	20	23	1	12	1	2	4	8	16	32	64	128	256	512	1024	2048	127	245
763	-70.394	-55.15	6	19	1	12	1	2	4	8	16	32	64	128	256	512	1024	2048	108	205
764	-98.062	-45.386	11	22	1	12	1	2	4	8	16	32	64	128	256	512	1024	2048	124	255
765	48.307	-91.44	16	6	1	12	1	2	4	8	16	32	64	128	256	512	1024	2048	262	427
766	-40.905	87.054	12	20	1	12	1	2	4	8	16	32	64	128	256	512	1024	2048	276	405
767	84.78	-53.103	21	6	1	12	1	2	4	8	16	32	64	128	256	512	1024	2048	125	284
768	86.924	-73.159	14	2	1	12	1	2	4	8	16	32	64	128	256	512	1024	2048	124	233
769	-90.067	50.4	1	2	1	12	1	2	4	8	16	32	64	128	256	512	1024	2048	422	552
770	-87.469	-34.504	6	11	1	12	1	2	4	8	16	32	64	128	256	512	1024	2048	114	222
771	-81.117	-97.785	6	17	1	12	1	2	4	8	16	32	64	128	256	512	1024	2048	118	290
772	27.857	-34.072	24	14	1	12	1	2	4	8	16	32	64	128	256	512	1024	2048	142	276
773	86.382	54.933	8	13	1	12	1	2	4	8	16	32	64	128	256	512	1024	2048	422	534
774	-71.276	-6.169	13	21	1	12	1	2	4	8	16	32	64	128	256	512	1024	2048	332	453
775	-50.602	51.637	16	21	1	12	1	2	4	8	16	32	64	128	256	512	1024	2048	156	263
776	-98.207	-86.931	9	10	1	12	1	2	4	8	16	32	64	128	256	512	1024	2048	138	242
777	-37.713	8.607	18	5	1	12	1	2	4	8	16	32	64	128	256	512	1024	2048	422	597
778	76.394	82.615	6	21	1	12	1	2	4	8	16	32	64	128	256	512	1024	2048	304	473
779	89.911	-67.787	5	21	1	12	1	2	4	8	16	32	64	128	256	512	1024	2048	68	242
780	12.792	-77.573	24	2	1	12	1	2	4	8	16	32	64	128	256	512	1024	2048	126	228
781	32.602	79.379	14	24	1	12	1	2	4	8	16	32	64	128	256	512	1024	2048	363	522
782	-85.552	-74.545	2	22	1	12	1	2	4	8	16	32	64	128	256	512	1024	2048	384	502
783	-2.067	30.598	11	11	1	12	1	2	4	8	16	32	64	128	256	512	1024	2048	342	521
784	-17.588	-19.484	19	1	1	12	1	2	4	8	16	32	64	128	256	512	1024	2048	240	341
785	3.51	98.068	18	18	1	12	1	2	4	8	16	32	64	128	256	512	1024	2048	198	375
786	-87.516	11.264	1	10	1	12	1	2	4	8	16	32	64	128	256	512	1024	2048	389	546
787	45.812	-75.902	21	12	1	12	1	2	4	8	16	32	64	128	256	512	1024	2048	247	422
788	71.882	5.124	23	10	1	12	1	2	4	8	16	32	64	128	256	512	1024	2048	310	457
789	-31.067	58.318	21	8	1	12	1	2	4	8	16	32	64	128	256	512	1024	2048	63	226
790	65.082	99.021	7	24	1	12	1	2	4	8	16	32	64	128	256	512	1024	2048	205	339
791	-56.052	-13.811	15	6	1	12	1	2	4	8	16	32	64	128	256	512	1024	2048	254	403
792	-1.656	92.442	8	3	1	12	1	2	4	8	16	32	64	128	256	512	1024	2048	182	279
793	-29.762	-42.068	1	4	1	12	1	2	4	8	16	32	64	128	256	512	1024	2048	314	467
794	0.509	36.966	7	25	1	12	1	2	4	8	16	32	64	128	256	512	1024	2048	322	483
795	80.412	-60.601	21	9	1	12	1	2	4	8	16	32	64	128	256	512	1024	2048	467	560
796	-55.784	26.373	11	22	1	12	1	2	4	8	16	32	64	128	256	512	1024	2048	415	538
797	72.691	-52.233	1	22	1	12	1	2	4	8	16	32	64	128	256	512	1024	2048	147	282
798	-42.554	78.215	16	21	1	12	1	2	4	8	16	32	64	128	256	512	1024	2048	214	375
799	38.88	-18.445	4	17	1	12	1	2	4	8	16	32	64	128	256	512	1024	2048	191	340
800	85.134	19.835	4	6	1	12	1	2	4	8	16	32	64	128	256	512	1024	2048	361	479
801	2.279	22.286	15	17	1	12	1	2	4	8	16	32	64	128	256	512	1024	2048	469	562
802	-64.263	-8.569	2	9	1	12	1	2	4	8	16	32	64	128	256	512	1024	2048	135	254
803	21.8	4.208	9	13	1	12	1	2	4	8	16	32	64	128	256	512	1024	2048	412	520
804	-13.305	64.133	11	1	1	12	1	2	4	8	16	32	64	128	256	512	1024	2048	476	574
805	-37.673	-73.17	23	8	1	12	1	2	4	8	16	32	64	128	256	512	1024	2048	270	439
806	-31.692	-93.618	15	3	1	12	1	2	4	8	16	32	64	128	256	512	1024	2048	269	401
807	-97.364	-65.298	22	2	1	12	1	2	4	8	16	32	64	128	256	512	1024	2048	120	298
808	85.03	52.421	25	25	1	12	1	2	4	8	16	32	64	128	256	512	1024	2048	149	242
809	87.496	-55.842	1	18	1	12	1	2	4	8	16	32	64	128	256	512	1024	2048	336	438
810	7.713	-83.339	20	17	1	12	1	2	4	8	16	32	64	128	256	512	1024	2048	274	365
811	-81.234	81.319	25	10	1	12	1	2	4	8	16	32	64	128	256	512	1024	2048	440	577
812	63.911	-64.18	3	4	1	12	1	2	4	8	16	32	64	128	256	512	1024	2048	61	160
813	67.778	-33.851	14	19	1	12	1	2	4	8	16	32	64	128	256	512	1024	2048	201	362
814	81.622	96.369	20	3	1	12	1	2	4	8	16	32	64	128	256	512	1024	2048	187	362
815	-52.002	36.857	10	4	1	12	1	2	4	8	16	32	64	128	256	512	1024	2048	116	263
816	87.598	-44.824	23	24	1	12	1	2	4	8	16	32	64	128	256	512	1024	2048	317	426
817	62.311	-81.2	13	18	1	12	1	2	4	8	16	32	64	128	256	512	1024	2048	266	365
818	90.643	-71.205	4	16	1	12	1	2	4	8	16	32	64	128	256	512	1024	2048	293	426
819	74.558	-63.818	2	9	1	12	1	2	4	8	16	32	64	128	256	512	1024	2048	234	373
820	-73.424	29.408	10	9	1	12	1	2	4	8	16	32	64	128	256	512	1024	2048	480	650
821	-72.927	-66.44	25	9	1	12	1	2	4	8	16	32	64	128	256	512	1024	2048	331	444
822	-56.744	-12.566	8	23	1	12	1	2	4	8	16	32	64	128	256	512	1024	2048	272	368
823	-75.255	-62.789	7	19	1	12	1	2	4	8	16	32	64	128	256	512	1024	2048	70	181
824	53.461	-10.909	20	25	1	12	1	2	4	8	16	32	64	128	256	512	1024	2048	253	361
825	-33.693	-34.059	1	16	1	12	1	2	4	8	16	32	64	128	256	512	1024	2048	295	432
826	-15.166	-74.484	7	22	1	12	1	2	4	8	16	32	64	128	256	512	1024	2048	198	319
827	-21.55	60.799	20	7	1	12	1	2	4	8	16	32	64	128	256	512	1024	2048	272	388
828	86.108	-10.761	19	15	1	12	1	2	4	8	16	32	64	128	256	512	1024	2048	102	252
829	42.287	69.491	6	20	1	12	1	2	4	8	16	32	64	128	256	512	1024	2048	161	253
830	73.894	-5.03	18	24	1	12	1	2	4	8	16	32	64	128	256	512	1024	2048	435	590
831	-29.064	57.177	10	17	1	12	1	2	4	8	16	32	64	128	256	512	1024	2048	345	473
832	-69.662	-46.074	18	12	1	12	1	2	4	8	16	32	64	128	256	512	1024	2048	87	234
833	-57.908	-71.319	5	10	1	12	1	2	4	8	16	32	64	128	256	512	1024	2048	183	306
834	-88.15	-61.45	23	5	1	12	1	2	4	8	16	32	64	128	256	512	1024	2048	323	444
835	38.336	70.675	11	24	1	12	1	2	4	8	16	32	64	128	256	512	1024	2048	462	602
836	75.066	92.851	16	20	1	12	1	2	4	8	16	32	64	128	256	512	1024	2048	472	624
837	21.153	-29.633	4	5	1	12	1	2	4	8	16	32	64	128	256	512	1024	2048	174	275
838	-85.024	97.27	12	5	1	12	1	2	4	8	16	32	64	128	256	512	1024	2048	161	313
839	94.121	8.383	21	8	1	12	1	2	4	8	16	32	64	128	256	512	1024	2048	347	495
840	33.819	55.511	11	23	1	12	1	2	4	8	16	32	64	128	256	512	1024	2048	210	347
841	51.595	-31.665	22	13	1	12	1	2	4	8	16	32	64	128	256	512	1024	2048	260	351
842	80.815	-60.041	1	10	1	12	1	2	4	8	16	32	64	128	256	512	1024	2048	442	607
843	-23.098	75.113	10	4	1	12	1	2	4	8	16	32	64	128	256	512	1024	2048	198	345
844	11.211	99.571	17	8	1	12	1	2	4	8	16	32	64	128	256	512	1024	2048	290	450
845	-26.969	-31.036	3	6	1	12	1	2	4	8	16	32	64	128	256	512	1024	2048	228	341
846	-3.579	-85.478	6	7	1	12	1	2	4	8	16	32	64	128	256	512	1024	2048	218	338
847	-43.507	-19.078	23	21	1	12	1	2	4	8	16	32	64	128	256	512	1024	2048	452	581
848	55.988	-94.634	20	21	1	12	1	2	4	8	16	32	64	128	256	512	1024	2048	393	506
849	-48.279	-63.355	21	20	1	12	1	2	4	8	16	32	64	128	256	512	1024	2048	117	287
850	96.818	-7.358	21	1	1	12	1	2	4	8	16	32	64	128	256	512	1024	2048	413	565
851	49.487	-72.534	23	1	1	12	1	2	4	8	16	32	64	128	256	512	1024	2048	139	248
852	-7.135	85.259	20	3	1	12	1	2	4	8	16	32	64	128	256	512	1024	2048	335	503
853	-26.029	-99.228	3	2	1	12	1	2	4	8	16	32	64	128	256	512	1024	2048	441	611
854	86.448	-52.303	23	17	1	12	1	2	4	8	16	32	64	128	256	512	1024	2048	86	207
855	-51.352	3.885	20	2	1	12	1	2	4	8	16	32	64	128	256	512	1024	2048	385	522
856	82.034	-56.098	8	19	1	12	1	2	4	8	16	32	64	128	256	512	1024	2048	315	493
857	1.944	43.674	15	6	1	12	1	2	4	8	16	32	64	128	256	512	1024	2048	73	203
858	28.441	-95.622	4	22	1	12	1	2	4	8	16	32	64	128	256	512	1024	2048	400	502
859	72.136	-69.959	14	9	1	12	1	2	4	8	16	32	64	128	256	512	1024	2048	340	515
860	-31.831	-32.83	7	22	1	12	1	2	4	8	16	32	64	128	256	512	1024	2048	84	174
861	-6.037	-65.246	21	16	1	12	1	2	4	8	16	32	64	128	256	512	1024	2048	167	307
862	77.803	-60.946	14	6	1	12	1	2	4	8	16	32	64	128	256	512	1024	2048	219	361
863	98.121	-37.275	20	11	1	12	1	2	4	8	16	32	64	128	256	512	1024	2048	82	244
864	-87.847	-21.452	9	2	1	12	1	2	4	8	16	32	64	128	256	512	1024	2048	96	202
865	72.626	-79.248	18	14	1	12	1	2	4	8	16	32	64	128	256	512	1024	2048	87	233
866	-65.636	-45.814	20	14	1	12	1	2	4	8	16	32	64	128	256	512	1024	2048	428	540
867	82.311	-44.945	9	9	1	12	1	2	4	8	16	32	64	128	256	512	1024	2048	113	280
868	78.313	-44.396	7	1	1	12	1	2	4	8	16	32	64	128	256	512	1024	2048	440	539
869	82.769	-19.197	14	8	1	12	1	2	4	8	16	32	64	128	256	512	1024	2048	445	561
870	97.7	87.055	3	13	1	12	1	2	4	8	16	32	64	128	256	512	1024	2048	359	490
871	-97.863	58.727	8	2	1	12	1	2	4	8	16	32	64	128	256	512	1024	2048	137	270
872	57.231	53.848	9	5	1	12	1	2	4	8	16	32	64	128	256	512	1024	2048	63	161
873	-31.21	56.176	5	5	1	12	1	2	4	8	16	32	64	128	256	512	1024	2048	158	331
874	68.82	38.553	12	13	1	12	1	2	4	8	16	32	64	128	256	512	1024	2048	172	341
875	82.393	83.708	16	12	1	12	1	2	4	8	16	32	64	128	256	512	1024	2048	386	503
876	-62.522	18.833	22	16	1	12	1	2	4	8	16	32	64	128	256	512	1024	2048	346	506
877	80.575	-72.258	17	6	1	12	1	2	4	8	16	32	64	128	256	512	1024	2048	464	558
878	72.266	-23.318	15	15	1	12	1	2	4	8	16	32	64	128	256	512	1024	2048	448	573
879	-97.663	-0.351	22	12	1	12	1	2	4	8	16	32	64	128	256	512	1024	2048	237	380
880	88.798	-31.563	1	22	1	12	1	2	4	8	16	32	64	128	256	512	1024	2048	61	200
881	-96.661	-64.995	4	5	1	12	1	2	4	8	16	32	64	128	256	512	1024	2048	349	480
882	-77.636	76.591	3	12	1	12	1	2	4	8	16	32	64	128	256	512	1024	2048	152	276
883	0.731	-91.67	13	25	1	12	1	2	4	8	16	32	64	128	256	512	1024	2048	313	470
884	-49.309	-76.281	23	1	1	12	1	2	4	8	16	32	64	128	256	512	1024	2048	409	506
885	44.518	20.486	3	19	1	12	1	2	4	8	16	32	64	128	256	512	1024	2048	97	201
886	-41.869	-43.521	14	3	1	12	1	2	4	8	16	32	64	128	256	512	1024	2048	435	575
887	41.719	-85.799	14	18	1	12	1	2	4	8	16	32	64	128	256	512	1024	2048	169	309
888	-13.884	40.651	19	21	1	12	1	2	4	8	16	32	64	128	256	512	1024	2048	222	356
889	98.288	83.237	21	18	1	12	1	2	4	8	16	32	64	128	256	512	1024	2048	148	255
890	84.087	39.72	17	23	1	12	1	2	4	8	16	32	64	128	256	512	1024	2048	422	571
891	61.351	19.216	5	17	1	12	1	2	4	8	16	32	64	128	256	512	1024	2048	281	393
892	-85.173	41.155	5	3	1	12	1	2	4	8	16	32	64	128	256	512	1024	2048	394	529
893	-50.43	-74.077	23	4	1	12	1	2	4	8	16	32	64	128	256	512	1024	2048	156	266
894	-84.887	66.24	18	17	1	12	1	2	4	8	16	32	64	128	256	512	1024	2048	228	346
895	-54.275	-24.024	13	2	1	12	1	2	4	8	16	32	64	128	256	512	1024	2048	133	247
896	30.542	58.878	20	8	1	12	1	2	4	8	16	32	64	128	256	512	1024	2048	275	399
897	-75.788	53.154	20	12	1	12	1	2	4	8	16	32	64	128	256	512	1024	2048	370	497
898	-48.484	-48.387	16	20	1	12	1	2	4	8	16	32	64	128	256	512	1024	2048	184	328
899	-26.779	98.093	17	1	1	12	1	2	4	8	16	32	64	128	256	512	1024	2048	341	519
900	-35.357	66.007	16	16	1	12	1	2	4	8	16	32	64	128	256	512	1024	2048	358	533
901	-45.131	85.052	12	8	1	12	1	2	4	8	16	32	64	128	256	512	1024	2048	434	580
902	-4.317	44.19	7	16	1	12	1	2	4	8	16	32	64	128	256	512	1024	2048	164	335
903	86.487	29.153	4	2	1	12	1	2	4	8	16	32	64	128	256	512	1024	2048	146	319
904	-69.551	-36.122	3	13	1	12	1	2	4	8	16	32	64	128	256	512	1024	2048	118	276
905	-7.98	-84.024	4	9	1	12	1	2	4	8	16	32	64	128	256	512	1024	2048	193	283
906	-50.529	52.667	10	21	1	12	1	2	4	8	16	32	64	128	256	512	1024	2048	125	269
907	60.99	-86.828	24	21	1	12	1	2	4	8	16	32	64	128	256	512	1024	2048	97	235
908	-93.131	-31.614	18	10	1	12	1	2	4	8	16	32	64	128	256	512	1024	2048	232	376
909	22.123	-53.958	16	8	1	12	1	2	4	8	16	32	64	128	256	512	1024	2048	236	401
910	-0.388	39.671	24	20	1	12	1	2	4	8	16	32	64	128	256	512	1024	2048	385	509
911	-47.725	-45.791	21	17	1	12	1	2	4	8	16	32	64	128	256	512	1024	2048	88	184
912	49.93	-14.23	21	5	1	12	1	2	4	8	16	32	64	128	256	512	1024	2048	71	231
913	72.505	85.257	17	17	1	12	1	2	4	8	16	32	64	128	256	512	1024	2048	374	533
914	49.591	81.528	20	2	1	12	1	2	4	8	16	32	64	128	256	512	1024	2048	277	402
915	64.827	-64.104	17	2	1	12	1	2	4	8	16	32	64	128	256	512	1024	2048	453	619
916	89.909	-56.039	14	6	1	12	1	2	4	8	16	32	64	128	256	512	1024	2048	139	250
917	32.676	40.31	19	9	1	12	1	2	4	8	16	32	64	128	256	512	1024	2048	326	435
918	-60.52	-44.373	7	16	1	12	1	2	4	8	16	32	64	128	256	512	1024	2048	356	515
919	-33.656	-69.415	17	21	1	12	1	2	4	8	16	32	64	128	256	512	1024	2048	297	410
920	41.159	-7.667	21	14	1	12	1	2	4	8	16	32	64	128	256	512	1024	2048	67	236
921	58.797	-75.65	24	10	1	12	1	2	4	8	16	32	64	128	256	512	1024	2048	161	261
922	93.202	-1.173	24	12	1	12	1	2	4	8	16	32	64	128	256	512	1024	2048	223	344
923	50.051	-86.158	16	21	1	12	1	2	4	8	16	32	64	128	256	512	1024	2048	443	541
924	83.878	38.733	6	12	1	12	1	2	4	8	16	32	64	128	256	512	1024	2048	333	449
925	-41.583	-16.848	1	20	1	12	1	2	4	8	16	32	64	128	256	512	1024	2048	297	467
926	-47.441	90.979	1	16	1	12	1	2	4	8	16	32	64	128	256	512	1024	2048	399	527
927	85.905	-23.227	2	22	1	12	1	2	4	8	16	32	64	128	256	512	1024	2048	148	297
928	-2.708	-79.042	19	23	1	12	1	2	4	8	16	32	64	128	256	512	1024	2048	224	326
929	9.248	65.849	10	4	1	12	1	2	4	8	16	32	64	128	256	512	1024	2048	357	467
930	57.981	72.247	4	11	1	12	1	2	4	8	16	32	64	128	256	512	1024	2048	249	341
931	-42.117	-59.073	13	1	1	12	1	2	4	8	16	32	64	128	256	512	1024	2048	216	337
932	-26.294	65.731	5	5	1	12	1	2	4	8	16	32	64	128	256	512	1024	2048	220	371
933	54.026	-83.962	23	19	1	12	1	2	4	8	16	32	64	128	256	512	1024	2048	382	492
934	-24.809	96.627	18	10	1	12	1	2	4	8	16	32	64	128	256	512	1024	2048	224	399
935	26.372	-95.002	14	19	1	12	1	2	4	8	16	32	64	128	256	512	1024	2048	344	434
936	-93.393	35.366	4	15	1	12	1	2	4	8	16	32	64	128	256	512	1024	2048	475	615
937	-54.393	96.067	17	21	1	12	1	2	4	8	16	32	64	128	256	512	1024	2048	224	397
938	96.901	-20.804	11	24	1	12	1	2	4	8	16	32	64	128	256	512	1024	2048	444	571
939	-51.036	-16.036	6	19	1	12	1	2	4	8	16	32	64	128	256	512	1024	2048	225	336
940	-76.031	34.128	11	19	1	12	1	2	4	8	16	32	64	128	256	512	1024	2048	226	360
941	79.717	-58.109	1	6	1	12	1	2	4	8	16	32	64	128	256	512	1024	2048	387	562
942	42.034	-22.569	15	19	1	12	1	2	4	8	16	32	64	128	256	512	1024	2048	314	452
943	77.054	55.934	4	25	1	12	1	2	4	8	16	32	64	128	256	512	1024	2048	370	533
944	-52.777	-24.119	23	4	1	12	1	2	4	8	16	32	64	128	256	512	1024	2048	196	304
945	-35.36	50.715	16	7	1	12	1	2	4	8	16	32	64	128	256	512	1024	2048	224	338
946	98.285	87.072	6	22	1	12	1	2	4	8	16	32	64	128	256	512	1024	2048	160	319
947	59.37	74.806	8	5	1	12	1	2	4	8	16	32	64	128	256	512	1024	2048	405	524
948	-64.331	23.472	6	21	1	12	1	2	4	8	16	32	64	128	256	512	1024	2048	376	495
949	73.276	-12.477	16	13	1	12	1	2	4	8	16	32	64	128	256	512	1024	2048	302	450
950	2.274	-96.067	2	19	1	12	1	2	4	8	16	32	64	128	256	512	1024	2048	365	524
951	6.738	-95.435	8	24	1	12	1	2	4	8	16	32	64	128	256	512	1024	2048	315	420
952	5.123	97.962	12	18	1	12	1	2	4	8	16	32	64	128	256	512	1024	2048	193	285
953	86.534	57.866	6	4	1	12	1	2	4	8	16	32	64	128	256	512	1024	2048	94	225
954	-49.122	-54.459	1	10	1	12	1	2	4	8	16	32	64	128	256	512	1024	2048	270	378
955	60.321	88.368	1	1	1	12	1	2	4	8	16	32	64	128	256	512	1024	2048	248	418
956	69.229	47.683	1	19	1	12	1	2	4	8	16	32	64	128	256	512	1024	2048	63	209
957	35.554	-23.515	17	12	1	12	1	2	4	8	16	32	64	128	256	512	1024	2048	224	369
958	-42.409	54.714	5	20	1	12	1	2	4	8	16	32	64	128	256	512	1024	2048	463	620
959	73.351	-34.81	12	3	1	12	1	2	4	8	16	32	64	128	256	512	1024	2048	296	472
960	-31.881	75.675	25	5	1	12	1	2	4	8	16	32	64	128	256	512	1024	2048	223	338
961	44.306	-25.952	0	0	0	0	0	1000
962	-32.403	14.042	0	0	0	0	0	1000
963	37.663	13.769	0	0	0	0	0	1000
964	-15.104	12.111	0	0	0	0	0	1000
965	32.413	24.218	0	0	0	0	0	1000
966	10.846	-42.185	0	0	0	0	0	1000
967	37.199	1.346	0	0	0	0	0	1000
968	-33.128	-14.172	0	0	0	0	0	1000
969	-8.716	-4.86	0	0	0	0	0	1000
970	-25.037	19.618	0	0	0	0	0	1000
971	23.605	39.795	0	0	0	0	0	1000
972	41.196	45.258	0	0	0	0	0	1000
